Linux 5.14.0-503.19.1.el9_5.x86_64 (localhost.localdomain) 	16/04/2025 	_x86_64_	(4 CPU)

13:53:21        CPU      %usr     %nice      %sys   %iowait    %steal      %irq     %soft    %guest    %gnice     %idle
13:53:22        all      0,00      0,00      0,00      0,00      0,00      0,00      0,00      0,00      0,00    100,00
13:53:22          0      0,00      0,00      0,00      0,00      0,00      0,00      0,00      0,00      0,00    100,00
13:53:22          1      0,00      0,00      0,00      0,00      0,00      0,00      0,00      0,00      0,00    100,00
13:53:22          2      0,00      0,00      0,00      0,00      0,00      0,00      0,00      0,00      0,00    100,00
13:53:22          3      0,00      0,00      0,00      0,00      0,00      0,00      0,00      0,00      0,00    100,00

13:53:22        CPU      %usr     %nice      %sys   %iowait    %steal      %irq     %soft    %guest    %gnice     %idle
13:53:23        all      0,00      0,00      0,25      0,25      0,00      0,00      0,00      0,00      0,00     99,50
13:53:23          0      0,00      0,00      1,00      0,00      0,00      0,00      0,00      0,00      0,00     99,00
13:53:23          1      0,00      0,00      0,00      1,00      0,00      0,00      0,00      0,00      0,00     99,00
13:53:23          2      0,00      0,00      0,00      0,00      0,00      0,00      0,00      0,00      0,00    100,00
13:53:23          3      0,00      0,00      0,00      0,00      0,00      0,00      0,00      0,00      0,00    100,00

13:53:23        CPU      %usr     %nice      %sys   %iowait    %steal      %irq     %soft    %guest    %gnice     %idle
13:53:24        all      0,00      0,00      0,00      0,00      0,00      0,00      0,00      0,00      0,00    100,00
13:53:24          0      0,00      0,00      0,00      0,00      0,00      0,00      0,00      0,00      0,00    100,00
13:53:24          1      0,00      0,00      0,00      0,00      0,00      0,00      0,00      0,00      0,00    100,00
13:53:24          2      0,00      0,00      0,00      0,00      0,00      0,00      0,00      0,00      0,00    100,00
13:53:24          3      0,00      0,00      0,00      0,00      0,00      0,00      0,00      0,00      0,00    100,00

13:53:24        CPU      %usr     %nice      %sys   %iowait    %steal      %irq     %soft    %guest    %gnice     %idle
13:53:25        all     10,66      0,00      4,31      0,25      0,00      0,76      2,03      0,00      0,00     81,98
13:53:25          0     10,20      0,00      4,08      0,00      0,00      3,06      8,16      0,00      0,00     74,49
13:53:25          1     11,11      0,00      5,05      0,00      0,00      0,00      0,00      0,00      0,00     83,84
13:53:25          2     10,31      0,00      3,09      0,00      0,00      0,00      0,00      0,00      0,00     86,60
13:53:25          3     11,00      0,00      5,00      1,00      0,00      0,00      0,00      0,00      0,00     83,00

13:53:25        CPU      %usr     %nice      %sys   %iowait    %steal      %irq     %soft    %guest    %gnice     %idle
13:53:26        all     12,37      0,00      5,30      0,00      0,00      1,01      2,02      0,00      0,00     79,29
13:53:26          0     11,34      0,00      6,19      0,00      0,00      3,09      8,25      0,00      0,00     71,13
13:53:26          1     13,86      0,00      4,95      0,00      0,00      0,00      0,00      0,00      0,00     81,19
13:53:26          2     11,88      0,00      5,94      0,00      0,00      0,99      0,00      0,00      0,00     81,19
13:53:26          3     12,37      0,00      4,12      0,00      0,00      0,00      0,00      0,00      0,00     83,51

13:53:26        CPU      %usr     %nice      %sys   %iowait    %steal      %irq     %soft    %guest    %gnice     %idle
13:53:27        all      4,76      0,00      1,50      0,25      0,00      0,25      1,25      0,00      0,00     91,98
13:53:27          0      5,05      0,00      1,01      0,00      0,00      1,01      4,04      0,00      0,00     88,89
13:53:27          1      4,95      0,00      1,98      0,99      0,00      0,00      0,00      0,00      0,00     92,08
13:53:27          2      4,00      0,00      2,00      0,00      0,00      0,00      1,00      0,00      0,00     93,00
13:53:27          3      5,05      0,00      1,01      0,00      0,00      0,00      0,00      0,00      0,00     93,94

13:53:27        CPU      %usr     %nice      %sys   %iowait    %steal      %irq     %soft    %guest    %gnice     %idle
13:53:28        all      0,50      0,00      0,00      0,00      0,00      0,00      0,00      0,00      0,00     99,50
13:53:28          0      0,99      0,00      0,00      0,00      0,00      0,00      0,00      0,00      0,00     99,01
13:53:28          1      0,00      0,00      0,00      0,00      0,00      0,00      0,00      0,00      0,00    100,00
13:53:28          2      0,99      0,00      0,00      0,00      0,00      0,00      0,00      0,00      0,00     99,01
13:53:28          3      0,00      0,00      0,00      0,00      0,00      0,00      0,00      0,00      0,00    100,00

13:53:28        CPU      %usr     %nice      %sys   %iowait    %steal      %irq     %soft    %guest    %gnice     %idle
13:53:29        all      0,00      0,00      0,00      0,00      0,00      0,00      0,00      0,00      0,00    100,00
13:53:29          0      0,00      0,00      0,00      0,00      0,00      0,00      0,00      0,00      0,00    100,00
13:53:29          1      0,00      0,00      0,00      0,00      0,00      0,00      0,00      0,00      0,00    100,00
13:53:29          2      0,00      0,00      0,00      0,00      0,00      0,00      0,00      0,00      0,00    100,00
13:53:29          3      0,00      0,00      0,00      0,00      0,00      0,00      0,00      0,00      0,00    100,00

13:53:29        CPU      %usr     %nice      %sys   %iowait    %steal      %irq     %soft    %guest    %gnice     %idle
13:53:30        all     11,25      0,00      4,50      0,00      0,00      0,75      2,00      0,00      0,00     81,50
13:53:30          0     12,00      0,00      5,00      0,00      0,00      3,00      8,00      0,00      0,00     72,00
13:53:30          1     10,10      0,00      4,04      0,00      0,00      0,00      0,00      0,00      0,00     85,86
13:53:30          2     11,76      0,00      4,90      0,00      0,00      0,00      0,00      0,00      0,00     83,33
13:53:30          3     11,11      0,00      4,04      0,00      0,00      0,00      0,00      0,00      0,00     84,85

13:53:30        CPU      %usr     %nice      %sys   %iowait    %steal      %irq     %soft    %guest    %gnice     %idle
13:53:31        all     11,20      0,00      4,83      0,00      0,00      0,76      2,29      0,00      0,00     80,92
13:53:31          0     10,42      0,00      5,21      0,00      0,00      3,12      9,38      0,00      0,00     71,88
13:53:31          1     11,11      0,00      5,05      0,00      0,00      0,00      0,00      0,00      0,00     83,84
13:53:31          2     12,12      0,00      4,04      0,00      0,00      0,00      0,00      0,00      0,00     83,84
13:53:31          3     11,11      0,00      5,05      0,00      0,00      0,00      0,00      0,00      0,00     83,84

13:53:31        CPU      %usr     %nice      %sys   %iowait    %steal      %irq     %soft    %guest    %gnice     %idle
13:53:32        all      6,25      0,00      2,50      0,00      0,00      0,50      1,00      0,00      0,00     89,75
13:53:32          0      7,00      0,00      3,00      0,00      0,00      1,00      4,00      0,00      0,00     85,00
13:53:32          1      5,10      0,00      2,04      0,00      0,00      0,00      0,00      0,00      0,00     92,86
13:53:32          2      6,00      0,00      2,00      0,00      0,00      0,00      0,00      0,00      0,00     92,00
13:53:32          3      6,86      0,00      2,94      0,00      0,00      0,98      0,00      0,00      0,00     89,22

13:53:32        CPU      %usr     %nice      %sys   %iowait    %steal      %irq     %soft    %guest    %gnice     %idle
13:53:33        all      0,25      0,00      0,00      0,00      0,00      0,25      0,00      0,00      0,00     99,50
13:53:33          0      0,00      0,00      0,00      0,00      0,00      0,00      0,00      0,00      0,00    100,00
13:53:33          1      0,98      0,00      0,00      0,00      0,00      0,98      0,00      0,00      0,00     98,04
13:53:33          2      0,00      0,00      0,00      0,00      0,00      0,00      0,00      0,00      0,00    100,00
13:53:33          3      0,00      0,00      0,00      0,00      0,00      0,00      0,00      0,00      0,00    100,00

13:53:33        CPU      %usr     %nice      %sys   %iowait    %steal      %irq     %soft    %guest    %gnice     %idle
13:53:34        all      0,25      0,00      0,00      0,00      0,00      0,00      0,00      0,00      0,00     99,75
13:53:34          0      0,00      0,00      0,00      0,00      0,00      0,00      0,00      0,00      0,00    100,00
13:53:34          1      0,00      0,00      0,00      0,00      0,00      0,00      0,00      0,00      0,00    100,00
13:53:34          2      1,00      0,00      0,00      0,00      0,00      0,00      0,00      0,00      0,00     99,00
13:53:34          3      0,00      0,00      0,00      0,00      0,00      0,00      0,00      0,00      0,00    100,00

13:53:34        CPU      %usr     %nice      %sys   %iowait    %steal      %irq     %soft    %guest    %gnice     %idle
13:53:35        all      0,00      0,00      0,75      0,25      0,00      0,50      1,00      0,00      0,00     97,51
13:53:35          0      0,00      0,00      0,00      0,00      0,00      2,00      4,00      0,00      0,00     94,00
13:53:35          1      0,00      0,00      0,99      0,99      0,00      0,00      0,00      0,00      0,00     98,02
13:53:35          2      0,00      0,00      0,99      0,00      0,00      0,00      0,00      0,00      0,00     99,01
13:53:35          3      0,00      0,00      1,00      0,00      0,00      0,00      0,00      0,00      0,00     99,00

13:53:35        CPU      %usr     %nice      %sys   %iowait    %steal      %irq     %soft    %guest    %gnice     %idle
13:53:36        all      0,25      0,00      0,00      0,00      0,00      0,75      1,75      0,00      0,00     97,25
13:53:36          0      1,00      0,00      0,00      0,00      0,00      3,00      6,00      0,00      0,00     90,00
13:53:36          1      0,00      0,00      0,00      0,00      0,00      0,00      0,99      0,00      0,00     99,01
13:53:36          2      0,00      0,00      0,00      0,00      0,00      0,00      0,00      0,00      0,00    100,00
13:53:36          3      0,00      0,00      0,00      0,00      0,00      0,00      0,00      0,00      0,00    100,00

13:53:36        CPU      %usr     %nice      %sys   %iowait    %steal      %irq     %soft    %guest    %gnice     %idle
13:53:37        all      0,50      0,00      0,00      0,00      0,00      0,25      1,00      0,00      0,00     98,25
13:53:37          0      0,00      0,00      0,00      0,00      0,00      1,01      4,04      0,00      0,00     94,95
13:53:37          1      1,00      0,00      0,00      0,00      0,00      0,00      0,00      0,00      0,00     99,00
13:53:37          2      0,99      0,00      0,00      0,00      0,00      0,00      0,00      0,00      0,00     99,01
13:53:37          3      0,00      0,00      0,00      0,00      0,00      0,00      0,00      0,00      0,00    100,00

13:53:37        CPU      %usr     %nice      %sys   %iowait    %steal      %irq     %soft    %guest    %gnice     %idle
13:53:38        all      0,25      0,00      0,25      0,00      0,00      0,25      0,25      0,00      0,00     99,01
13:53:38          0      0,00      0,00      0,98      0,00      0,00      0,98      0,00      0,00      0,00     98,04
13:53:38          1      0,00      0,00      0,00      0,00      0,00      0,00      0,00      0,00      0,00    100,00
13:53:38          2      0,00      0,00      0,00      0,00      0,00      0,00      0,00      0,00      0,00    100,00
13:53:38          3      0,99      0,00      0,00      0,00      0,00      0,00      0,99      0,00      0,00     98,02

13:53:38        CPU      %usr     %nice      %sys   %iowait    %steal      %irq     %soft    %guest    %gnice     %idle
13:53:39        all      0,25      0,00      2,01      0,25      0,00      0,00      0,00      0,00      0,00     97,49
13:53:39          0      0,00      0,00      8,16      0,00      0,00      0,00      0,00      0,00      0,00     91,84
13:53:39          1      0,99      0,00      0,00      0,99      0,00      0,00      0,00      0,00      0,00     98,02
13:53:39          2      0,00      0,00      0,00      0,00      0,00      0,00      0,00      0,00      0,00    100,00
13:53:39          3      0,00      0,00      0,00      0,00      0,00      0,00      0,00      0,00      0,00    100,00

13:53:39        CPU      %usr     %nice      %sys   %iowait    %steal      %irq     %soft    %guest    %gnice     %idle
13:53:40        all      5,78      0,00      2,26      0,00      0,00      0,50      1,26      0,00      0,00     90,20
13:53:40          0      5,94      0,00      2,97      0,00      0,00      1,98      4,95      0,00      0,00     84,16
13:53:40          1      4,12      0,00      2,06      0,00      0,00      0,00      0,00      0,00      0,00     93,81
13:53:40          2      6,93      0,00      1,98      0,00      0,00      0,00      0,00      0,00      0,00     91,09
13:53:40          3      6,06      0,00      2,02      0,00      0,00      0,00      0,00      0,00      0,00     91,92

13:53:40        CPU      %usr     %nice      %sys   %iowait    %steal      %irq     %soft    %guest    %gnice     %idle
13:53:41        all     12,21      0,00      5,09      0,00      0,00      0,76      2,54      0,00      0,00     79,39
13:53:41          0     12,24      0,00      7,14      0,00      0,00      3,06     10,20      0,00      0,00     67,35
13:53:41          1     12,24      0,00      4,08      0,00      0,00      0,00      0,00      0,00      0,00     83,67
13:53:41          2     11,11      0,00      6,06      0,00      0,00      0,00      0,00      0,00      0,00     82,83
13:53:41          3     13,27      0,00      3,06      0,00      0,00      0,00      0,00      0,00      0,00     83,67

13:53:41        CPU      %usr     %nice      %sys   %iowait    %steal      %irq     %soft    %guest    %gnice     %idle
13:53:42        all     11,56      0,00      4,77      0,00      0,00      1,01      2,01      0,00      0,00     80,65
13:53:42          0     13,00      0,00      5,00      0,00      0,00      3,00      8,00      0,00      0,00     71,00
13:53:42          1     10,31      0,00      4,12      0,00      0,00      0,00      0,00      0,00      0,00     85,57
13:53:42          2     11,00      0,00      4,00      0,00      0,00      1,00      0,00      0,00      0,00     84,00
13:53:42          3     11,88      0,00      5,94      0,00      0,00      0,00      0,00      0,00      0,00     82,18

13:53:42        CPU      %usr     %nice      %sys   %iowait    %steal      %irq     %soft    %guest    %gnice     %idle
13:53:43        all      0,25      0,00      0,25      0,00      0,00      0,00      0,00      0,00      0,00     99,50
13:53:43          0      0,99      0,00      0,99      0,00      0,00      0,00      0,00      0,00      0,00     98,02
13:53:43          1      0,00      0,00      0,00      0,00      0,00      0,00      0,00      0,00      0,00    100,00
13:53:43          2      0,00      0,00      0,00      0,00      0,00      0,00      0,00      0,00      0,00    100,00
13:53:43          3      0,00      0,00      0,00      0,00      0,00      0,00      0,00      0,00      0,00    100,00

13:53:43        CPU      %usr     %nice      %sys   %iowait    %steal      %irq     %soft    %guest    %gnice     %idle
13:53:44        all      0,50      0,00      0,00      0,25      0,00      0,00      0,00      0,00      0,00     99,25
13:53:44          0      0,00      0,00      0,00      1,00      0,00      0,00      0,00      0,00      0,00     99,00
13:53:44          1      0,99      0,00      0,00      0,00      0,00      0,00      0,00      0,00      0,00     99,01
13:53:44          2      0,99      0,00      0,00      0,00      0,00      0,00      0,00      0,00      0,00     99,01
13:53:44          3      0,00      0,00      0,00      0,00      0,00      0,00      0,00      0,00      0,00    100,00

13:53:44        CPU      %usr     %nice      %sys   %iowait    %steal      %irq     %soft    %guest    %gnice     %idle
13:53:45        all      2,78      0,00      1,52      0,00      0,00      0,51      1,01      0,00      0,00     94,18
13:53:45          0      3,00      0,00      2,00      0,00      0,00      1,00      4,00      0,00      0,00     90,00
13:53:45          1      3,09      0,00      0,00      0,00      0,00      0,00      0,00      0,00      0,00     96,91
13:53:45          2      2,04      0,00      2,04      0,00      0,00      0,00      0,00      0,00      0,00     95,92
13:53:45          3      3,00      0,00      2,00      0,00      0,00      1,00      0,00      0,00      0,00     94,00

13:53:45        CPU      %usr     %nice      %sys   %iowait    %steal      %irq     %soft    %guest    %gnice     %idle
13:53:46        all      3,79      0,00      1,52      0,51      0,00      0,76      1,52      0,00      0,00     91,92
13:53:46          0      4,04      0,00      1,01      0,00      0,00      3,03      6,06      0,00      0,00     85,86
13:53:46          1      3,96      0,00      2,97      1,98      0,00      0,00      0,00      0,00      0,00     91,09
13:53:46          2      4,04      0,00      1,01      0,00      0,00      0,00      0,00      0,00      0,00     94,95
13:53:46          3      3,09      0,00      1,03      0,00      0,00      0,00      0,00      0,00      0,00     95,88

13:53:46        CPU      %usr     %nice      %sys   %iowait    %steal      %irq     %soft    %guest    %gnice     %idle
13:53:47        all      0,75      0,00      0,50      0,00      0,00      1,00      1,49      0,00      0,00     96,27
13:53:47          0      0,00      0,00      1,00      0,00      0,00      3,00      6,00      0,00      0,00     90,00
13:53:47          1      0,99      0,00      0,00      0,00      0,00      0,99      0,00      0,00      0,00     98,02
13:53:47          2      1,00      0,00      0,00      0,00      0,00      0,00      0,00      0,00      0,00     99,00
13:53:47          3      0,99      0,00      0,99      0,00      0,00      0,00      0,00      0,00      0,00     98,02

13:53:47        CPU      %usr     %nice      %sys   %iowait    %steal      %irq     %soft    %guest    %gnice     %idle
13:53:48        all      0,50      0,00      0,00      0,25      0,00      0,00      0,25      0,00      0,00     99,00
13:53:48          0      0,99      0,00      0,00      0,00      0,00      0,00      0,99      0,00      0,00     98,02
13:53:48          1      0,00      0,00      0,00      1,00      0,00      0,00      0,00      0,00      0,00     99,00
13:53:48          2      0,00      0,00      0,00      0,00      0,00      0,00      0,00      0,00      0,00    100,00
13:53:48          3      0,99      0,00      0,00      0,00      0,00      0,00      0,00      0,00      0,00     99,01

13:53:48        CPU      %usr     %nice      %sys   %iowait    %steal      %irq     %soft    %guest    %gnice     %idle
13:53:49        all      0,00      0,00      0,50      0,00      0,00      0,00      0,00      0,00      0,00     99,50
13:53:49          0      0,00      0,00      0,00      0,00      0,00      0,00      0,00      0,00      0,00    100,00
13:53:49          1      0,00      0,00      0,99      0,00      0,00      0,00      0,00      0,00      0,00     99,01
13:53:49          2      0,00      0,00      1,00      0,00      0,00      0,00      0,00      0,00      0,00     99,00
13:53:49          3      0,00      0,00      0,00      0,00      0,00      0,00      0,00      0,00      0,00    100,00

13:53:49        CPU      %usr     %nice      %sys   %iowait    %steal      %irq     %soft    %guest    %gnice     %idle
13:53:50        all      1,51      0,00      0,25      0,00      0,00      0,25      0,50      0,00      0,00     97,49
13:53:50          0      1,00      0,00      1,00      0,00      0,00      1,00      2,00      0,00      0,00     95,00
13:53:50          1      2,02      0,00      0,00      0,00      0,00      0,00      0,00      0,00      0,00     97,98
13:53:50          2      2,00      0,00      0,00      0,00      0,00      0,00      0,00      0,00      0,00     98,00
13:53:50          3      1,01      0,00      0,00      0,00      0,00      0,00      0,00      0,00      0,00     98,99

13:53:50        CPU      %usr     %nice      %sys   %iowait    %steal      %irq     %soft    %guest    %gnice     %idle
13:53:51        all      6,85      0,00      2,54      0,00      0,00      0,76      1,78      0,00      0,00     88,07
13:53:51          0      8,00      0,00      3,00      0,00      0,00      3,00      7,00      0,00      0,00     79,00
13:53:51          1      6,12      0,00      2,04      0,00      0,00      0,00      0,00      0,00      0,00     91,84
13:53:51          2      6,12      0,00      3,06      0,00      0,00      0,00      0,00      0,00      0,00     90,82
13:53:51          3      7,14      0,00      2,04      0,00      0,00      0,00      0,00      0,00      0,00     90,82

13:53:51        CPU      %usr     %nice      %sys   %iowait    %steal      %irq     %soft    %guest    %gnice     %idle
13:53:52        all      9,45      0,00      3,48      0,00      0,00      0,50      1,49      0,00      0,00     85,07
13:53:52          0      8,00      0,00      5,00      0,00      0,00      2,00      6,00      0,00      0,00     79,00
13:53:52          1     10,00      0,00      3,00      0,00      0,00      0,00      0,00      0,00      0,00     87,00
13:53:52          2      9,90      0,00      2,97      0,00      0,00      0,00      0,00      0,00      0,00     87,13
13:53:52          3      9,90      0,00      2,97      0,00      0,00      0,00      0,00      0,00      0,00     87,13

13:53:52        CPU      %usr     %nice      %sys   %iowait    %steal      %irq     %soft    %guest    %gnice     %idle
13:53:53        all      8,56      0,00      3,78      0,00      0,00      0,50      1,51      0,00      0,00     85,64
13:53:53          0      7,07      0,00      5,05      0,00      0,00      2,02      6,06      0,00      0,00     79,80
13:53:53          1      9,90      0,00      3,96      0,00      0,00      0,00      0,00      0,00      0,00     86,14
13:53:53          2      8,16      0,00      3,06      0,00      0,00      0,00      0,00      0,00      0,00     88,78
13:53:53          3      9,09      0,00      3,03      0,00      0,00      0,00      0,00      0,00      0,00     87,88

13:53:53        CPU      %usr     %nice      %sys   %iowait    %steal      %irq     %soft    %guest    %gnice     %idle
13:53:54        all      0,25      0,00      0,00      0,25      0,00      0,00      0,00      0,00      0,00     99,50
13:53:54          0      0,00      0,00      0,00      0,00      0,00      0,00      0,00      0,00      0,00    100,00
13:53:54          1      0,99      0,00      0,00      0,99      0,00      0,00      0,00      0,00      0,00     98,02
13:53:54          2      0,00      0,00      0,00      0,00      0,00      0,00      0,00      0,00      0,00    100,00
13:53:54          3      0,00      0,00      0,00      0,00      0,00      0,00      0,00      0,00      0,00    100,00

13:53:54        CPU      %usr     %nice      %sys   %iowait    %steal      %irq     %soft    %guest    %gnice     %idle
13:53:55        all      3,77      0,00      1,51      0,25      0,00      0,25      0,75      0,00      0,00     93,47
13:53:55          0      4,04      0,00      1,01      0,00      0,00      1,01      3,03      0,00      0,00     90,91
13:53:55          1      3,06      0,00      1,02      0,00      0,00      0,00      0,00      0,00      0,00     95,92
13:53:55          2      3,00      0,00      2,00      1,00      0,00      0,00      0,00      0,00      0,00     94,00
13:53:55          3      4,95      0,00      1,98      0,00      0,00      0,00      0,00      0,00      0,00     93,07

13:53:55        CPU      %usr     %nice      %sys   %iowait    %steal      %irq     %soft    %guest    %gnice     %idle
13:53:56        all      4,26      0,00      2,26      0,75      0,00      0,50      1,50      0,00      0,00     90,73
13:53:56          0      3,96      0,00      1,98      2,97      0,00      1,98      5,94      0,00      0,00     83,17
13:53:56          1      5,00      0,00      2,00      0,00      0,00      0,00      0,00      0,00      0,00     93,00
13:53:56          2      4,08      0,00      2,04      0,00      0,00      0,00      0,00      0,00      0,00     93,88
13:53:56          3      4,00      0,00      3,00      0,00      0,00      0,00      0,00      0,00      0,00     93,00

13:53:56        CPU      %usr     %nice      %sys   %iowait    %steal      %irq     %soft    %guest    %gnice     %idle
13:53:57        all      1,00      0,00      0,75      0,00      0,00      0,50      0,75      0,00      0,00     97,01
13:53:57          0      1,00      0,00      1,00      0,00      0,00      2,00      3,00      0,00      0,00     93,00
13:53:57          1      0,99      0,00      0,99      0,00      0,00      0,00      0,00      0,00      0,00     98,02
13:53:57          2      0,99      0,00      0,99      0,00      0,00      0,00      0,00      0,00      0,00     98,02
13:53:57          3      1,00      0,00      0,00      0,00      0,00      0,00      0,00      0,00      0,00     99,00

13:53:57        CPU      %usr     %nice      %sys   %iowait    %steal      %irq     %soft    %guest    %gnice     %idle
13:53:58        all      0,00      0,00      0,00      0,25      0,00      0,75      1,25      0,00      0,00     97,75
13:53:58          0      0,00      0,00      0,00      0,00      0,00      2,00      5,00      0,00      0,00     93,00
13:53:58          1      0,00      0,00      0,00      1,00      0,00      0,00      0,00      0,00      0,00     99,00
13:53:58          2      0,00      0,00      0,00      0,00      0,00      0,99      0,00      0,00      0,00     99,01
13:53:58          3      0,00      0,00      0,00      0,00      0,00      0,00      0,00      0,00      0,00    100,00

13:53:58        CPU      %usr     %nice      %sys   %iowait    %steal      %irq     %soft    %guest    %gnice     %idle
13:53:59        all      0,00      0,00      0,25      0,00      0,00      0,00      0,00      0,00      0,00     99,75
13:53:59          0      0,00      0,00      0,00      0,00      0,00      0,00      0,00      0,00      0,00    100,00
13:53:59          1      0,00      0,00      0,00      0,00      0,00      0,00      0,00      0,00      0,00    100,00
13:53:59          2      0,00      0,00      0,00      0,00      0,00      0,00      0,00      0,00      0,00    100,00
13:53:59          3      0,00      0,00      0,99      0,00      0,00      0,00      0,00      0,00      0,00     99,01

13:53:59        CPU      %usr     %nice      %sys   %iowait    %steal      %irq     %soft    %guest    %gnice     %idle
13:54:00        all      2,49      0,00      1,24      0,00      0,00      0,25      0,50      0,00      0,00     95,52
13:54:00          0      2,97      0,00      0,99      0,00      0,00      0,99      1,98      0,00      0,00     93,07
13:54:00          1      2,00      0,00      2,00      0,00      0,00      0,00      0,00      0,00      0,00     96,00
13:54:00          2      2,97      0,00      0,99      0,00      0,00      0,00      0,00      0,00      0,00     96,04
13:54:00          3      2,00      0,00      1,00      0,00      0,00      0,00      0,00      0,00      0,00     97,00

13:54:00        CPU      %usr     %nice      %sys   %iowait    %steal      %irq     %soft    %guest    %gnice     %idle
13:54:01        all      6,87      0,00      2,29      0,00      0,00      1,02      1,78      0,00      0,00     88,04
13:54:01          0      6,12      0,00      3,06      0,00      0,00      3,06      7,14      0,00      0,00     80,61
13:54:01          1      7,14      0,00      2,04      0,00      0,00      0,00      0,00      0,00      0,00     90,82
13:54:01          2      7,14      0,00      2,04      0,00      0,00      0,00      0,00      0,00      0,00     90,82
13:54:01          3      7,07      0,00      2,02      0,00      0,00      1,01      0,00      0,00      0,00     89,90

13:54:01        CPU      %usr     %nice      %sys   %iowait    %steal      %irq     %soft    %guest    %gnice     %idle
13:54:02        all      7,79      0,00      5,03      0,00      0,00      0,75      1,51      0,00      0,00     84,92
13:54:02          0      7,07      0,00     12,12      0,00      0,00      2,02      6,06      0,00      0,00     72,73
13:54:02          1      8,82      0,00      2,94      0,00      0,00      0,98      0,00      0,00      0,00     87,25
13:54:02          2      8,00      0,00      3,00      0,00      0,00      0,00      0,00      0,00      0,00     89,00
13:54:02          3      7,22      0,00      2,06      0,00      0,00      0,00      0,00      0,00      0,00     90,72

13:54:02        CPU      %usr     %nice      %sys   %iowait    %steal      %irq     %soft    %guest    %gnice     %idle
13:54:03        all     11,14      0,00      3,80      0,00      0,00      0,76      2,28      0,00      0,00     82,03
13:54:03          0     12,24      0,00      4,08      0,00      0,00      3,06      7,14      0,00      0,00     73,47
13:54:03          1     10,10      0,00      4,04      0,00      0,00      0,00      1,01      0,00      0,00     84,85
13:54:03          2     11,11      0,00      3,03      0,00      0,00      0,00      1,01      0,00      0,00     84,85
13:54:03          3     11,11      0,00      4,04      0,00      0,00      0,00      0,00      0,00      0,00     84,85

13:54:03        CPU      %usr     %nice      %sys   %iowait    %steal      %irq     %soft    %guest    %gnice     %idle
13:54:04        all      0,50      0,00      0,25      0,00      0,00      0,00      0,00      0,00      0,00     99,25
13:54:04          0      0,00      0,00      0,00      0,00      0,00      0,00      0,00      0,00      0,00    100,00
13:54:04          1      1,00      0,00      0,00      0,00      0,00      0,00      0,00      0,00      0,00     99,00
13:54:04          2      0,99      0,00      0,00      0,00      0,00      0,00      0,00      0,00      0,00     99,01
13:54:04          3      0,00      0,00      0,99      0,00      0,00      0,00      0,00      0,00      0,00     99,01

13:54:04        CPU      %usr     %nice      %sys   %iowait    %steal      %irq     %soft    %guest    %gnice     %idle
13:54:05        all      3,75      0,00      1,50      0,00      0,00      0,25      0,75      0,00      0,00     93,75
13:54:05          0      3,96      0,00      1,98      0,00      0,00      0,99      2,97      0,00      0,00     90,10
13:54:05          1      4,00      0,00      1,00      0,00      0,00      0,00      0,00      0,00      0,00     95,00
13:54:05          2      3,96      0,00      1,98      0,00      0,00      0,00      0,00      0,00      0,00     94,06
13:54:05          3      3,06      0,00      1,02      0,00      0,00      0,00      0,00      0,00      0,00     95,92

13:54:05        CPU      %usr     %nice      %sys   %iowait    %steal      %irq     %soft    %guest    %gnice     %idle
13:54:06        all      4,30      0,00      1,52      0,25      0,00      0,51      1,52      0,00      0,00     91,90
13:54:06          0      4,08      0,00      1,02      0,00      0,00      2,04      6,12      0,00      0,00     86,73
13:54:06          1      5,00      0,00      1,00      1,00      0,00      0,00      0,00      0,00      0,00     93,00
13:54:06          2      4,08      0,00      2,04      0,00      0,00      0,00      0,00      0,00      0,00     93,88
13:54:06          3      4,04      0,00      2,02      0,00      0,00      0,00      0,00      0,00      0,00     93,94

13:54:06        CPU      %usr     %nice      %sys   %iowait    %steal      %irq     %soft    %guest    %gnice     %idle
13:54:07        all      1,50      0,00      0,50      0,00      0,00      0,50      1,00      0,00      0,00     96,50
13:54:07          0      1,98      0,00      0,99      0,00      0,00      1,98      3,96      0,00      0,00     91,09
13:54:07          1      1,01      0,00      0,00      0,00      0,00      0,00      0,00      0,00      0,00     98,99
13:54:07          2      2,00      0,00      0,00      0,00      0,00      0,00      0,00      0,00      0,00     98,00
13:54:07          3      1,00      0,00      1,00      0,00      0,00      0,00      0,00      0,00      0,00     98,00

13:54:07        CPU      %usr     %nice      %sys   %iowait    %steal      %irq     %soft    %guest    %gnice     %idle
13:54:08        all      0,25      0,00      0,25      0,00      0,00      1,00      1,25      0,00      0,00     97,26
13:54:08          0      0,00      0,00      0,00      0,00      0,00      3,00      5,00      0,00      0,00     92,00
13:54:08          1      0,00      0,00      1,00      0,00      0,00      0,00      0,00      0,00      0,00     99,00
13:54:08          2      0,00      0,00      0,00      0,00      0,00      1,00      0,00      0,00      0,00     99,00
13:54:08          3      0,99      0,00      0,00      0,00      0,00      0,00      0,00      0,00      0,00     99,01

13:54:08        CPU      %usr     %nice      %sys   %iowait    %steal      %irq     %soft    %guest    %gnice     %idle
13:54:09        all      0,76      0,00      0,25      0,00      0,00      0,00      0,00      0,00      0,00     98,98
13:54:09          0      1,03      0,00      0,00      0,00      0,00      0,00      0,00      0,00      0,00     98,97
13:54:09          1      1,01      0,00      0,00      0,00      0,00      0,00      0,00      0,00      0,00     98,99
13:54:09          2      1,00      0,00      1,00      0,00      0,00      0,00      0,00      0,00      0,00     98,00
13:54:09          3      0,00      0,00      0,00      0,00      0,00      0,00      0,00      0,00      0,00    100,00

13:54:09        CPU      %usr     %nice      %sys   %iowait    %steal      %irq     %soft    %guest    %gnice     %idle
13:54:10        all      4,74      0,00      1,25      0,25      0,00      0,25      1,00      0,00      0,00     92,52
13:54:10          0      4,95      0,00      1,98      0,00      0,00      0,99      2,97      0,00      0,00     89,11
13:54:10          1      4,95      0,00      0,99      0,99      0,00      0,00      0,00      0,00      0,00     93,07
13:54:10          2      5,05      0,00      1,01      0,00      0,00      0,00      0,00      0,00      0,00     93,94
13:54:10          3      4,00      0,00      1,00      0,00      0,00      0,00      1,00      0,00      0,00     94,00

13:54:10        CPU      %usr     %nice      %sys   %iowait    %steal      %irq     %soft    %guest    %gnice     %idle
13:54:11        all      3,77      0,00      1,76      0,00      0,00      0,25      0,75      0,00      0,00     93,47
13:54:11          0      2,04      0,00      2,04      0,00      0,00      1,02      3,06      0,00      0,00     91,84
13:54:11          1      4,00      0,00      2,00      0,00      0,00      0,00      0,00      0,00      0,00     94,00
13:54:11          2      4,00      0,00      2,00      0,00      0,00      0,00      0,00      0,00      0,00     94,00
13:54:11          3      5,00      0,00      1,00      0,00      0,00      0,00      0,00      0,00      0,00     94,00

13:54:11        CPU      %usr     %nice      %sys   %iowait    %steal      %irq     %soft    %guest    %gnice     %idle
13:54:12        all     15,05      0,00      5,36      0,00      0,00      1,28      2,30      0,00      0,00     76,02
13:54:12          0     14,00      0,00      8,00      0,00      0,00      4,00      9,00      0,00      0,00     65,00
13:54:12          1     15,46      0,00      4,12      0,00      0,00      0,00      0,00      0,00      0,00     80,41
13:54:12          2     15,46      0,00      4,12      0,00      0,00      0,00      0,00      0,00      0,00     80,41
13:54:12          3     15,31      0,00      5,10      0,00      0,00      1,02      0,00      0,00      0,00     78,57

13:54:12        CPU      %usr     %nice      %sys   %iowait    %steal      %irq     %soft    %guest    %gnice     %idle
13:54:13        all     15,96      0,00      6,48      0,00      0,00      1,00      2,74      0,00      0,00     73,82
13:54:13          0     15,15      0,00      7,07      0,00      0,00      3,03     11,11      0,00      0,00     63,64
13:54:13          1     16,67      0,00      5,88      0,00      0,00      0,98      0,00      0,00      0,00     76,47
13:54:13          2     16,00      0,00      7,00      0,00      0,00      0,00      0,00      0,00      0,00     77,00
13:54:13          3     16,00      0,00      6,00      0,00      0,00      0,00      0,00      0,00      0,00     78,00

13:54:13        CPU      %usr     %nice      %sys   %iowait    %steal      %irq     %soft    %guest    %gnice     %idle
13:54:14        all      2,00      0,00      1,00      0,00      0,00      0,25      0,25      0,00      0,00     96,50
13:54:14          0      1,01      0,00      1,01      0,00      0,00      1,01      1,01      0,00      0,00     95,96
13:54:14          1      2,00      0,00      1,00      0,00      0,00      0,00      0,00      0,00      0,00     97,00
13:54:14          2      2,97      0,00      0,99      0,00      0,00      0,00      0,00      0,00      0,00     96,04
13:54:14          3      2,00      0,00      1,00      0,00      0,00      0,00      0,00      0,00      0,00     97,00

13:54:14        CPU      %usr     %nice      %sys   %iowait    %steal      %irq     %soft    %guest    %gnice     %idle
13:54:15        all      5,05      0,00      1,77      0,00      0,00      0,25      0,76      0,00      0,00     92,17
13:54:15          0      5,00      0,00      3,00      0,00      0,00      1,00      3,00      0,00      0,00     88,00
13:54:15          1      5,05      0,00      2,02      0,00      0,00      0,00      0,00      0,00      0,00     92,93
13:54:15          2      4,08      0,00      1,02      0,00      0,00      0,00      0,00      0,00      0,00     94,90
13:54:15          3      6,06      0,00      1,01      0,00      0,00      0,00      0,00      0,00      0,00     92,93

13:54:15        CPU      %usr     %nice      %sys   %iowait    %steal      %irq     %soft    %guest    %gnice     %idle
13:54:16        all      4,29      0,00      1,77      0,00      0,00      0,25      0,76      0,00      0,00     92,93
13:54:16          0      5,00      0,00      2,00      0,00      0,00      1,00      3,00      0,00      0,00     89,00
13:54:16          1      4,08      0,00      1,02      0,00      0,00      0,00      0,00      0,00      0,00     94,90
13:54:16          2      5,00      0,00      2,00      0,00      0,00      0,00      0,00      0,00      0,00     93,00
13:54:16          3      3,06      0,00      2,04      0,00      0,00      0,00      0,00      0,00      0,00     94,90

13:54:16        CPU      %usr     %nice      %sys   %iowait    %steal      %irq     %soft    %guest    %gnice     %idle
13:54:17        all     10,20      0,00      3,98      0,50      0,00      1,00      1,74      0,00      0,00     82,59
13:54:17          0     10,00      0,00      4,00      0,00      0,00      3,00      7,00      0,00      0,00     76,00
13:54:17          1     10,10      0,00      3,03      1,01      0,00      0,00      0,00      0,00      0,00     85,86
13:54:17          2     10,78      0,00      3,92      0,98      0,00      0,98      0,00      0,00      0,00     83,33
13:54:17          3      9,90      0,00      4,95      0,00      0,00      0,00      0,00      0,00      0,00     85,15

13:54:17        CPU      %usr     %nice      %sys   %iowait    %steal      %irq     %soft    %guest    %gnice     %idle
13:54:18        all     13,72      0,00      5,74      0,25      0,00      0,75      2,24      0,00      0,00     77,31
13:54:18          0     13,00      0,00      8,00      0,00      0,00      3,00      9,00      0,00      0,00     67,00
13:54:18          1     14,85      0,00      3,96      0,99      0,00      0,00      0,00      0,00      0,00     80,20
13:54:18          2     12,12      0,00      6,06      0,00      0,00      0,00      0,00      0,00      0,00     81,82
13:54:18          3     14,85      0,00      4,95      0,00      0,00      0,00      0,00      0,00      0,00     80,20

13:54:18        CPU      %usr     %nice      %sys   %iowait    %steal      %irq     %soft    %guest    %gnice     %idle
13:54:19        all      4,23      0,00      1,24      0,00      0,00      0,25      0,75      0,00      0,00     93,53
13:54:19          0      4,90      0,00      1,96      0,00      0,00      0,98      2,94      0,00      0,00     89,22
13:54:19          1      3,96      0,00      1,98      0,00      0,00      0,00      0,00      0,00      0,00     94,06
13:54:19          2      4,04      0,00      0,00      0,00      0,00      0,00      0,00      0,00      0,00     95,96
13:54:19          3      4,00      0,00      1,00      0,00      0,00      0,00      0,00      0,00      0,00     95,00

13:54:19        CPU      %usr     %nice      %sys   %iowait    %steal      %irq     %soft    %guest    %gnice     %idle
13:54:20        all      3,26      0,00      1,00      0,00      0,00      0,50      0,50      0,00      0,00     94,74
13:54:20          0      3,03      0,00      1,01      0,00      0,00      1,01      2,02      0,00      0,00     92,93
13:54:20          1      2,06      0,00      0,00      0,00      0,00      0,00      0,00      0,00      0,00     97,94
13:54:20          2      3,96      0,00      1,98      0,00      0,00      0,00      0,00      0,00      0,00     94,06
13:54:20          3      3,92      0,00      0,98      0,00      0,00      0,98      0,00      0,00      0,00     94,12

13:54:20        CPU      %usr     %nice      %sys   %iowait    %steal      %irq     %soft    %guest    %gnice     %idle
13:54:21        all      2,76      0,00      1,01      0,00      0,00      0,50      0,75      0,00      0,00     94,97
13:54:21          0      2,00      0,00      1,00      0,00      0,00      1,00      3,00      0,00      0,00     93,00
13:54:21          1      3,00      0,00      1,00      0,00      0,00      1,00      0,00      0,00      0,00     95,00
13:54:21          2      4,04      0,00      0,00      0,00      0,00      0,00      0,00      0,00      0,00     95,96
13:54:21          3      2,02      0,00      2,02      0,00      0,00      0,00      0,00      0,00      0,00     95,96

Média:         CPU      %usr     %nice      %sys   %iowait    %steal      %irq     %soft    %guest    %gnice     %idle
Média:         all      4,27      0,00      1,77      0,08      0,00      0,43      0,99      0,00      0,00     92,46
Média:           0      4,17      0,00      2,29      0,07      0,00      1,49      3,85      0,00      0,00     88,13
Média:           1      4,31      0,00      1,54      0,22      0,00      0,08      0,03      0,00      0,00     93,81
Média:           2      4,31      0,00      1,62      0,03      0,00      0,08      0,03      0,00      0,00     93,92
Média:           3      4,28      0,00      1,62      0,02      0,00      0,08      0,03      0,00      0,00     93,96
