Linux 5.14.0-503.19.1.el9_5.x86_64 (localhost.localdomain) 	16/04/2025 	_x86_64_	(4 CPU)

13:33:14        CPU      %usr     %nice      %sys   %iowait    %steal      %irq     %soft    %guest    %gnice     %idle
13:33:15        all      0,00      0,00      0,00      0,00      0,00      0,00      0,00      0,00      0,00    100,00
13:33:15          0      0,00      0,00      0,00      0,00      0,00      0,00      0,00      0,00      0,00    100,00
13:33:15          1      0,00      0,00      0,00      0,00      0,00      0,00      0,00      0,00      0,00    100,00
13:33:15          2      0,00      0,00      0,00      0,00      0,00      0,00      0,00      0,00      0,00    100,00
13:33:15          3      0,00      0,00      0,00      0,00      0,00      0,00      0,00      0,00      0,00    100,00

13:33:15        CPU      %usr     %nice      %sys   %iowait    %steal      %irq     %soft    %guest    %gnice     %idle
13:33:16        all      0,00      0,00      0,25      0,25      0,00      0,25      0,00      0,00      0,00     99,25
13:33:16          0      0,00      0,00      1,01      0,00      0,00      0,00      0,00      0,00      0,00     98,99
13:33:16          1      0,00      0,00      0,00      0,00      0,00      0,99      0,00      0,00      0,00     99,01
13:33:16          2      0,00      0,00      0,00      0,00      0,00      0,00      0,00      0,00      0,00    100,00
13:33:16          3      0,00      0,00      0,00      1,00      0,00      0,00      0,00      0,00      0,00     99,00

13:33:16        CPU      %usr     %nice      %sys   %iowait    %steal      %irq     %soft    %guest    %gnice     %idle
13:33:17        all      0,00      0,00      1,75      0,00      0,00      0,00      0,00      0,00      0,00     98,25
13:33:17          0      0,00      0,00      7,00      0,00      0,00      0,00      0,00      0,00      0,00     93,00
13:33:17          1      0,00      0,00      0,00      0,00      0,00      0,00      0,00      0,00      0,00    100,00
13:33:17          2      0,00      0,00      0,00      0,00      0,00      0,00      0,00      0,00      0,00    100,00
13:33:17          3      0,00      0,00      0,00      0,00      0,00      0,00      0,00      0,00      0,00    100,00

13:33:17        CPU      %usr     %nice      %sys   %iowait    %steal      %irq     %soft    %guest    %gnice     %idle
13:33:18        all     11,11      0,00      5,05      0,00      0,00      0,76      1,26      0,00      0,00     81,82
13:33:18          0     11,11      0,00      5,05      0,00      0,00      3,03      5,05      0,00      0,00     75,76
13:33:18          1     10,20      0,00      5,10      0,00      0,00      0,00      0,00      0,00      0,00     84,69
13:33:18          2     12,00      0,00      5,00      0,00      0,00      0,00      0,00      0,00      0,00     83,00
13:33:18          3     11,11      0,00      5,05      0,00      0,00      0,00      0,00      0,00      0,00     83,84

13:33:18        CPU      %usr     %nice      %sys   %iowait    %steal      %irq     %soft    %guest    %gnice     %idle
13:33:19        all     14,25      0,00      4,33      0,00      0,00      0,76      1,27      0,00      0,00     79,39
13:33:19          0     15,00      0,00      6,00      0,00      0,00      3,00      5,00      0,00      0,00     71,00
13:33:19          1     15,00      0,00      4,00      0,00      0,00      0,00      0,00      0,00      0,00     81,00
13:33:19          2     14,29      0,00      4,08      0,00      0,00      0,00      0,00      0,00      0,00     81,63
13:33:19          3     12,63      0,00      3,16      0,00      0,00      0,00      0,00      0,00      0,00     84,21

13:33:19        CPU      %usr     %nice      %sys   %iowait    %steal      %irq     %soft    %guest    %gnice     %idle
13:33:20        all      6,08      0,00      1,77      0,00      0,00      0,51      0,76      0,00      0,00     90,89
13:33:20          0      5,10      0,00      2,04      0,00      0,00      2,04      3,06      0,00      0,00     87,76
13:33:20          1      7,07      0,00      1,01      0,00      0,00      0,00      0,00      0,00      0,00     91,92
13:33:20          2      5,10      0,00      2,04      0,00      0,00      0,00      0,00      0,00      0,00     92,86
13:33:20          3      7,00      0,00      2,00      0,00      0,00      0,00      0,00      0,00      0,00     91,00

13:33:20        CPU      %usr     %nice      %sys   %iowait    %steal      %irq     %soft    %guest    %gnice     %idle
13:33:21        all      0,99      0,00      0,49      0,25      0,00      0,00      0,00      0,00      0,00     98,28
13:33:21          0      0,98      0,00      0,98      0,00      0,00      0,00      0,00      0,00      0,00     98,04
13:33:21          1      0,98      0,00      0,98      0,98      0,00      0,00      0,00      0,00      0,00     97,06
13:33:21          2      0,99      0,00      0,00      0,00      0,00      0,00      0,00      0,00      0,00     99,01
13:33:21          3      0,99      0,00      0,00      0,00      0,00      0,00      0,00      0,00      0,00     99,01

13:33:21        CPU      %usr     %nice      %sys   %iowait    %steal      %irq     %soft    %guest    %gnice     %idle
13:33:22        all      0,00      0,00      0,50      0,00      0,00      0,25      0,00      0,00      0,00     99,25
13:33:22          0      0,00      0,00      0,00      0,00      0,00      0,00      0,00      0,00      0,00    100,00
13:33:22          1      0,00      0,00      0,00      0,00      0,00      0,00      0,00      0,00      0,00    100,00
13:33:22          2      0,00      0,00      1,00      0,00      0,00      0,00      0,00      0,00      0,00     99,00
13:33:22          3      0,00      0,00      0,99      0,00      0,00      0,99      0,00      0,00      0,00     98,02

13:33:22        CPU      %usr     %nice      %sys   %iowait    %steal      %irq     %soft    %guest    %gnice     %idle
13:33:23        all     11,34      0,00      3,53      0,00      0,00      0,50      1,01      0,00      0,00     83,63
13:33:23          0      9,28      0,00      5,15      0,00      0,00      2,06      4,12      0,00      0,00     79,38
13:33:23          1     11,88      0,00      3,96      0,00      0,00      0,00      0,00      0,00      0,00     84,16
13:33:23          2     12,00      0,00      3,00      0,00      0,00      0,00      0,00      0,00      0,00     85,00
13:33:23          3     12,12      0,00      2,02      0,00      0,00      0,00      0,00      0,00      0,00     85,86

13:33:23        CPU      %usr     %nice      %sys   %iowait    %steal      %irq     %soft    %guest    %gnice     %idle
13:33:24        all      9,82      0,00      3,02      0,00      0,00      0,50      1,01      0,00      0,00     85,64
13:33:24          0     10,00      0,00      4,00      0,00      0,00      2,00      4,00      0,00      0,00     80,00
13:33:24          1     10,00      0,00      3,00      0,00      0,00      0,00      0,00      0,00      0,00     87,00
13:33:24          2      9,18      0,00      2,04      0,00      0,00      0,00      0,00      0,00      0,00     88,78
13:33:24          3     10,10      0,00      3,03      0,00      0,00      0,00      0,00      0,00      0,00     86,87

13:33:24        CPU      %usr     %nice      %sys   %iowait    %steal      %irq     %soft    %guest    %gnice     %idle
13:33:25        all     13,78      0,00      5,01      0,00      0,00      0,75      1,25      0,00      0,00     79,20
13:33:25          0     14,00      0,00      6,00      0,00      0,00      3,00      5,00      0,00      0,00     72,00
13:33:25          1     13,13      0,00      5,05      0,00      0,00      0,00      0,00      0,00      0,00     81,82
13:33:25          2     14,00      0,00      5,00      0,00      0,00      0,00      0,00      0,00      0,00     81,00
13:33:25          3     14,00      0,00      4,00      0,00      0,00      0,00      0,00      0,00      0,00     82,00

13:33:25        CPU      %usr     %nice      %sys   %iowait    %steal      %irq     %soft    %guest    %gnice     %idle
13:33:26        all      0,25      0,00      0,50      0,00      0,00      0,00      0,00      0,00      0,00     99,25
13:33:26          0      0,00      0,00      1,00      0,00      0,00      0,00      0,00      0,00      0,00     99,00
13:33:26          1      1,00      0,00      0,00      0,00      0,00      0,00      0,00      0,00      0,00     99,00
13:33:26          2      0,00      0,00      1,00      0,00      0,00      0,00      0,00      0,00      0,00     99,00
13:33:26          3      0,00      0,00      0,00      0,00      0,00      0,00      0,00      0,00      0,00    100,00

13:33:26        CPU      %usr     %nice      %sys   %iowait    %steal      %irq     %soft    %guest    %gnice     %idle
13:33:27        all      1,00      0,00      0,50      0,25      0,00      0,00      0,25      0,00      0,00     98,00
13:33:27          0      1,00      0,00      0,00      0,00      0,00      0,00      1,00      0,00      0,00     98,00
13:33:27          1      0,99      0,00      0,99      0,99      0,00      0,00      0,00      0,00      0,00     97,03
13:33:27          2      1,01      0,00      0,00      0,00      0,00      0,00      0,00      0,00      0,00     98,99
13:33:27          3      0,99      0,00      0,99      0,00      0,00      0,00      0,00      0,00      0,00     98,02

13:33:27        CPU      %usr     %nice      %sys   %iowait    %steal      %irq     %soft    %guest    %gnice     %idle
13:33:28        all     11,22      0,00      3,99      0,00      0,00      1,25      1,25      0,00      0,00     82,29
13:33:28          0     12,00      0,00      4,00      0,00      0,00      3,00      4,00      0,00      0,00     77,00
13:33:28          1     10,89      0,00      3,96      0,00      0,00      0,99      0,00      0,00      0,00     84,16
13:33:28          2     10,89      0,00      3,96      0,00      0,00      0,99      0,99      0,00      0,00     83,17
13:33:28          3     11,11      0,00      4,04      0,00      0,00      0,00      0,00      0,00      0,00     84,85

13:33:28        CPU      %usr     %nice      %sys   %iowait    %steal      %irq     %soft    %guest    %gnice     %idle
13:33:29        all     11,08      0,00      3,78      0,00      0,00      0,76      1,26      0,00      0,00     83,12
13:33:29          0     10,10      0,00      5,05      0,00      0,00      3,03      4,04      0,00      0,00     77,78
13:33:29          1     12,12      0,00      3,03      0,00      0,00      0,00      0,00      0,00      0,00     84,85
13:33:29          2     11,11      0,00      3,03      0,00      0,00      0,00      0,00      0,00      0,00     85,86
13:33:29          3     11,00      0,00      4,00      0,00      0,00      0,00      1,00      0,00      0,00     84,00

13:33:29        CPU      %usr     %nice      %sys   %iowait    %steal      %irq     %soft    %guest    %gnice     %idle
13:33:30        all     19,44      0,00      6,65      0,26      0,00      0,77      1,79      0,00      0,00     71,10
13:33:30          0     18,37      0,00      8,16      0,00      0,00      3,06      7,14      0,00      0,00     63,27
13:33:30          1     19,39      0,00      6,12      0,00      0,00      0,00      0,00      0,00      0,00     74,49
13:33:30          2     18,56      0,00      7,22      1,03      0,00      0,00      0,00      0,00      0,00     73,20
13:33:30          3     21,43      0,00      5,10      0,00      0,00      0,00      0,00      0,00      0,00     73,47

13:33:30        CPU      %usr     %nice      %sys   %iowait    %steal      %irq     %soft    %guest    %gnice     %idle
13:33:31        all      2,72      0,00      0,99      0,00      0,00      0,50      0,25      0,00      0,00     95,54
13:33:31          0      3,92      0,00      0,98      0,00      0,00      0,98      0,98      0,00      0,00     93,14
13:33:31          1      2,97      0,00      0,99      0,00      0,00      0,00      0,00      0,00      0,00     96,04
13:33:31          2      2,97      0,00      0,99      0,00      0,00      0,00      0,00      0,00      0,00     96,04
13:33:31          3      1,00      0,00      1,00      0,00      0,00      1,00      0,00      0,00      0,00     97,00

13:33:31        CPU      %usr     %nice      %sys   %iowait    %steal      %irq     %soft    %guest    %gnice     %idle
13:33:32        all      1,26      0,00      0,25      0,00      0,00      0,00      0,00      0,00      0,00     98,49
13:33:32          0      2,02      0,00      0,00      0,00      0,00      0,00      0,00      0,00      0,00     97,98
13:33:32          1      1,01      0,00      0,00      0,00      0,00      0,00      0,00      0,00      0,00     98,99
13:33:32          2      1,01      0,00      0,00      0,00      0,00      0,00      0,00      0,00      0,00     98,99
13:33:32          3      1,00      0,00      1,00      0,00      0,00      0,00      0,00      0,00      0,00     98,00

13:33:32        CPU      %usr     %nice      %sys   %iowait    %steal      %irq     %soft    %guest    %gnice     %idle
13:33:33        all     12,98      0,00      5,34      0,25      0,00      0,76      1,53      0,00      0,00     79,13
13:33:33          0     13,13      0,00      6,06      0,00      0,00      3,03      6,06      0,00      0,00     71,72
13:33:33          1     11,46      0,00      4,17      1,04      0,00      0,00      0,00      0,00      0,00     83,33
13:33:33          2     13,27      0,00      5,10      0,00      0,00      0,00      0,00      0,00      0,00     81,63
13:33:33          3     14,00      0,00      6,00      0,00      0,00      0,00      0,00      0,00      0,00     80,00

13:33:33        CPU      %usr     %nice      %sys   %iowait    %steal      %irq     %soft    %guest    %gnice     %idle
13:33:34        all      9,80      0,00      4,27      0,00      0,00      0,75      1,01      0,00      0,00     84,17
13:33:34          0     10,00      0,00      5,00      0,00      0,00      3,00      4,00      0,00      0,00     78,00
13:33:34          1      9,90      0,00      4,95      0,00      0,00      0,00      0,00      0,00      0,00     85,15
13:33:34          2     10,00      0,00      4,00      0,00      0,00      0,00      0,00      0,00      0,00     86,00
13:33:34          3      9,28      0,00      3,09      0,00      0,00      0,00      0,00      0,00      0,00     87,63

13:33:34        CPU      %usr     %nice      %sys   %iowait    %steal      %irq     %soft    %guest    %gnice     %idle
13:33:35        all     17,75      0,00      6,25      0,00      0,00      1,25      1,50      0,00      0,00     73,25
13:33:35          0     19,00      0,00      8,00      0,00      0,00      3,00      5,00      0,00      0,00     65,00
13:33:35          1     16,00      0,00      6,00      0,00      0,00      1,00      1,00      0,00      0,00     76,00
13:33:35          2     17,82      0,00      4,95      0,00      0,00      0,99      0,00      0,00      0,00     76,24
13:33:35          3     18,18      0,00      6,06      0,00      0,00      0,00      0,00      0,00      0,00     75,76

13:33:35        CPU      %usr     %nice      %sys   %iowait    %steal      %irq     %soft    %guest    %gnice     %idle
13:33:36        all      5,81      0,00      3,28      0,00      0,00      0,25      0,51      0,00      0,00     90,15
13:33:36          0      5,05      0,00      3,03      0,00      0,00      1,01      2,02      0,00      0,00     88,89
13:33:36          1      7,00      0,00      6,00      0,00      0,00      0,00      0,00      0,00      0,00     87,00
13:33:36          2      6,06      0,00      2,02      0,00      0,00      0,00      0,00      0,00      0,00     91,92
13:33:36          3      5,10      0,00      2,04      0,00      0,00      0,00      0,00      0,00      0,00     92,86

13:33:36        CPU      %usr     %nice      %sys   %iowait    %steal      %irq     %soft    %guest    %gnice     %idle
13:33:37        all      1,50      0,00      0,50      0,00      0,00      0,25      0,25      0,00      0,00     97,50
13:33:37          0      1,98      0,00      0,00      0,00      0,00      0,99      0,99      0,00      0,00     96,04
13:33:37          1      2,00      0,00      1,00      0,00      0,00      0,00      0,00      0,00      0,00     97,00
13:33:37          2      1,01      0,00      0,00      0,00      0,00      0,00      0,00      0,00      0,00     98,99
13:33:37          3      1,00      0,00      1,00      0,00      0,00      0,00      0,00      0,00      0,00     98,00

13:33:37        CPU      %usr     %nice      %sys   %iowait    %steal      %irq     %soft    %guest    %gnice     %idle
13:33:38        all     10,08      0,00      3,53      0,00      0,00      0,76      1,01      0,00      0,00     84,63
13:33:38          0     11,22      0,00      4,08      0,00      0,00      2,04      4,08      0,00      0,00     78,57
13:33:38          1     10,89      0,00      3,96      0,00      0,00      0,00      0,00      0,00      0,00     85,15
13:33:38          2      9,09      0,00      3,03      0,00      0,00      0,00      0,00      0,00      0,00     87,88
13:33:38          3      9,09      0,00      3,03      0,00      0,00      1,01      0,00      0,00      0,00     86,87

13:33:38        CPU      %usr     %nice      %sys   %iowait    %steal      %irq     %soft    %guest    %gnice     %idle
13:33:39        all      7,05      0,00      4,79      0,00      0,00      0,50      0,50      0,00      0,00     87,15
13:33:39          0      6,00      0,00     11,00      0,00      0,00      2,00      2,00      0,00      0,00     79,00
13:33:39          1      7,22      0,00      2,06      0,00      0,00      0,00      0,00      0,00      0,00     90,72
13:33:39          2      7,92      0,00      2,97      0,00      0,00      0,00      0,00      0,00      0,00     89,11
13:33:39          3      7,07      0,00      3,03      0,00      0,00      0,00      0,00      0,00      0,00     89,90

13:33:39        CPU      %usr     %nice      %sys   %iowait    %steal      %irq     %soft    %guest    %gnice     %idle
13:33:40        all     19,85      0,00      7,12      0,00      0,00      0,76      1,53      0,00      0,00     70,74
13:33:40          0     20,20      0,00      8,08      0,00      0,00      3,03      6,06      0,00      0,00     62,63
13:33:40          1     18,56      0,00      8,25      0,00      0,00      0,00      0,00      0,00      0,00     73,20
13:33:40          2     19,59      0,00      6,19      0,00      0,00      0,00      0,00      0,00      0,00     74,23
13:33:40          3     21,00      0,00      6,00      0,00      0,00      0,00      0,00      0,00      0,00     73,00

13:33:40        CPU      %usr     %nice      %sys   %iowait    %steal      %irq     %soft    %guest    %gnice     %idle
13:33:41        all     26,40      0,00     11,68      0,25      0,00      1,27      1,27      0,00      0,00     59,14
13:33:41          0     32,32      0,00     19,19      0,00      0,00      3,03      5,05      0,00      0,00     40,40
13:33:41          1     23,23      0,00      7,07      1,01      0,00      1,01      0,00      0,00      0,00     67,68
13:33:41          2     22,45      0,00     10,20      0,00      0,00      1,02      0,00      0,00      0,00     66,33
13:33:41          3     27,55      0,00     10,20      0,00      0,00      0,00      0,00      0,00      0,00     62,24

13:33:41        CPU      %usr     %nice      %sys   %iowait    %steal      %irq     %soft    %guest    %gnice     %idle
13:33:42        all      2,00      0,00      1,00      0,00      0,00      0,00      0,25      0,00      0,00     96,75
13:33:42          0      1,00      0,00      1,00      0,00      0,00      0,00      1,00      0,00      0,00     97,00
13:33:42          1      3,00      0,00      1,00      0,00      0,00      0,00      0,00      0,00      0,00     96,00
13:33:42          2      2,97      0,00      0,99      0,00      0,00      0,00      0,00      0,00      0,00     96,04
13:33:42          3      1,01      0,00      1,01      0,00      0,00      0,00      0,00      0,00      0,00     97,98

13:33:42        CPU      %usr     %nice      %sys   %iowait    %steal      %irq     %soft    %guest    %gnice     %idle
13:33:43        all     29,97      0,00     14,11      0,00      0,00      1,26      2,02      0,00      0,00     52,64
13:33:43          0     28,00      0,00     14,00      0,00      0,00      4,00      6,00      0,00      0,00     48,00
13:33:43          1     28,28      0,00     13,13      0,00      0,00      0,00      0,00      0,00      0,00     58,59
13:33:43          2     29,29      0,00     14,14      0,00      0,00      0,00      1,01      0,00      0,00     55,56
13:33:43          3     34,34      0,00     15,15      0,00      0,00      1,01      1,01      0,00      0,00     48,48

13:33:43        CPU      %usr     %nice      %sys   %iowait    %steal      %irq     %soft    %guest    %gnice     %idle
13:33:44        all      7,36      0,00      2,54      0,00      0,00      0,51      0,76      0,00      0,00     88,83
13:33:44          0      7,14      0,00      2,04      0,00      0,00      2,04      3,06      0,00      0,00     85,71
13:33:44          1      7,22      0,00      2,06      0,00      0,00      0,00      0,00      0,00      0,00     90,72
13:33:44          2      7,00      0,00      4,00      0,00      0,00      0,00      0,00      0,00      0,00     89,00
13:33:44          3      8,08      0,00      2,02      0,00      0,00      0,00      0,00      0,00      0,00     89,90

13:33:44        CPU      %usr     %nice      %sys   %iowait    %steal      %irq     %soft    %guest    %gnice     %idle
13:33:45        all     20,20      0,00      8,44      0,00      0,00      1,02      1,53      0,00      0,00     68,80
13:33:45          0     17,89      0,00      8,42      0,00      0,00      4,21      6,32      0,00      0,00     63,16
13:33:45          1     21,43      0,00      8,16      0,00      0,00      0,00      0,00      0,00      0,00     70,41
13:33:45          2     22,00      0,00      8,00      0,00      0,00      0,00      0,00      0,00      0,00     70,00
13:33:45          3     19,39      0,00      9,18      0,00      0,00      0,00      0,00      0,00      0,00     71,43

13:33:45        CPU      %usr     %nice      %sys   %iowait    %steal      %irq     %soft    %guest    %gnice     %idle
13:33:46        all     17,68      0,00      6,31      0,00      0,00      1,26      1,52      0,00      0,00     73,23
13:33:46          0     17,35      0,00      8,16      0,00      0,00      3,06      6,12      0,00      0,00     65,31
13:33:46          1     17,00      0,00      6,00      0,00      0,00      1,00      0,00      0,00      0,00     76,00
13:33:46          2     19,19      0,00      5,05      0,00      0,00      1,01      0,00      0,00      0,00     74,75
13:33:46          3     17,17      0,00      6,06      0,00      0,00      0,00      0,00      0,00      0,00     76,77

13:33:46        CPU      %usr     %nice      %sys   %iowait    %steal      %irq     %soft    %guest    %gnice     %idle
13:33:47        all      1,50      0,00      1,00      0,00      0,00      0,00      0,00      0,00      0,00     97,50
13:33:47          0      2,00      0,00      1,00      0,00      0,00      0,00      0,00      0,00      0,00     97,00
13:33:47          1      2,00      0,00      1,00      0,00      0,00      0,00      0,00      0,00      0,00     97,00
13:33:47          2      1,00      0,00      1,00      0,00      0,00      0,00      0,00      0,00      0,00     98,00
13:33:47          3      1,00      0,00      1,00      0,00      0,00      0,00      0,00      0,00      0,00     98,00

13:33:47        CPU      %usr     %nice      %sys   %iowait    %steal      %irq     %soft    %guest    %gnice     %idle
13:33:48        all     10,80      0,00      4,02      0,00      0,00      0,75      1,01      0,00      0,00     83,42
13:33:48          0     10,89      0,00      4,95      0,00      0,00      2,97      3,96      0,00      0,00     77,23
13:33:48          1      9,28      0,00      3,09      0,00      0,00      0,00      0,00      0,00      0,00     87,63
13:33:48          2     10,89      0,00      4,95      0,00      0,00      0,00      0,00      0,00      0,00     84,16
13:33:48          3     12,12      0,00      3,03      0,00      0,00      0,00      0,00      0,00      0,00     84,85

13:33:48        CPU      %usr     %nice      %sys   %iowait    %steal      %irq     %soft    %guest    %gnice     %idle
13:33:49        all     11,62      0,00      5,05      0,25      0,00      0,76      1,01      0,00      0,00     81,31
13:33:49          0     11,22      0,00      5,10      0,00      0,00      2,04      4,08      0,00      0,00     77,55
13:33:49          1     12,00      0,00      5,00      1,00      0,00      0,00      0,00      0,00      0,00     82,00
13:33:49          2     11,22      0,00      5,10      0,00      0,00      0,00      0,00      0,00      0,00     83,67
13:33:49          3     12,00      0,00      5,00      0,00      0,00      1,00      0,00      0,00      0,00     82,00

13:33:49        CPU      %usr     %nice      %sys   %iowait    %steal      %irq     %soft    %guest    %gnice     %idle
13:33:50        all     16,00      0,00      5,00      0,25      0,00      0,75      1,50      0,00      0,00     76,50
13:33:50          0     15,00      0,00      6,00      0,00      0,00      3,00      5,00      0,00      0,00     71,00
13:33:50          1     16,00      0,00      5,00      0,00      0,00      0,00      1,00      0,00      0,00     78,00
13:33:50          2     16,00      0,00      5,00      0,00      0,00      0,00      0,00      0,00      0,00     79,00
13:33:50          3     17,00      0,00      4,00      1,00      0,00      0,00      0,00      0,00      0,00     78,00

13:33:50        CPU      %usr     %nice      %sys   %iowait    %steal      %irq     %soft    %guest    %gnice     %idle
13:33:51        all     13,25      0,00      5,75      0,25      0,00      1,00      1,25      0,00      0,00     78,50
13:33:51          0     14,00      0,00      6,00      0,00      0,00      3,00      5,00      0,00      0,00     72,00
13:33:51          1     12,87      0,00      5,94      0,00      0,00      0,99      0,00      0,00      0,00     80,20
13:33:51          2     13,86      0,00      5,94      0,00      0,00      0,00      0,00      0,00      0,00     80,20
13:33:51          3     12,24      0,00      5,10      1,02      0,00      0,00      0,00      0,00      0,00     81,63

13:33:51        CPU      %usr     %nice      %sys   %iowait    %steal      %irq     %soft    %guest    %gnice     %idle
13:33:52        all      2,50      0,00      0,75      0,00      0,00      0,00      0,00      0,00      0,00     96,75
13:33:52          0      3,00      0,00      1,00      0,00      0,00      0,00      0,00      0,00      0,00     96,00
13:33:52          1      2,00      0,00      0,00      0,00      0,00      0,00      0,00      0,00      0,00     98,00
13:33:52          2      2,00      0,00      1,00      0,00      0,00      0,00      0,00      0,00      0,00     97,00
13:33:52          3      3,00      0,00      1,00      0,00      0,00      0,00      0,00      0,00      0,00     96,00

13:33:52        CPU      %usr     %nice      %sys   %iowait    %steal      %irq     %soft    %guest    %gnice     %idle
13:33:53        all      9,75      0,00      3,50      0,00      0,00      0,75      1,00      0,00      0,00     85,00
13:33:53          0     10,00      0,00      4,00      0,00      0,00      2,00      4,00      0,00      0,00     80,00
13:33:53          1      8,16      0,00      4,08      0,00      0,00      0,00      0,00      0,00      0,00     87,76
13:33:53          2     10,78      0,00      2,94      0,00      0,00      0,98      0,00      0,00      0,00     85,29
13:33:53          3     10,00      0,00      3,00      0,00      0,00      0,00      0,00      0,00      0,00     87,00

13:33:53        CPU      %usr     %nice      %sys   %iowait    %steal      %irq     %soft    %guest    %gnice     %idle
13:33:54        all      7,56      0,00      3,27      0,00      0,00      0,76      0,76      0,00      0,00     87,66
13:33:54          0      7,14      0,00      3,06      0,00      0,00      2,04      3,06      0,00      0,00     84,69
13:33:54          1      8,08      0,00      3,03      0,00      0,00      0,00      0,00      0,00      0,00     88,89
13:33:54          2      7,00      0,00      4,00      0,00      0,00      0,00      0,00      0,00      0,00     89,00
13:33:54          3      8,00      0,00      3,00      0,00      0,00      1,00      0,00      0,00      0,00     88,00

13:33:54        CPU      %usr     %nice      %sys   %iowait    %steal      %irq     %soft    %guest    %gnice     %idle
13:33:55        all     10,33      0,00      3,27      0,00      0,00      0,50      1,01      0,00      0,00     84,89
13:33:55          0     10,00      0,00      4,00      0,00      0,00      2,00      4,00      0,00      0,00     80,00
13:33:55          1     11,11      0,00      3,03      0,00      0,00      0,00      0,00      0,00      0,00     85,86
13:33:55          2     10,10      0,00      3,03      0,00      0,00      0,00      0,00      0,00      0,00     86,87
13:33:55          3     10,10      0,00      3,03      0,00      0,00      0,00      0,00      0,00      0,00     86,87

13:33:55        CPU      %usr     %nice      %sys   %iowait    %steal      %irq     %soft    %guest    %gnice     %idle
13:33:56        all     12,15      0,00      5,57      1,01      0,00      0,76      1,27      0,00      0,00     79,24
13:33:56          0     13,00      0,00      7,00      1,00      0,00      3,00      5,00      0,00      0,00     71,00
13:33:56          1     11,46      0,00      4,17      0,00      0,00      0,00      0,00      0,00      0,00     84,38
13:33:56          2     13,00      0,00      5,00      1,00      0,00      0,00      0,00      0,00      0,00     81,00
13:33:56          3     11,11      0,00      6,06      2,02      0,00      0,00      0,00      0,00      0,00     80,81

13:33:56        CPU      %usr     %nice      %sys   %iowait    %steal      %irq     %soft    %guest    %gnice     %idle
13:33:57        all      3,49      0,00      1,00      0,00      0,00      0,25      0,50      0,00      0,00     94,76
13:33:57          0      3,92      0,00      0,98      0,00      0,00      0,98      1,96      0,00      0,00     92,16
13:33:57          1      3,00      0,00      1,00      0,00      0,00      0,00      0,00      0,00      0,00     96,00
13:33:57          2      4,00      0,00      1,00      0,00      0,00      0,00      0,00      0,00      0,00     95,00
13:33:57          3      3,03      0,00      1,01      0,00      0,00      0,00      0,00      0,00      0,00     95,96

13:33:57        CPU      %usr     %nice      %sys   %iowait    %steal      %irq     %soft    %guest    %gnice     %idle
13:33:58        all      9,25      0,00      3,75      0,25      0,00      0,75      0,75      0,00      0,00     85,25
13:33:58          0      9,00      0,00      5,00      0,00      0,00      2,00      3,00      0,00      0,00     81,00
13:33:58          1      8,91      0,00      2,97      0,99      0,00      0,99      0,00      0,00      0,00     86,14
13:33:58          2      9,90      0,00      3,96      0,00      0,00      0,00      0,00      0,00      0,00     86,14
13:33:58          3      9,18      0,00      3,06      0,00      0,00      0,00      0,00      0,00      0,00     87,76

13:33:58        CPU      %usr     %nice      %sys   %iowait    %steal      %irq     %soft    %guest    %gnice     %idle
13:33:59        all     10,00      0,00      3,50      0,00      0,00      1,00      1,25      0,00      0,00     84,25
13:33:59          0      9,00      0,00      4,00      0,00      0,00      3,00      4,00      0,00      0,00     80,00
13:33:59          1      9,09      0,00      4,04      0,00      0,00      0,00      0,00      0,00      0,00     86,87
13:33:59          2     11,76      0,00      2,94      0,00      0,00      0,98      0,98      0,00      0,00     83,33
13:33:59          3     10,10      0,00      3,03      0,00      0,00      0,00      0,00      0,00      0,00     86,87

13:33:59        CPU      %usr     %nice      %sys   %iowait    %steal      %irq     %soft    %guest    %gnice     %idle
13:34:00        all      6,75      0,00      2,50      0,00      0,00      0,25      1,00      0,00      0,00     89,50
13:34:00          0      7,00      0,00      3,00      0,00      0,00      1,00      3,00      0,00      0,00     86,00
13:34:00          1      6,12      0,00      2,04      0,00      0,00      0,00      0,00      0,00      0,00     91,84
13:34:00          2      6,93      0,00      2,97      0,00      0,00      0,00      0,00      0,00      0,00     90,10
13:34:00          3      6,93      0,00      1,98      0,00      0,00      0,00      0,99      0,00      0,00     90,10

13:34:00        CPU      %usr     %nice      %sys   %iowait    %steal      %irq     %soft    %guest    %gnice     %idle
13:34:01        all     16,71      0,00      7,59      0,00      0,00      1,27      1,27      0,00      0,00     73,16
13:34:01          0     15,31      0,00     13,27      0,00      0,00      4,08      5,10      0,00      0,00     62,24
13:34:01          1     18,18      0,00      5,05      0,00      0,00      0,00      0,00      0,00      0,00     76,77
13:34:01          2     17,00      0,00      6,00      0,00      0,00      0,00      0,00      0,00      0,00     77,00
13:34:01          3     16,33      0,00      6,12      0,00      0,00      1,02      0,00      0,00      0,00     76,53

13:34:01        CPU      %usr     %nice      %sys   %iowait    %steal      %irq     %soft    %guest    %gnice     %idle
13:34:02        all      5,03      0,00      2,26      0,00      0,00      0,25      0,50      0,00      0,00     91,96
13:34:02          0      4,95      0,00      2,97      0,00      0,00      0,99      1,98      0,00      0,00     89,11
13:34:02          1      5,05      0,00      1,01      0,00      0,00      0,00      0,00      0,00      0,00     93,94
13:34:02          2      5,10      0,00      2,04      0,00      0,00      0,00      0,00      0,00      0,00     92,86
13:34:02          3      5,00      0,00      3,00      0,00      0,00      0,00      0,00      0,00      0,00     92,00

13:34:02        CPU      %usr     %nice      %sys   %iowait    %steal      %irq     %soft    %guest    %gnice     %idle
13:34:03        all      7,04      0,00      2,26      0,00      0,00      0,25      0,75      0,00      0,00     89,70
13:34:03          0      7,07      0,00      2,02      0,00      0,00      1,01      3,03      0,00      0,00     86,87
13:34:03          1      7,00      0,00      3,00      0,00      0,00      0,00      0,00      0,00      0,00     90,00
13:34:03          2      7,00      0,00      2,00      0,00      0,00      0,00      0,00      0,00      0,00     91,00
13:34:03          3      7,07      0,00      2,02      0,00      0,00      0,00      0,00      0,00      0,00     90,91

13:34:03        CPU      %usr     %nice      %sys   %iowait    %steal      %irq     %soft    %guest    %gnice     %idle
13:34:04        all     12,28      0,00      4,26      0,25      0,00      0,75      1,00      0,00      0,00     81,45
13:34:04          0     12,00      0,00      5,00      0,00      0,00      3,00      4,00      0,00      0,00     76,00
13:34:04          1     12,00      0,00      4,00      1,00      0,00      0,00      0,00      0,00      0,00     83,00
13:34:04          2     12,12      0,00      4,04      0,00      0,00      0,00      0,00      0,00      0,00     83,84
13:34:04          3     13,00      0,00      4,00      0,00      0,00      0,00      0,00      0,00      0,00     83,00

13:34:04        CPU      %usr     %nice      %sys   %iowait    %steal      %irq     %soft    %guest    %gnice     %idle
13:34:05        all      9,43      0,00      3,47      0,00      0,00      0,74      0,99      0,00      0,00     85,36
13:34:05          0     10,68      0,00      3,88      0,00      0,00      1,94      3,88      0,00      0,00     79,61
13:34:05          1      8,00      0,00      3,00      0,00      0,00      1,00      0,00      0,00      0,00     88,00
13:34:05          2      9,09      0,00      3,03      0,00      0,00      0,00      0,00      0,00      0,00     87,88
13:34:05          3      9,90      0,00      3,96      0,00      0,00      0,00      0,00      0,00      0,00     86,14

13:34:05        CPU      %usr     %nice      %sys   %iowait    %steal      %irq     %soft    %guest    %gnice     %idle
13:34:06        all     12,59      0,00      4,03      0,00      0,00      1,01      1,51      0,00      0,00     80,86
13:34:06          0     12,37      0,00      4,12      0,00      0,00      3,09      5,15      0,00      0,00     75,26
13:34:06          1     13,86      0,00      3,96      0,00      0,00      0,00      0,99      0,00      0,00     81,19
13:34:06          2     12,12      0,00      3,03      0,00      0,00      1,01      0,00      0,00      0,00     83,84
13:34:06          3     12,00      0,00      5,00      0,00      0,00      0,00      0,00      0,00      0,00     83,00

13:34:06        CPU      %usr     %nice      %sys   %iowait    %steal      %irq     %soft    %guest    %gnice     %idle
13:34:07        all      6,00      0,00      2,25      0,75      0,00      0,25      0,50      0,00      0,00     90,25
13:34:07          0      6,00      0,00      2,00      1,00      0,00      1,00      2,00      0,00      0,00     88,00
13:34:07          1      6,86      0,00      2,94      0,00      0,00      0,00      0,00      0,00      0,00     90,20
13:34:07          2      5,00      0,00      2,00      0,00      0,00      0,00      0,00      0,00      0,00     93,00
13:34:07          3      6,12      0,00      2,04      2,04      0,00      0,00      0,00      0,00      0,00     89,80

13:34:07        CPU      %usr     %nice      %sys   %iowait    %steal      %irq     %soft    %guest    %gnice     %idle
13:34:08        all      8,82      0,00      3,02      0,00      0,00      0,50      0,76      0,00      0,00     86,90
13:34:08          0      9,00      0,00      3,00      0,00      0,00      2,00      3,00      0,00      0,00     83,00
13:34:08          1      7,29      0,00      2,08      0,00      0,00      0,00      0,00      0,00      0,00     90,62
13:34:08          2      9,00      0,00      3,00      0,00      0,00      0,00      0,00      0,00      0,00     88,00
13:34:08          3      9,90      0,00      3,96      0,00      0,00      0,00      0,00      0,00      0,00     86,14

13:34:08        CPU      %usr     %nice      %sys   %iowait    %steal      %irq     %soft    %guest    %gnice     %idle
13:34:09        all      9,30      0,00      2,51      0,00      0,00      0,75      1,01      0,00      0,00     86,43
13:34:09          0      9,90      0,00      3,96      0,00      0,00      1,98      3,96      0,00      0,00     80,20
13:34:09          1      8,16      0,00      2,04      0,00      0,00      0,00      0,00      0,00      0,00     89,80
13:34:09          2      9,18      0,00      2,04      0,00      0,00      0,00      0,00      0,00      0,00     88,78
13:34:09          3      9,90      0,00      1,98      0,00      0,00      0,99      0,00      0,00      0,00     87,13

13:34:09        CPU      %usr     %nice      %sys   %iowait    %steal      %irq     %soft    %guest    %gnice     %idle
13:34:10        all      8,88      0,00      3,30      0,00      0,00      0,51      0,76      0,00      0,00     86,55
13:34:10          0     10,10      0,00      3,03      0,00      0,00      2,02      3,03      0,00      0,00     81,82
13:34:10          1      9,09      0,00      4,04      0,00      0,00      0,00      0,00      0,00      0,00     86,87
13:34:10          2      9,09      0,00      3,03      0,00      0,00      0,00      0,00      0,00      0,00     87,88
13:34:10          3      7,22      0,00      3,09      0,00      0,00      0,00      0,00      0,00      0,00     89,69

13:34:10        CPU      %usr     %nice      %sys   %iowait    %steal      %irq     %soft    %guest    %gnice     %idle
13:34:11        all     20,95      0,00      7,48      0,00      0,00      1,00      1,50      0,00      0,00     69,08
13:34:11          0     20,39      0,00      9,71      0,00      0,00      3,88      5,83      0,00      0,00     60,19
13:34:11          1     25,00      0,00      6,00      0,00      0,00      0,00      0,00      0,00      0,00     69,00
13:34:11          2     18,18      0,00      8,08      0,00      0,00      0,00      0,00      0,00      0,00     73,74
13:34:11          3     20,20      0,00      6,06      0,00      0,00      0,00      0,00      0,00      0,00     73,74

13:34:11        CPU      %usr     %nice      %sys   %iowait    %steal      %irq     %soft    %guest    %gnice     %idle
13:34:12        all      5,29      0,00      1,51      0,25      0,00      0,25      0,50      0,00      0,00     92,19
13:34:12          0      5,05      0,00      2,02      0,00      0,00      1,01      2,02      0,00      0,00     89,90
13:34:12          1      5,05      0,00      1,01      1,01      0,00      0,00      0,00      0,00      0,00     92,93
13:34:12          2      5,94      0,00      1,98      0,00      0,00      0,00      0,00      0,00      0,00     92,08
13:34:12          3      5,10      0,00      1,02      0,00      0,00      0,00      0,00      0,00      0,00     93,88

13:34:12        CPU      %usr     %nice      %sys   %iowait    %steal      %irq     %soft    %guest    %gnice     %idle
13:34:13        all      9,80      0,00      4,02      0,00      0,00      1,01      0,75      0,00      0,00     84,42
13:34:13          0     11,00      0,00      5,00      0,00      0,00      2,00      3,00      0,00      0,00     79,00
13:34:13          1     10,00      0,00      3,00      0,00      0,00      1,00      0,00      0,00      0,00     86,00
13:34:13          2      8,08      0,00      4,04      0,00      0,00      1,01      0,00      0,00      0,00     86,87
13:34:13          3     10,10      0,00      4,04      0,00      0,00      0,00      0,00      0,00      0,00     85,86

13:34:13        CPU      %usr     %nice      %sys   %iowait    %steal      %irq     %soft    %guest    %gnice     %idle
13:34:14        all     10,66      0,00      4,06      0,00      0,00      0,51      1,02      0,00      0,00     83,76
13:34:14          0     10,10      0,00      5,05      0,00      0,00      2,02      4,04      0,00      0,00     78,79
13:34:14          1     10,20      0,00      4,08      0,00      0,00      0,00      0,00      0,00      0,00     85,71
13:34:14          2     11,11      0,00      4,04      0,00      0,00      0,00      0,00      0,00      0,00     84,85
13:34:14          3     11,22      0,00      3,06      0,00      0,00      0,00      0,00      0,00      0,00     85,71

Média:         CPU      %usr     %nice      %sys   %iowait    %steal      %irq     %soft    %guest    %gnice     %idle
Média:         all      9,48      0,00      3,68      0,08      0,00      0,59      0,86      0,00      0,00     85,30
Média:           0      9,52      0,00      4,57      0,03      0,00      1,94      3,28      0,00      0,00     80,65
Média:           1      9,41      0,00      3,35      0,13      0,00      0,15      0,05      0,00      0,00     86,90
Média:           2      9,44      0,00      3,43      0,03      0,00      0,13      0,05      0,00      0,00     86,92
Média:           3      9,57      0,00      3,37      0,12      0,00      0,13      0,05      0,00      0,00     86,75
