Linux 5.14.0-503.19.1.el9_5.x86_64 (localhost.localdomain) 	16/04/2025 	_x86_64_	(4 CPU)

13:38:04        CPU      %usr     %nice      %sys   %iowait    %steal      %irq     %soft    %guest    %gnice     %idle
13:38:05        all      0,00      0,00      2,00      0,00      0,00      0,50      0,00      0,00      0,00     97,50
13:38:05          0      0,00      0,00      8,00      0,00      0,00      1,00      0,00      0,00      0,00     91,00
13:38:05          1      0,00      0,00      0,00      0,00      0,00      0,00      0,00      0,00      0,00    100,00
13:38:05          2      0,00      0,00      0,00      0,00      0,00      0,00      0,00      0,00      0,00    100,00
13:38:05          3      0,00      0,00      0,00      0,00      0,00      1,00      0,00      0,00      0,00     99,00

13:38:05        CPU      %usr     %nice      %sys   %iowait    %steal      %irq     %soft    %guest    %gnice     %idle
13:38:06        all      0,00      0,00      0,00      0,00      0,00      0,00      0,00      0,00      0,00    100,00
13:38:06          0      0,00      0,00      0,00      0,00      0,00      0,00      0,00      0,00      0,00    100,00
13:38:06          1      0,00      0,00      0,00      0,00      0,00      0,00      0,00      0,00      0,00    100,00
13:38:06          2      0,00      0,00      0,00      0,00      0,00      0,00      0,00      0,00      0,00    100,00
13:38:06          3      0,00      0,00      0,00      0,00      0,00      0,00      0,00      0,00      0,00    100,00

13:38:06        CPU      %usr     %nice      %sys   %iowait    %steal      %irq     %soft    %guest    %gnice     %idle
13:38:07        all      0,00      0,00      0,00      0,00      0,00      0,00      0,00      0,00      0,00    100,00
13:38:07          0      0,00      0,00      0,00      0,00      0,00      0,00      0,00      0,00      0,00    100,00
13:38:07          1      0,00      0,00      0,00      0,00      0,00      0,00      0,00      0,00      0,00    100,00
13:38:07          2      0,00      0,00      0,00      0,00      0,00      0,00      0,00      0,00      0,00    100,00
13:38:07          3      0,00      0,00      0,00      0,00      0,00      0,00      0,00      0,00      0,00    100,00

13:38:07        CPU      %usr     %nice      %sys   %iowait    %steal      %irq     %soft    %guest    %gnice     %idle
13:38:08        all     11,68      0,00      4,31      0,25      0,00      0,51      1,27      0,00      0,00     81,98
13:38:08          0     12,24      0,00      5,10      0,00      0,00      2,04      5,10      0,00      0,00     75,51
13:38:08          1     13,13      0,00      3,03      1,01      0,00      0,00      0,00      0,00      0,00     82,83
13:38:08          2     10,20      0,00      5,10      0,00      0,00      0,00      0,00      0,00      0,00     84,69
13:38:08          3     11,11      0,00      4,04      0,00      0,00      0,00      0,00      0,00      0,00     84,85

13:38:08        CPU      %usr     %nice      %sys   %iowait    %steal      %irq     %soft    %guest    %gnice     %idle
13:38:09        all     11,70      0,00      4,07      0,00      0,00      1,02      1,27      0,00      0,00     81,93
13:38:09          0     13,13      0,00      4,04      0,00      0,00      3,03      5,05      0,00      0,00     74,75
13:38:09          1     12,12      0,00      4,04      0,00      0,00      0,00      0,00      0,00      0,00     83,84
13:38:09          2     11,22      0,00      3,06      0,00      0,00      1,02      0,00      0,00      0,00     84,69
13:38:09          3     10,31      0,00      5,15      0,00      0,00      0,00      0,00      0,00      0,00     84,54

13:38:09        CPU      %usr     %nice      %sys   %iowait    %steal      %irq     %soft    %guest    %gnice     %idle
13:38:10        all      3,77      0,00      2,26      0,00      0,00      0,50      1,01      0,00      0,00     92,46
13:38:10          0      3,00      0,00      3,00      0,00      0,00      2,00      3,00      0,00      0,00     89,00
13:38:10          1      3,03      0,00      2,02      0,00      0,00      0,00      1,01      0,00      0,00     93,94
13:38:10          2      4,04      0,00      2,02      0,00      0,00      0,00      0,00      0,00      0,00     93,94
13:38:10          3      5,00      0,00      2,00      0,00      0,00      0,00      0,00      0,00      0,00     93,00

13:38:10        CPU      %usr     %nice      %sys   %iowait    %steal      %irq     %soft    %guest    %gnice     %idle
13:38:11        all      0,00      0,00      0,00      0,00      0,00      0,00      0,00      0,00      0,00    100,00
13:38:11          0      0,00      0,00      0,00      0,00      0,00      0,00      0,00      0,00      0,00    100,00
13:38:11          1      0,00      0,00      0,00      0,00      0,00      0,00      0,00      0,00      0,00    100,00
13:38:11          2      0,00      0,00      0,00      0,00      0,00      0,00      0,00      0,00      0,00    100,00
13:38:11          3      0,00      0,00      0,00      0,00      0,00      0,00      0,00      0,00      0,00    100,00

13:38:11        CPU      %usr     %nice      %sys   %iowait    %steal      %irq     %soft    %guest    %gnice     %idle
13:38:12        all      0,25      0,00      0,00      0,00      0,00      0,00      0,25      0,00      0,00     99,50
13:38:12          0      0,00      0,00      0,00      0,00      0,00      0,00      0,00      0,00      0,00    100,00
13:38:12          1      1,00      0,00      0,00      0,00      0,00      0,00      0,00      0,00      0,00     99,00
13:38:12          2      0,00      0,00      0,00      0,00      0,00      0,00      0,00      0,00      0,00    100,00
13:38:12          3      0,00      0,00      0,00      0,00      0,00      0,00      0,99      0,00      0,00     99,01

13:38:12        CPU      %usr     %nice      %sys   %iowait    %steal      %irq     %soft    %guest    %gnice     %idle
13:38:13        all     11,84      0,00      4,53      0,25      0,00      0,50      1,26      0,00      0,00     81,61
13:38:13          0     13,13      0,00      5,05      0,00      0,00      2,02      5,05      0,00      0,00     74,75
13:38:13          1     11,11      0,00      4,04      0,00      0,00      0,00      0,00      0,00      0,00     84,85
13:38:13          2     11,00      0,00      5,00      0,00      0,00      0,00      0,00      0,00      0,00     84,00
13:38:13          3     12,12      0,00      4,04      1,01      0,00      0,00      0,00      0,00      0,00     82,83

13:38:13        CPU      %usr     %nice      %sys   %iowait    %steal      %irq     %soft    %guest    %gnice     %idle
13:38:14        all     10,94      0,00      4,33      0,25      0,00      0,76      1,27      0,00      0,00     82,44
13:38:14          0     11,34      0,00      5,15      0,00      0,00      3,09      5,15      0,00      0,00     75,26
13:38:14          1     10,10      0,00      4,04      1,01      0,00      0,00      0,00      0,00      0,00     84,85
13:38:14          2     11,34      0,00      3,09      0,00      0,00      0,00      0,00      0,00      0,00     85,57
13:38:14          3     11,00      0,00      5,00      0,00      0,00      0,00      0,00      0,00      0,00     84,00

13:38:14        CPU      %usr     %nice      %sys   %iowait    %steal      %irq     %soft    %guest    %gnice     %idle
13:38:15        all      6,03      0,00      2,51      0,00      0,00      0,50      0,75      0,00      0,00     90,20
13:38:15          0      6,00      0,00      3,00      0,00      0,00      2,00      3,00      0,00      0,00     86,00
13:38:15          1      7,00      0,00      2,00      0,00      0,00      0,00      0,00      0,00      0,00     91,00
13:38:15          2      6,06      0,00      2,02      0,00      0,00      0,00      0,00      0,00      0,00     91,92
13:38:15          3      5,05      0,00      3,03      0,00      0,00      0,00      0,00      0,00      0,00     91,92

13:38:15        CPU      %usr     %nice      %sys   %iowait    %steal      %irq     %soft    %guest    %gnice     %idle
13:38:16        all      0,50      0,00      0,25      0,00      0,00      0,00      0,00      0,00      0,00     99,25
13:38:16          0      1,00      0,00      0,00      0,00      0,00      0,00      0,00      0,00      0,00     99,00
13:38:16          1      0,00      0,00      0,00      0,00      0,00      0,00      0,00      0,00      0,00    100,00
13:38:16          2      0,00      0,00      0,99      0,00      0,00      0,00      0,00      0,00      0,00     99,01
13:38:16          3      1,00      0,00      0,00      0,00      0,00      0,00      0,00      0,00      0,00     99,00

13:38:16        CPU      %usr     %nice      %sys   %iowait    %steal      %irq     %soft    %guest    %gnice     %idle
13:38:17        all      0,00      0,00      0,00      0,00      0,00      0,25      0,00      0,00      0,00     99,75
13:38:17          0      0,00      0,00      0,00      0,00      0,00      0,00      0,00      0,00      0,00    100,00
13:38:17          1      0,00      0,00      0,00      0,00      0,00      0,00      0,00      0,00      0,00    100,00
13:38:17          2      0,00      0,00      0,00      0,00      0,00      0,00      0,00      0,00      0,00    100,00
13:38:17          3      0,00      0,00      0,00      0,00      0,00      0,99      0,00      0,00      0,00     99,01

13:38:17        CPU      %usr     %nice      %sys   %iowait    %steal      %irq     %soft    %guest    %gnice     %idle
13:38:18        all     14,57      0,00      7,04      0,00      0,00      0,75      1,26      0,00      0,00     76,38
13:38:18          0     16,83      0,00     10,89      0,00      0,00      2,97      4,95      0,00      0,00     64,36
13:38:18          1     13,13      0,00      6,06      0,00      0,00      0,00      0,00      0,00      0,00     80,81
13:38:18          2     14,14      0,00      5,05      0,00      0,00      0,00      0,00      0,00      0,00     80,81
13:38:18          3     14,14      0,00      6,06      0,00      0,00      0,00      0,00      0,00      0,00     79,80

13:38:18        CPU      %usr     %nice      %sys   %iowait    %steal      %irq     %soft    %guest    %gnice     %idle
13:38:19        all     13,71      0,00      5,84      0,00      0,00      0,76      1,02      0,00      0,00     78,68
13:38:19          0     14,29      0,00      6,12      0,00      0,00      2,04      4,08      0,00      0,00     73,47
13:38:19          1     13,00      0,00      4,00      0,00      0,00      1,00      0,00      0,00      0,00     82,00
13:38:19          2     17,17      0,00      7,07      0,00      0,00      0,00      0,00      0,00      0,00     75,76
13:38:19          3     10,31      0,00      6,19      0,00      0,00      0,00      0,00      0,00      0,00     83,51

13:38:19        CPU      %usr     %nice      %sys   %iowait    %steal      %irq     %soft    %guest    %gnice     %idle
13:38:20        all      9,44      0,00      2,81      0,00      0,00      0,51      1,02      0,00      0,00     86,22
13:38:20          0     10,20      0,00      3,06      0,00      0,00      2,04      4,08      0,00      0,00     80,61
13:38:20          1      8,25      0,00      3,09      0,00      0,00      0,00      0,00      0,00      0,00     88,66
13:38:20          2     10,00      0,00      3,00      0,00      0,00      0,00      0,00      0,00      0,00     87,00
13:38:20          3      9,28      0,00      2,06      0,00      0,00      0,00      0,00      0,00      0,00     88,66

13:38:20        CPU      %usr     %nice      %sys   %iowait    %steal      %irq     %soft    %guest    %gnice     %idle
13:38:21        all      0,50      0,00      0,00      0,00      0,00      0,25      0,00      0,00      0,00     99,25
13:38:21          0      0,00      0,00      0,00      0,00      0,00      0,00      0,00      0,00      0,00    100,00
13:38:21          1      1,00      0,00      0,00      0,00      0,00      0,00      0,00      0,00      0,00     99,00
13:38:21          2      0,00      0,00      0,00      0,00      0,00      1,00      0,00      0,00      0,00     99,00
13:38:21          3      0,99      0,00      0,00      0,00      0,00      0,00      0,00      0,00      0,00     99,01

13:38:21        CPU      %usr     %nice      %sys   %iowait    %steal      %irq     %soft    %guest    %gnice     %idle
13:38:22        all      0,00      0,00      0,00      0,25      0,00      0,00      0,00      0,00      0,00     99,75
13:38:22          0      0,00      0,00      0,00      0,00      0,00      0,00      0,00      0,00      0,00    100,00
13:38:22          1      0,00      0,00      0,00      1,00      0,00      0,00      0,00      0,00      0,00     99,00
13:38:22          2      0,00      0,00      0,00      0,00      0,00      0,00      0,00      0,00      0,00    100,00
13:38:22          3      0,00      0,00      0,00      0,00      0,00      0,00      0,00      0,00      0,00    100,00

13:38:22        CPU      %usr     %nice      %sys   %iowait    %steal      %irq     %soft    %guest    %gnice     %idle
13:38:23        all     10,75      0,00      4,00      0,00      0,00      0,75      1,50      0,00      0,00     83,00
13:38:23          0     11,88      0,00      4,95      0,00      0,00      2,97      4,95      0,00      0,00     75,25
13:38:23          1     11,00      0,00      3,00      0,00      0,00      0,00      0,00      0,00      0,00     86,00
13:38:23          2     11,00      0,00      3,00      0,00      0,00      0,00      1,00      0,00      0,00     85,00
13:38:23          3      9,09      0,00      5,05      0,00      0,00      0,00      0,00      0,00      0,00     85,86

13:38:23        CPU      %usr     %nice      %sys   %iowait    %steal      %irq     %soft    %guest    %gnice     %idle
13:38:24        all     10,25      0,00      4,00      0,00      0,00      0,50      1,00      0,00      0,00     84,25
13:38:24          0     10,89      0,00      4,95      0,00      0,00      1,98      3,96      0,00      0,00     78,22
13:38:24          1     10,89      0,00      3,96      0,00      0,00      0,00      0,00      0,00      0,00     85,15
13:38:24          2      9,18      0,00      3,06      0,00      0,00      0,00      0,00      0,00      0,00     87,76
13:38:24          3     10,00      0,00      4,00      0,00      0,00      0,00      0,00      0,00      0,00     86,00

13:38:24        CPU      %usr     %nice      %sys   %iowait    %steal      %irq     %soft    %guest    %gnice     %idle
13:38:25        all     11,31      0,00      4,52      0,00      0,00      1,01      1,26      0,00      0,00     81,91
13:38:25          0     11,11      0,00      6,06      0,00      0,00      3,03      5,05      0,00      0,00     74,75
13:38:25          1     11,11      0,00      4,04      0,00      0,00      0,00      0,00      0,00      0,00     84,85
13:38:25          2     12,00      0,00      4,00      0,00      0,00      0,00      0,00      0,00      0,00     84,00
13:38:25          3     11,00      0,00      4,00      0,00      0,00      1,00      0,00      0,00      0,00     84,00

13:38:25        CPU      %usr     %nice      %sys   %iowait    %steal      %irq     %soft    %guest    %gnice     %idle
13:38:26        all      0,25      0,00      2,01      0,00      0,00      0,00      0,00      0,00      0,00     97,74
13:38:26          0      0,00      0,00      8,08      0,00      0,00      0,00      0,00      0,00      0,00     91,92
13:38:26          1      0,99      0,00      0,00      0,00      0,00      0,00      0,00      0,00      0,00     99,01
13:38:26          2      0,00      0,00      0,00      0,00      0,00      0,00      0,00      0,00      0,00    100,00
13:38:26          3      0,00      0,00      0,00      0,00      0,00      0,00      0,00      0,00      0,00    100,00

13:38:26        CPU      %usr     %nice      %sys   %iowait    %steal      %irq     %soft    %guest    %gnice     %idle
13:38:27        all      0,75      0,00      0,75      0,00      0,00      0,00      0,00      0,00      0,00     98,50
13:38:27          0      0,99      0,00      0,99      0,00      0,00      0,00      0,00      0,00      0,00     98,02
13:38:27          1      1,00      0,00      1,00      0,00      0,00      0,00      0,00      0,00      0,00     98,00
13:38:27          2      0,00      0,00      1,01      0,00      0,00      0,00      0,00      0,00      0,00     98,99
13:38:27          3      1,00      0,00      0,00      0,00      0,00      0,00      0,00      0,00      0,00     99,00

13:38:27        CPU      %usr     %nice      %sys   %iowait    %steal      %irq     %soft    %guest    %gnice     %idle
13:38:28        all     10,00      0,00      3,75      0,50      0,00      1,00      1,25      0,00      0,00     83,50
13:38:28          0     10,89      0,00      3,96      0,99      0,00      2,97      4,95      0,00      0,00     76,24
13:38:28          1      8,91      0,00      3,96      0,99      0,00      0,99      0,00      0,00      0,00     85,15
13:38:28          2     10,10      0,00      3,03      0,00      0,00      0,00      0,00      0,00      0,00     86,87
13:38:28          3     10,10      0,00      4,04      0,00      0,00      0,00      0,00      0,00      0,00     85,86

13:38:28        CPU      %usr     %nice      %sys   %iowait    %steal      %irq     %soft    %guest    %gnice     %idle
13:38:29        all      9,27      0,00      3,26      0,00      0,00      0,50      1,00      0,00      0,00     85,96
13:38:29          0      9,09      0,00      4,04      0,00      0,00      2,02      4,04      0,00      0,00     80,81
13:38:29          1      9,09      0,00      3,03      0,00      0,00      0,00      0,00      0,00      0,00     87,88
13:38:29          2     10,00      0,00      2,00      0,00      0,00      0,00      0,00      0,00      0,00     88,00
13:38:29          3      8,91      0,00      3,96      0,00      0,00      0,00      0,00      0,00      0,00     87,13

13:38:29        CPU      %usr     %nice      %sys   %iowait    %steal      %irq     %soft    %guest    %gnice     %idle
13:38:30        all     22,39      0,00      9,41      0,00      0,00      1,02      1,27      0,00      0,00     65,90
13:38:30          0     29,29      0,00     16,16      0,00      0,00      3,03      5,05      0,00      0,00     46,46
13:38:30          1     18,56      0,00      7,22      0,00      0,00      0,00      0,00      0,00      0,00     74,23
13:38:30          2     19,19      0,00      7,07      0,00      0,00      1,01      0,00      0,00      0,00     72,73
13:38:30          3     22,45      0,00      7,14      0,00      0,00      0,00      0,00      0,00      0,00     70,41

13:38:30        CPU      %usr     %nice      %sys   %iowait    %steal      %irq     %soft    %guest    %gnice     %idle
13:38:31        all      3,27      0,00      1,76      0,00      0,00      0,00      0,00      0,00      0,00     94,97
13:38:31          0      8,00      0,00      6,00      0,00      0,00      0,00      0,00      0,00      0,00     86,00
13:38:31          1      2,02      0,00      0,00      0,00      0,00      0,00      0,00      0,00      0,00     97,98
13:38:31          2      2,00      0,00      1,00      0,00      0,00      0,00      0,00      0,00      0,00     97,00
13:38:31          3      1,01      0,00      0,00      0,00      0,00      0,00      0,00      0,00      0,00     98,99

13:38:31        CPU      %usr     %nice      %sys   %iowait    %steal      %irq     %soft    %guest    %gnice     %idle
13:38:32        all      0,50      0,00      0,50      0,00      0,00      0,00      0,00      0,00      0,00     99,00
13:38:32          0      0,00      0,00      0,00      0,00      0,00      0,00      0,00      0,00      0,00    100,00
13:38:32          1      0,00      0,00      0,00      0,00      0,00      0,00      0,00      0,00      0,00    100,00
13:38:32          2      0,99      0,00      0,99      0,00      0,00      0,00      0,00      0,00      0,00     98,02
13:38:32          3      0,99      0,00      0,99      0,00      0,00      0,00      0,00      0,00      0,00     98,02

13:38:32        CPU      %usr     %nice      %sys   %iowait    %steal      %irq     %soft    %guest    %gnice     %idle
13:38:33        all     10,03      0,00      3,76      0,00      0,00      1,00      1,25      0,00      0,00     83,96
13:38:33          0     10,89      0,00      3,96      0,00      0,00      2,97      4,95      0,00      0,00     77,23
13:38:33          1      9,09      0,00      4,04      0,00      0,00      0,00      0,00      0,00      0,00     86,87
13:38:33          2     10,10      0,00      4,04      0,00      0,00      0,00      0,00      0,00      0,00     85,86
13:38:33          3     10,00      0,00      3,00      0,00      0,00      1,00      0,00      0,00      0,00     86,00

13:38:33        CPU      %usr     %nice      %sys   %iowait    %steal      %irq     %soft    %guest    %gnice     %idle
13:38:34        all     10,08      0,00      3,53      0,00      0,00      0,50      1,01      0,00      0,00     84,89
13:38:34          0     11,22      0,00      4,08      0,00      0,00      2,04      3,06      0,00      0,00     79,59
13:38:34          1      9,00      0,00      3,00      0,00      0,00      0,00      1,00      0,00      0,00     87,00
13:38:34          2     10,00      0,00      4,00      0,00      0,00      0,00      0,00      0,00      0,00     86,00
13:38:34          3     10,10      0,00      3,03      0,00      0,00      0,00      0,00      0,00      0,00     86,87

13:38:34        CPU      %usr     %nice      %sys   %iowait    %steal      %irq     %soft    %guest    %gnice     %idle
13:38:35        all      8,00      0,00      2,75      0,00      0,00      0,50      1,00      0,00      0,00     87,75
13:38:35          0      9,80      0,00      2,94      0,00      0,00      1,96      3,92      0,00      0,00     81,37
13:38:35          1      8,00      0,00      3,00      0,00      0,00      0,00      0,00      0,00      0,00     89,00
13:38:35          2      8,00      0,00      2,00      0,00      0,00      0,00      0,00      0,00      0,00     90,00
13:38:35          3      6,12      0,00      3,06      0,00      0,00      0,00      0,00      0,00      0,00     90,82

13:38:35        CPU      %usr     %nice      %sys   %iowait    %steal      %irq     %soft    %guest    %gnice     %idle
13:38:36        all      6,03      0,00      1,76      0,25      0,00      0,75      0,50      0,00      0,00     90,70
13:38:36          0      6,06      0,00      2,02      0,00      0,00      2,02      2,02      0,00      0,00     87,88
13:38:36          1      7,84      0,00      0,98      0,98      0,00      0,98      0,00      0,00      0,00     89,22
13:38:36          2      5,10      0,00      2,04      0,00      0,00      0,00      0,00      0,00      0,00     92,86
13:38:36          3      5,05      0,00      2,02      0,00      0,00      0,00      0,00      0,00      0,00     92,93

13:38:36        CPU      %usr     %nice      %sys   %iowait    %steal      %irq     %soft    %guest    %gnice     %idle
13:38:37        all      1,25      0,00      0,50      0,00      0,00      0,25      0,50      0,00      0,00     97,51
13:38:37          0      1,00      0,00      0,00      0,00      0,00      0,00      1,00      0,00      0,00     98,00
13:38:37          1      1,00      0,00      1,00      0,00      0,00      0,00      0,00      0,00      0,00     98,00
13:38:37          2      1,98      0,00      0,99      0,00      0,00      0,99      0,00      0,00      0,00     96,04
13:38:37          3      1,00      0,00      0,00      0,00      0,00      0,00      1,00      0,00      0,00     98,00

13:38:37        CPU      %usr     %nice      %sys   %iowait    %steal      %irq     %soft    %guest    %gnice     %idle
13:38:38        all      9,57      0,00      3,78      0,00      0,00      0,50      1,01      0,00      0,00     85,14
13:38:38          0     11,00      0,00      4,00      0,00      0,00      2,00      4,00      0,00      0,00     79,00
13:38:38          1      9,18      0,00      3,06      0,00      0,00      0,00      0,00      0,00      0,00     87,76
13:38:38          2      8,08      0,00      4,04      0,00      0,00      0,00      0,00      0,00      0,00     87,88
13:38:38          3     10,00      0,00      4,00      0,00      0,00      0,00      0,00      0,00      0,00     86,00

13:38:38        CPU      %usr     %nice      %sys   %iowait    %steal      %irq     %soft    %guest    %gnice     %idle
13:38:39        all      8,73      0,00      4,49      0,00      0,00      0,75      1,00      0,00      0,00     85,04
13:38:39          0      9,00      0,00      4,00      0,00      0,00      3,00      4,00      0,00      0,00     80,00
13:38:39          1      8,00      0,00      5,00      0,00      0,00      0,00      0,00      0,00      0,00     87,00
13:38:39          2      8,91      0,00      4,95      0,00      0,00      0,00      0,00      0,00      0,00     86,14
13:38:39          3      9,00      0,00      4,00      0,00      0,00      0,00      0,00      0,00      0,00     87,00

13:38:39        CPU      %usr     %nice      %sys   %iowait    %steal      %irq     %soft    %guest    %gnice     %idle
13:38:40        all     14,50      0,00      6,11      0,00      0,00      0,51      0,76      0,00      0,00     78,12
13:38:40          0     14,14      0,00      7,07      0,00      0,00      2,02      3,03      0,00      0,00     73,74
13:38:40          1     14,43      0,00      4,12      0,00      0,00      0,00      0,00      0,00      0,00     81,44
13:38:40          2     14,14      0,00      7,07      0,00      0,00      0,00      0,00      0,00      0,00     78,79
13:38:40          3     15,31      0,00      6,12      0,00      0,00      0,00      0,00      0,00      0,00     78,57

13:38:40        CPU      %usr     %nice      %sys   %iowait    %steal      %irq     %soft    %guest    %gnice     %idle
13:38:41        all      7,02      0,00      2,76      0,00      0,00      0,25      0,75      0,00      0,00     89,22
13:38:41          0      7,07      0,00      3,03      0,00      0,00      1,01      3,03      0,00      0,00     85,86
13:38:41          1      6,06      0,00      3,03      0,00      0,00      0,00      0,00      0,00      0,00     90,91
13:38:41          2      7,07      0,00      2,02      0,00      0,00      0,00      0,00      0,00      0,00     90,91
13:38:41          3      7,84      0,00      2,94      0,00      0,00      0,00      0,00      0,00      0,00     89,22

13:38:41        CPU      %usr     %nice      %sys   %iowait    %steal      %irq     %soft    %guest    %gnice     %idle
13:38:42        all      0,75      0,00      0,25      0,00      0,00      0,50      0,25      0,00      0,00     98,25
13:38:42          0      0,99      0,00      0,00      0,00      0,00      0,99      0,99      0,00      0,00     97,03
13:38:42          1      1,00      0,00      0,00      0,00      0,00      0,00      0,00      0,00      0,00     99,00
13:38:42          2      0,99      0,00      0,99      0,00      0,00      0,00      0,00      0,00      0,00     98,02
13:38:42          3      0,00      0,00      0,00      0,00      0,00      1,01      0,00      0,00      0,00     98,99

13:38:42        CPU      %usr     %nice      %sys   %iowait    %steal      %irq     %soft    %guest    %gnice     %idle
13:38:43        all     10,50      0,00      3,75      0,25      0,00      1,00      1,00      0,00      0,00     83,50
13:38:43          0     10,10      0,00      5,05      0,00      0,00      2,02      4,04      0,00      0,00     78,79
13:38:43          1     10,89      0,00      2,97      0,99      0,00      0,99      0,00      0,00      0,00     84,16
13:38:43          2     10,10      0,00      3,03      0,00      0,00      1,01      0,00      0,00      0,00     85,86
13:38:43          3     10,89      0,00      3,96      0,00      0,00      0,00      0,00      0,00      0,00     85,15

13:38:43        CPU      %usr     %nice      %sys   %iowait    %steal      %irq     %soft    %guest    %gnice     %idle
13:38:44        all     10,25      0,00      3,00      1,00      0,00      0,50      1,25      0,00      0,00     84,00
13:38:44          0     11,00      0,00      3,00      0,00      0,00      2,00      4,00      0,00      0,00     80,00
13:38:44          1     10,89      0,00      2,97      0,00      0,00      0,00      0,00      0,00      0,00     86,14
13:38:44          2      9,09      0,00      3,03      3,03      0,00      0,00      1,01      0,00      0,00     83,84
13:38:44          3     10,00      0,00      3,00      1,00      0,00      0,00      0,00      0,00      0,00     86,00

13:38:44        CPU      %usr     %nice      %sys   %iowait    %steal      %irq     %soft    %guest    %gnice     %idle
13:38:45        all      9,05      0,00      3,52      0,00      0,00      0,50      0,75      0,00      0,00     86,18
13:38:45          0      9,00      0,00      4,00      0,00      0,00      2,00      3,00      0,00      0,00     82,00
13:38:45          1      9,09      0,00      3,03      0,00      0,00      0,00      0,00      0,00      0,00     87,88
13:38:45          2      9,09      0,00      3,03      0,00      0,00      0,00      0,00      0,00      0,00     87,88
13:38:45          3      9,00      0,00      4,00      0,00      0,00      0,00      0,00      0,00      0,00     87,00

13:38:45        CPU      %usr     %nice      %sys   %iowait    %steal      %irq     %soft    %guest    %gnice     %idle
13:38:46        all      8,52      0,00      2,76      0,00      0,00      0,50      1,00      0,00      0,00     87,22
13:38:46          0      7,14      0,00      3,06      0,00      0,00      2,04      4,08      0,00      0,00     83,67
13:38:46          1      8,91      0,00      3,96      0,00      0,00      0,00      0,00      0,00      0,00     87,13
13:38:46          2      9,00      0,00      2,00      0,00      0,00      0,00      0,00      0,00      0,00     89,00
13:38:46          3      9,00      0,00      2,00      0,00      0,00      0,00      0,00      0,00      0,00     89,00

13:38:46        CPU      %usr     %nice      %sys   %iowait    %steal      %irq     %soft    %guest    %gnice     %idle
13:38:47        all      1,00      0,00      1,00      0,00      0,00      0,25      0,00      0,00      0,00     97,76
13:38:47          0      0,00      0,00      1,00      0,00      0,00      1,00      0,00      0,00      0,00     98,00
13:38:47          1      1,00      0,00      1,00      0,00      0,00      0,00      0,00      0,00      0,00     98,00
13:38:47          2      1,98      0,00      0,99      0,00      0,00      0,00      0,00      0,00      0,00     97,03
13:38:47          3      1,00      0,00      1,00      0,00      0,00      0,00      0,00      0,00      0,00     98,00

13:38:47        CPU      %usr     %nice      %sys   %iowait    %steal      %irq     %soft    %guest    %gnice     %idle
13:38:48        all      9,87      0,00      4,81      0,00      0,00      0,51      1,01      0,00      0,00     83,80
13:38:48          0      9,18      0,00     10,20      0,00      0,00      2,04      4,08      0,00      0,00     74,49
13:38:48          1     11,00      0,00      3,00      0,00      0,00      0,00      0,00      0,00      0,00     86,00
13:38:48          2      9,18      0,00      3,06      0,00      0,00      0,00      0,00      0,00      0,00     87,76
13:38:48          3     10,10      0,00      3,03      0,00      0,00      0,00      0,00      0,00      0,00     86,87

13:38:48        CPU      %usr     %nice      %sys   %iowait    %steal      %irq     %soft    %guest    %gnice     %idle
13:38:49        all     11,69      0,00      5,72      0,25      0,00      1,00      1,00      0,00      0,00     80,35
13:38:49          0     11,11      0,00      7,07      0,00      0,00      2,02      4,04      0,00      0,00     75,76
13:38:49          1     13,59      0,00      5,83      0,97      0,00      0,00      0,00      0,00      0,00     79,61
13:38:49          2     10,10      0,00      5,05      0,00      0,00      1,01      0,00      0,00      0,00     83,84
13:38:49          3     11,88      0,00      4,95      0,00      0,00      0,99      0,00      0,00      0,00     82,18

13:38:49        CPU      %usr     %nice      %sys   %iowait    %steal      %irq     %soft    %guest    %gnice     %idle
13:38:50        all      8,77      0,00      3,26      0,00      0,00      0,75      1,00      0,00      0,00     86,22
13:38:50          0      8,82      0,00      3,92      0,00      0,00      2,94      3,92      0,00      0,00     80,39
13:38:50          1      9,09      0,00      3,03      0,00      0,00      0,00      0,00      0,00      0,00     87,88
13:38:50          2      9,09      0,00      3,03      0,00      0,00      0,00      0,00      0,00      0,00     87,88
13:38:50          3      8,08      0,00      3,03      0,00      0,00      0,00      0,00      0,00      0,00     88,89

13:38:50        CPU      %usr     %nice      %sys   %iowait    %steal      %irq     %soft    %guest    %gnice     %idle
13:38:51        all      7,81      0,00      3,27      0,00      0,00      0,50      0,76      0,00      0,00     87,66
13:38:51          0      7,22      0,00      3,09      0,00      0,00      1,03      3,09      0,00      0,00     85,57
13:38:51          1      7,00      0,00      3,00      0,00      0,00      1,00      0,00      0,00      0,00     89,00
13:38:51          2      8,00      0,00      4,00      0,00      0,00      0,00      0,00      0,00      0,00     88,00
13:38:51          3      9,00      0,00      3,00      0,00      0,00      0,00      0,00      0,00      0,00     88,00

13:38:51        CPU      %usr     %nice      %sys   %iowait    %steal      %irq     %soft    %guest    %gnice     %idle
13:38:52        all      1,25      0,00      0,25      0,00      0,00      0,25      0,25      0,00      0,00     97,99
13:38:52          0      0,99      0,00      0,99      0,00      0,00      0,99      0,99      0,00      0,00     96,04
13:38:52          1      1,01      0,00      0,00      0,00      0,00      0,00      0,00      0,00      0,00     98,99
13:38:52          2      2,00      0,00      0,00      0,00      0,00      0,00      0,00      0,00      0,00     98,00
13:38:52          3      1,01      0,00      0,00      0,00      0,00      0,00      0,00      0,00      0,00     98,99

13:38:52        CPU      %usr     %nice      %sys   %iowait    %steal      %irq     %soft    %guest    %gnice     %idle
13:38:53        all      8,98      0,00      3,74      0,00      0,00      0,50      1,25      0,00      0,00     85,54
13:38:53          0      9,90      0,00      3,96      0,00      0,00      1,98      3,96      0,00      0,00     80,20
13:38:53          1      9,90      0,00      2,97      0,00      0,00      0,00      0,99      0,00      0,00     86,14
13:38:53          2      8,00      0,00      4,00      0,00      0,00      0,00      0,00      0,00      0,00     88,00
13:38:53          3      8,08      0,00      4,04      0,00      0,00      0,00      0,00      0,00      0,00     87,88

13:38:53        CPU      %usr     %nice      %sys   %iowait    %steal      %irq     %soft    %guest    %gnice     %idle
13:38:54        all     10,28      0,00      4,01      1,00      0,00      0,50      1,00      0,00      0,00     83,21
13:38:54          0      9,09      0,00      5,05      0,00      0,00      2,02      4,04      0,00      0,00     79,80
13:38:54          1     10,00      0,00      4,00      0,00      0,00      0,00      0,00      0,00      0,00     86,00
13:38:54          2     10,10      0,00      4,04      2,02      0,00      0,00      0,00      0,00      0,00     83,84
13:38:54          3     11,88      0,00      2,97      1,98      0,00      0,00      0,00      0,00      0,00     83,17

13:38:54        CPU      %usr     %nice      %sys   %iowait    %steal      %irq     %soft    %guest    %gnice     %idle
13:38:55        all      7,29      0,00      2,51      0,25      0,00      0,50      0,75      0,00      0,00     88,69
13:38:55          0      7,14      0,00      2,04      0,00      0,00      2,04      3,06      0,00      0,00     85,71
13:38:55          1      7,07      0,00      2,02      1,01      0,00      0,00      0,00      0,00      0,00     89,90
13:38:55          2      7,07      0,00      2,02      0,00      0,00      0,00      0,00      0,00      0,00     90,91
13:38:55          3      7,84      0,00      3,92      0,00      0,00      0,00      0,00      0,00      0,00     88,24

13:38:55        CPU      %usr     %nice      %sys   %iowait    %steal      %irq     %soft    %guest    %gnice     %idle
13:38:56        all     10,03      0,00      3,01      0,00      0,00      0,75      1,00      0,00      0,00     85,21
13:38:56          0     11,00      0,00      3,00      0,00      0,00      2,00      4,00      0,00      0,00     80,00
13:38:56          1      9,00      0,00      4,00      0,00      0,00      0,00      0,00      0,00      0,00     87,00
13:38:56          2     10,10      0,00      2,02      0,00      0,00      0,00      0,00      0,00      0,00     87,88
13:38:56          3     10,00      0,00      3,00      0,00      0,00      1,00      0,00      0,00      0,00     86,00

13:38:56        CPU      %usr     %nice      %sys   %iowait    %steal      %irq     %soft    %guest    %gnice     %idle
13:38:57        all      1,01      0,00      1,01      0,00      0,00      0,00      0,00      0,00      0,00     97,98
13:38:57          0      1,02      0,00      1,02      0,00      0,00      0,00      0,00      0,00      0,00     97,96
13:38:57          1      1,02      0,00      0,00      0,00      0,00      0,00      0,00      0,00      0,00     98,98
13:38:57          2      0,99      0,00      1,98      0,00      0,00      0,00      0,00      0,00      0,00     97,03
13:38:57          3      1,00      0,00      1,00      0,00      0,00      0,00      0,00      0,00      0,00     98,00

13:38:57        CPU      %usr     %nice      %sys   %iowait    %steal      %irq     %soft    %guest    %gnice     %idle
13:38:58        all      9,45      0,00      3,48      0,00      0,00      1,00      1,00      0,00      0,00     85,07
13:38:58          0     10,68      0,00      3,88      0,00      0,00      2,91      3,88      0,00      0,00     78,64
13:38:58          1      8,08      0,00      3,03      0,00      0,00      0,00      0,00      0,00      0,00     88,89
13:38:58          2      9,09      0,00      3,03      0,00      0,00      1,01      0,00      0,00      0,00     86,87
13:38:58          3      9,90      0,00      3,96      0,00      0,00      0,00      0,00      0,00      0,00     86,14

13:38:58        CPU      %usr     %nice      %sys   %iowait    %steal      %irq     %soft    %guest    %gnice     %idle
13:38:59        all     10,89      0,00      3,71      0,00      0,00      0,74      1,24      0,00      0,00     83,42
13:38:59          0     10,78      0,00      5,88      0,00      0,00      1,96      3,92      0,00      0,00     77,45
13:38:59          1     11,00      0,00      2,00      0,00      0,00      1,00      0,00      0,00      0,00     86,00
13:38:59          2     10,89      0,00      3,96      0,00      0,00      0,00      0,00      0,00      0,00     85,15
13:38:59          3     10,89      0,00      2,97      0,00      0,00      0,00      0,99      0,00      0,00     85,15

13:38:59        CPU      %usr     %nice      %sys   %iowait    %steal      %irq     %soft    %guest    %gnice     %idle
13:39:00        all      7,05      0,00      2,52      0,00      0,00      0,25      0,76      0,00      0,00     89,42
13:39:00          0      8,00      0,00      3,00      0,00      0,00      1,00      3,00      0,00      0,00     85,00
13:39:00          1      7,00      0,00      3,00      0,00      0,00      0,00      0,00      0,00      0,00     90,00
13:39:00          2      7,07      0,00      2,02      0,00      0,00      0,00      0,00      0,00      0,00     90,91
13:39:00          3      6,12      0,00      2,04      0,00      0,00      0,00      0,00      0,00      0,00     91,84

13:39:00        CPU      %usr     %nice      %sys   %iowait    %steal      %irq     %soft    %guest    %gnice     %idle
13:39:01        all     11,34      0,00      3,78      0,50      0,00      0,76      1,01      0,00      0,00     82,62
13:39:01          0     11,22      0,00      4,08      0,00      0,00      3,06      4,08      0,00      0,00     77,55
13:39:01          1     11,11      0,00      2,02      1,01      0,00      0,00      0,00      0,00      0,00     85,86
13:39:01          2     11,88      0,00      4,95      0,99      0,00      0,00      0,00      0,00      0,00     82,18
13:39:01          3     11,11      0,00      4,04      0,00      0,00      0,00      0,00      0,00      0,00     84,85

13:39:01        CPU      %usr     %nice      %sys   %iowait    %steal      %irq     %soft    %guest    %gnice     %idle
13:39:02        all      0,76      0,00      0,25      0,00      0,00      0,00      0,25      0,00      0,00     98,74
13:39:02          0      1,00      0,00      0,00      0,00      0,00      0,00      1,00      0,00      0,00     98,00
13:39:02          1      1,00      0,00      1,00      0,00      0,00      0,00      0,00      0,00      0,00     98,00
13:39:02          2      0,00      0,00      0,00      0,00      0,00      0,00      0,00      0,00      0,00    100,00
13:39:02          3      1,01      0,00      0,00      0,00      0,00      0,00      0,00      0,00      0,00     98,99

13:39:02        CPU      %usr     %nice      %sys   %iowait    %steal      %irq     %soft    %guest    %gnice     %idle
13:39:03        all      9,48      0,00      2,99      0,00      0,00      0,50      0,75      0,00      0,00     86,28
13:39:03          0     10,78      0,00      3,92      0,00      0,00      1,96      2,94      0,00      0,00     80,39
13:39:03          1      9,09      0,00      2,02      0,00      0,00      0,00      0,00      0,00      0,00     88,89
13:39:03          2      9,90      0,00      2,97      0,00      0,00      0,00      0,00      0,00      0,00     87,13
13:39:03          3      8,08      0,00      3,03      0,00      0,00      0,00      0,00      0,00      0,00     88,89

13:39:03        CPU      %usr     %nice      %sys   %iowait    %steal      %irq     %soft    %guest    %gnice     %idle
13:39:04        all     11,91      0,00      4,22      0,00      0,00      0,99      1,49      0,00      0,00     81,39
13:39:04          0     11,88      0,00      3,96      0,00      0,00      2,97      4,95      0,00      0,00     76,24
13:39:04          1     11,88      0,00      4,95      0,00      0,00      0,00      0,00      0,00      0,00     83,17
13:39:04          2     11,11      0,00      4,04      0,00      0,00      0,00      1,01      0,00      0,00     83,84
13:39:04          3     12,75      0,00      3,92      0,00      0,00      0,98      0,00      0,00      0,00     82,35

Média:         CPU      %usr     %nice      %sys   %iowait    %steal      %irq     %soft    %guest    %gnice     %idle
Média:         all      7,10      0,00      2,83      0,08      0,00      0,49      0,74      0,00      0,00     88,76
Média:           0      7,52      0,00      3,68      0,02      0,00      1,60      2,79      0,00      0,00     84,39
Média:           1      6,97      0,00      2,42      0,15      0,00      0,10      0,05      0,00      0,00     90,30
Média:           2      6,95      0,00      2,60      0,10      0,00      0,12      0,05      0,00      0,00     90,19
Média:           3      6,96      0,00      2,62      0,07      0,00      0,13      0,05      0,00      0,00     90,17
