Linux 5.14.0-503.19.1.el9_5.x86_64 (localhost.localdomain) 	16/04/2025 	_x86_64_	(4 CPU)

13:34:51        CPU      %usr     %nice      %sys   %iowait    %steal      %irq     %soft    %guest    %gnice     %idle
13:34:52        all      0,00      0,00      0,00      0,00      0,00      0,00      0,00      0,00      0,00    100,00
13:34:52          0      0,00      0,00      0,00      0,00      0,00      0,00      0,00      0,00      0,00    100,00
13:34:52          1      0,00      0,00      0,00      0,00      0,00      0,00      0,00      0,00      0,00    100,00
13:34:52          2      0,00      0,00      0,00      0,00      0,00      0,00      0,00      0,00      0,00    100,00
13:34:52          3      0,00      0,00      0,00      0,00      0,00      0,00      0,00      0,00      0,00    100,00

13:34:52        CPU      %usr     %nice      %sys   %iowait    %steal      %irq     %soft    %guest    %gnice     %idle
13:34:53        all      0,00      0,00      0,00      0,00      0,00      0,00      0,00      0,00      0,00    100,00
13:34:53          0      0,00      0,00      0,00      0,00      0,00      0,00      0,00      0,00      0,00    100,00
13:34:53          1      0,00      0,00      0,00      0,00      0,00      0,00      0,00      0,00      0,00    100,00
13:34:53          2      0,00      0,00      0,00      0,00      0,00      0,00      0,00      0,00      0,00    100,00
13:34:53          3      0,00      0,00      0,00      0,00      0,00      0,00      0,00      0,00      0,00    100,00

13:34:53        CPU      %usr     %nice      %sys   %iowait    %steal      %irq     %soft    %guest    %gnice     %idle
13:34:54        all      0,00      0,00      0,00      0,00      0,00      0,00      0,00      0,00      0,00    100,00
13:34:54          0      0,00      0,00      0,00      0,00      0,00      0,00      0,00      0,00      0,00    100,00
13:34:54          1      0,00      0,00      0,00      0,00      0,00      0,00      0,00      0,00      0,00    100,00
13:34:54          2      0,00      0,00      0,00      0,00      0,00      0,00      0,00      0,00      0,00    100,00
13:34:54          3      0,00      0,00      0,00      0,00      0,00      0,00      0,00      0,00      0,00    100,00

13:34:54        CPU      %usr     %nice      %sys   %iowait    %steal      %irq     %soft    %guest    %gnice     %idle
13:34:55        all     12,72      0,00      4,49      0,00      0,00      1,00      1,25      0,00      0,00     80,55
13:34:55          0     10,31      0,00      5,15      0,00      0,00      3,09      5,15      0,00      0,00     76,29
13:34:55          1     13,00      0,00      4,00      0,00      0,00      0,00      0,00      0,00      0,00     83,00
13:34:55          2     12,75      0,00      4,90      0,00      0,00      0,98      0,00      0,00      0,00     81,37
13:34:55          3     14,71      0,00      3,92      0,00      0,00      0,00      0,00      0,00      0,00     81,37

13:34:55        CPU      %usr     %nice      %sys   %iowait    %steal      %irq     %soft    %guest    %gnice     %idle
13:34:56        all     12,63      0,00      3,54      0,00      0,00      1,01      1,26      0,00      0,00     81,57
13:34:56          0     13,00      0,00      4,00      0,00      0,00      3,00      5,00      0,00      0,00     75,00
13:34:56          1     13,27      0,00      3,06      0,00      0,00      0,00      0,00      0,00      0,00     83,67
13:34:56          2     11,34      0,00      3,09      0,00      0,00      0,00      0,00      0,00      0,00     85,57
13:34:56          3     12,87      0,00      3,96      0,00      0,00      0,99      0,00      0,00      0,00     82,18

13:34:56        CPU      %usr     %nice      %sys   %iowait    %steal      %irq     %soft    %guest    %gnice     %idle
13:34:57        all      5,75      0,00      2,50      0,00      0,00      0,25      0,75      0,00      0,00     90,75
13:34:57          0      6,00      0,00      3,00      0,00      0,00      1,00      3,00      0,00      0,00     87,00
13:34:57          1      5,00      0,00      3,00      0,00      0,00      0,00      0,00      0,00      0,00     92,00
13:34:57          2      5,05      0,00      2,02      0,00      0,00      0,00      0,00      0,00      0,00     92,93
13:34:57          3      6,93      0,00      1,98      0,00      0,00      0,00      0,00      0,00      0,00     91,09

13:34:57        CPU      %usr     %nice      %sys   %iowait    %steal      %irq     %soft    %guest    %gnice     %idle
13:34:58        all      0,25      0,00      0,00      0,25      0,00      0,00      0,00      0,00      0,00     99,50
13:34:58          0      0,00      0,00      0,00      0,00      0,00      0,00      0,00      0,00      0,00    100,00
13:34:58          1      0,00      0,00      0,00      0,99      0,00      0,00      0,00      0,00      0,00     99,01
13:34:58          2      0,99      0,00      0,00      0,00      0,00      0,00      0,00      0,00      0,00     99,01
13:34:58          3      0,00      0,00      0,00      0,00      0,00      0,00      0,00      0,00      0,00    100,00

13:34:58        CPU      %usr     %nice      %sys   %iowait    %steal      %irq     %soft    %guest    %gnice     %idle
13:34:59        all      0,00      0,00      0,00      0,00      0,00      0,00      0,00      0,00      0,00    100,00
13:34:59          0      0,00      0,00      0,00      0,00      0,00      0,00      0,00      0,00      0,00    100,00
13:34:59          1      0,00      0,00      0,00      0,00      0,00      0,00      0,00      0,00      0,00    100,00
13:34:59          2      0,00      0,00      0,00      0,00      0,00      0,00      0,00      0,00      0,00    100,00
13:34:59          3      0,00      0,00      0,00      0,00      0,00      0,00      0,00      0,00      0,00    100,00

13:34:59        CPU      %usr     %nice      %sys   %iowait    %steal      %irq     %soft    %guest    %gnice     %idle
13:35:00        all     11,62      0,00      4,55      0,00      0,00      0,76      1,26      0,00      0,00     81,82
13:35:00          0     13,00      0,00      5,00      0,00      0,00      3,00      5,00      0,00      0,00     74,00
13:35:00          1     11,22      0,00      4,08      0,00      0,00      0,00      0,00      0,00      0,00     84,69
13:35:00          2     11,11      0,00      4,04      0,00      0,00      0,00      0,00      0,00      0,00     84,85
13:35:00          3     11,11      0,00      5,05      0,00      0,00      0,00      0,00      0,00      0,00     83,84

13:35:00        CPU      %usr     %nice      %sys   %iowait    %steal      %irq     %soft    %guest    %gnice     %idle
13:35:01        all     11,84      0,00      4,03      0,00      0,00      1,01      1,26      0,00      0,00     81,86
13:35:01          0     12,12      0,00      5,05      0,00      0,00      3,03      5,05      0,00      0,00     74,75
13:35:01          1     11,88      0,00      3,96      0,00      0,00      0,99      0,00      0,00      0,00     83,17
13:35:01          2     11,46      0,00      2,08      0,00      0,00      0,00      0,00      0,00      0,00     86,46
13:35:01          3     11,88      0,00      4,95      0,00      0,00      0,00      0,00      0,00      0,00     83,17

13:35:01        CPU      %usr     %nice      %sys   %iowait    %steal      %irq     %soft    %guest    %gnice     %idle
13:35:02        all      7,27      0,00      2,76      0,00      0,00      0,25      0,75      0,00      0,00     88,97
13:35:02          0      7,92      0,00      3,96      0,00      0,00      0,99      2,97      0,00      0,00     84,16
13:35:02          1      7,07      0,00      2,02      0,00      0,00      0,00      0,00      0,00      0,00     90,91
13:35:02          2      7,00      0,00      3,00      0,00      0,00      0,00      0,00      0,00      0,00     90,00
13:35:02          3      7,07      0,00      2,02      0,00      0,00      0,00      0,00      0,00      0,00     90,91

13:35:02        CPU      %usr     %nice      %sys   %iowait    %steal      %irq     %soft    %guest    %gnice     %idle
13:35:03        all      0,50      0,00      0,25      0,00      0,00      0,25      0,00      0,00      0,00     99,00
13:35:03          0      0,00      0,00      0,00      0,00      0,00      0,99      0,00      0,00      0,00     99,01
13:35:03          1      0,00      0,00      0,00      0,00      0,00      0,00      0,00      0,00      0,00    100,00
13:35:03          2      0,99      0,00      0,99      0,00      0,00      0,00      0,00      0,00      0,00     98,02
13:35:03          3      0,99      0,00      0,00      0,00      0,00      0,00      0,00      0,00      0,00     99,01

13:35:03        CPU      %usr     %nice      %sys   %iowait    %steal      %irq     %soft    %guest    %gnice     %idle
13:35:04        all      0,25      0,00      0,00      0,25      0,00      0,00      0,00      0,00      0,00     99,50
13:35:04          0      0,00      0,00      0,00      0,00      0,00      0,00      0,00      0,00      0,00    100,00
13:35:04          1      0,98      0,00      0,00      0,98      0,00      0,00      0,00      0,00      0,00     98,04
13:35:04          2      0,00      0,00      0,00      0,00      0,00      0,00      0,00      0,00      0,00    100,00
13:35:04          3      0,00      0,00      0,00      0,00      0,00      0,00      0,00      0,00      0,00    100,00

13:35:04        CPU      %usr     %nice      %sys   %iowait    %steal      %irq     %soft    %guest    %gnice     %idle
13:35:05        all     12,21      0,00      4,83      0,00      0,00      0,51      1,53      0,00      0,00     80,92
13:35:05          0     11,22      0,00      6,12      0,00      0,00      2,04      5,10      0,00      0,00     75,51
13:35:05          1     12,24      0,00      5,10      0,00      0,00      0,00      0,00      0,00      0,00     82,65
13:35:05          2     12,37      0,00      3,09      0,00      0,00      0,00      0,00      0,00      0,00     84,54
13:35:05          3     13,00      0,00      5,00      0,00      0,00      0,00      1,00      0,00      0,00     81,00

13:35:05        CPU      %usr     %nice      %sys   %iowait    %steal      %irq     %soft    %guest    %gnice     %idle
13:35:06        all     12,56      0,00      5,03      0,00      0,00      1,01      1,26      0,00      0,00     80,15
13:35:06          0     14,00      0,00      5,00      0,00      0,00      3,00      5,00      0,00      0,00     73,00
13:35:06          1     12,24      0,00      4,08      0,00      0,00      0,00      0,00      0,00      0,00     83,67
13:35:06          2     11,00      0,00      6,00      0,00      0,00      1,00      0,00      0,00      0,00     82,00
13:35:06          3     13,00      0,00      5,00      0,00      0,00      0,00      0,00      0,00      0,00     82,00

13:35:06        CPU      %usr     %nice      %sys   %iowait    %steal      %irq     %soft    %guest    %gnice     %idle
13:35:07        all     13,60      0,00      4,53      0,50      0,00      0,76      1,26      0,00      0,00     79,35
13:35:07          0     13,27      0,00      6,12      0,00      0,00      3,06      5,10      0,00      0,00     72,45
13:35:07          1     14,00      0,00      4,00      1,00      0,00      0,00      0,00      0,00      0,00     81,00
13:35:07          2     14,00      0,00      4,00      0,00      0,00      0,00      0,00      0,00      0,00     82,00
13:35:07          3     13,13      0,00      4,04      1,01      0,00      0,00      0,00      0,00      0,00     81,82

13:35:07        CPU      %usr     %nice      %sys   %iowait    %steal      %irq     %soft    %guest    %gnice     %idle
13:35:08        all      1,00      0,00      0,00      0,00      0,00      0,00      0,25      0,00      0,00     98,75
13:35:08          0      1,00      0,00      0,00      0,00      0,00      0,00      0,00      0,00      0,00     99,00
13:35:08          1      1,00      0,00      0,00      0,00      0,00      0,00      0,00      0,00      0,00     99,00
13:35:08          2      1,00      0,00      0,00      0,00      0,00      0,00      1,00      0,00      0,00     98,00
13:35:08          3      1,00      0,00      0,00      0,00      0,00      0,00      0,00      0,00      0,00     99,00

13:35:08        CPU      %usr     %nice      %sys   %iowait    %steal      %irq     %soft    %guest    %gnice     %idle
13:35:09        all      0,50      0,00      0,25      0,00      0,00      0,25      0,25      0,00      0,00     98,76
13:35:09          0      0,99      0,00      0,00      0,00      0,00      0,00      0,99      0,00      0,00     98,02
13:35:09          1      0,00      0,00      0,00      0,00      0,00      0,00      0,00      0,00      0,00    100,00
13:35:09          2      0,98      0,00      0,98      0,00      0,00      0,00      0,00      0,00      0,00     98,04
13:35:09          3      0,00      0,00      0,00      0,00      0,00      1,00      0,00      0,00      0,00     99,00

13:35:09        CPU      %usr     %nice      %sys   %iowait    %steal      %irq     %soft    %guest    %gnice     %idle
13:35:10        all     12,25      0,00      6,25      0,25      0,00      0,75      1,00      0,00      0,00     79,50
13:35:10          0     11,88      0,00     12,87      0,00      0,00      2,97      3,96      0,00      0,00     68,32
13:35:10          1     11,11      0,00      4,04      1,01      0,00      0,00      0,00      0,00      0,00     83,84
13:35:10          2     12,12      0,00      4,04      0,00      0,00      0,00      0,00      0,00      0,00     83,84
13:35:10          3     13,86      0,00      3,96      0,00      0,00      0,00      0,00      0,00      0,00     82,18

13:35:10        CPU      %usr     %nice      %sys   %iowait    %steal      %irq     %soft    %guest    %gnice     %idle
13:35:11        all     10,58      0,00      3,27      0,25      0,00      0,76      1,01      0,00      0,00     84,13
13:35:11          0     12,00      0,00      4,00      1,00      0,00      2,00      4,00      0,00      0,00     77,00
13:35:11          1      9,09      0,00      4,04      0,00      0,00      1,01      0,00      0,00      0,00     85,86
13:35:11          2      9,28      0,00      2,06      0,00      0,00      0,00      0,00      0,00      0,00     88,66
13:35:11          3     11,88      0,00      2,97      0,00      0,00      0,00      0,00      0,00      0,00     85,15

13:35:11        CPU      %usr     %nice      %sys   %iowait    %steal      %irq     %soft    %guest    %gnice     %idle
13:35:12        all     14,04      0,00      4,76      0,00      0,00      0,75      1,50      0,00      0,00     78,95
13:35:12          0     15,00      0,00      5,00      0,00      0,00      3,00      6,00      0,00      0,00     71,00
13:35:12          1     14,85      0,00      3,96      0,00      0,00      0,00      0,00      0,00      0,00     81,19
13:35:12          2     13,13      0,00      5,05      0,00      0,00      0,00      0,00      0,00      0,00     81,82
13:35:12          3     13,13      0,00      5,05      0,00      0,00      0,00      0,00      0,00      0,00     81,82

13:35:12        CPU      %usr     %nice      %sys   %iowait    %steal      %irq     %soft    %guest    %gnice     %idle
13:35:13        all      2,02      0,00      0,76      0,00      0,00      0,25      0,25      0,00      0,00     96,72
13:35:13          0      2,00      0,00      1,00      0,00      0,00      1,00      1,00      0,00      0,00     95,00
13:35:13          1      1,03      0,00      0,00      0,00      0,00      0,00      0,00      0,00      0,00     98,97
13:35:13          2      2,02      0,00      0,00      0,00      0,00      0,00      0,00      0,00      0,00     97,98
13:35:13          3      3,00      0,00      2,00      0,00      0,00      0,00      0,00      0,00      0,00     95,00

13:35:13        CPU      %usr     %nice      %sys   %iowait    %steal      %irq     %soft    %guest    %gnice     %idle
13:35:14        all      1,25      0,00      0,50      0,00      0,00      0,00      0,00      0,00      0,00     98,25
13:35:14          0      1,01      0,00      0,00      0,00      0,00      0,00      0,00      0,00      0,00     98,99
13:35:14          1      1,98      0,00      0,99      0,00      0,00      0,00      0,00      0,00      0,00     97,03
13:35:14          2      1,00      0,00      1,00      0,00      0,00      0,00      0,00      0,00      0,00     98,00
13:35:14          3      1,00      0,00      0,00      0,00      0,00      0,00      0,00      0,00      0,00     99,00

13:35:14        CPU      %usr     %nice      %sys   %iowait    %steal      %irq     %soft    %guest    %gnice     %idle
13:35:15        all      9,95      0,00      3,98      0,50      0,00      0,50      1,00      0,00      0,00     84,08
13:35:15          0      9,90      0,00      4,95      0,00      0,00      1,98      3,96      0,00      0,00     79,21
13:35:15          1      9,90      0,00      3,96      0,00      0,00      0,00      0,00      0,00      0,00     86,14
13:35:15          2      9,90      0,00      3,96      1,98      0,00      0,00      0,00      0,00      0,00     84,16
13:35:15          3     10,10      0,00      3,03      0,00      0,00      0,00      0,00      0,00      0,00     86,87

13:35:15        CPU      %usr     %nice      %sys   %iowait    %steal      %irq     %soft    %guest    %gnice     %idle
13:35:16        all     11,00      0,00      3,50      0,00      0,00      1,00      1,00      0,00      0,00     83,50
13:35:16          0     11,11      0,00      4,04      0,00      0,00      2,02      4,04      0,00      0,00     78,79
13:35:16          1     11,11      0,00      3,03      0,00      0,00      0,00      0,00      0,00      0,00     85,86
13:35:16          2     10,00      0,00      3,00      0,00      0,00      1,00      0,00      0,00      0,00     86,00
13:35:16          3     11,76      0,00      3,92      0,00      0,00      0,98      0,00      0,00      0,00     83,33

13:35:16        CPU      %usr     %nice      %sys   %iowait    %steal      %irq     %soft    %guest    %gnice     %idle
13:35:17        all     13,27      0,00      4,85      0,00      0,00      1,02      1,53      0,00      0,00     79,34
13:35:17          0     14,14      0,00      6,06      0,00      0,00      4,04      6,06      0,00      0,00     69,70
13:35:17          1     12,37      0,00      4,12      0,00      0,00      0,00      0,00      0,00      0,00     83,51
13:35:17          2     12,37      0,00      4,12      0,00      0,00      0,00      0,00      0,00      0,00     83,51
13:35:17          3     14,14      0,00      5,05      0,00      0,00      0,00      0,00      0,00      0,00     80,81

13:35:17        CPU      %usr     %nice      %sys   %iowait    %steal      %irq     %soft    %guest    %gnice     %idle
13:35:18        all      3,52      0,00      1,26      0,25      0,00      0,00      0,50      0,00      0,00     94,47
13:35:18          0      4,04      0,00      2,02      0,00      0,00      0,00      1,01      0,00      0,00     92,93
13:35:18          1      3,96      0,00      0,99      0,99      0,00      0,00      0,99      0,00      0,00     93,07
13:35:18          2      3,03      0,00      1,01      0,00      0,00      0,00      0,00      0,00      0,00     95,96
13:35:18          3      3,03      0,00      1,01      0,00      0,00      0,00      0,00      0,00      0,00     95,96

13:35:18        CPU      %usr     %nice      %sys   %iowait    %steal      %irq     %soft    %guest    %gnice     %idle
13:35:19        all      0,00      0,00      0,25      0,00      0,00      0,00      0,00      0,00      0,00     99,75
13:35:19          0      0,00      0,00      0,00      0,00      0,00      0,00      0,00      0,00      0,00    100,00
13:35:19          1      0,00      0,00      0,00      0,00      0,00      0,00      0,00      0,00      0,00    100,00
13:35:19          2      0,00      0,00      1,00      0,00      0,00      0,00      0,00      0,00      0,00     99,00
13:35:19          3      0,00      0,00      0,00      0,00      0,00      0,00      0,00      0,00      0,00    100,00

13:35:19        CPU      %usr     %nice      %sys   %iowait    %steal      %irq     %soft    %guest    %gnice     %idle
13:35:20        all      9,16      0,00      2,97      0,00      0,00      0,74      0,99      0,00      0,00     86,14
13:35:20          0      8,00      0,00      3,00      0,00      0,00      2,00      4,00      0,00      0,00     83,00
13:35:20          1      8,82      0,00      2,94      0,00      0,00      0,98      0,00      0,00      0,00     87,25
13:35:20          2      9,00      0,00      2,00      0,00      0,00      0,00      0,00      0,00      0,00     89,00
13:35:20          3     10,78      0,00      3,92      0,00      0,00      0,00      0,00      0,00      0,00     85,29

13:35:20        CPU      %usr     %nice      %sys   %iowait    %steal      %irq     %soft    %guest    %gnice     %idle
13:35:21        all     12,41      0,00      4,05      0,00      0,00      0,76      1,01      0,00      0,00     81,77
13:35:21          0     13,00      0,00      4,00      0,00      0,00      3,00      4,00      0,00      0,00     76,00
13:35:21          1     12,24      0,00      4,08      0,00      0,00      0,00      0,00      0,00      0,00     83,67
13:35:21          2     12,24      0,00      4,08      0,00      0,00      0,00      0,00      0,00      0,00     83,67
13:35:21          3     12,12      0,00      4,04      0,00      0,00      0,00      0,00      0,00      0,00     83,84

13:35:21        CPU      %usr     %nice      %sys   %iowait    %steal      %irq     %soft    %guest    %gnice     %idle
13:35:22        all      7,81      0,00      2,77      0,00      0,00      0,25      0,76      0,00      0,00     88,41
13:35:22          0      8,00      0,00      4,00      0,00      0,00      1,00      3,00      0,00      0,00     84,00
13:35:22          1      7,14      0,00      2,04      0,00      0,00      0,00      0,00      0,00      0,00     90,82
13:35:22          2      8,08      0,00      2,02      0,00      0,00      0,00      0,00      0,00      0,00     89,90
13:35:22          3      8,00      0,00      3,00      0,00      0,00      0,00      0,00      0,00      0,00     89,00

13:35:22        CPU      %usr     %nice      %sys   %iowait    %steal      %irq     %soft    %guest    %gnice     %idle
13:35:23        all     11,87      0,00      3,54      0,00      0,00      1,01      1,01      0,00      0,00     82,58
13:35:23          0     12,12      0,00      4,04      0,00      0,00      3,03      4,04      0,00      0,00     76,77
13:35:23          1     13,00      0,00      3,00      0,00      0,00      0,00      0,00      0,00      0,00     84,00
13:35:23          2     10,10      0,00      4,04      0,00      0,00      1,01      0,00      0,00      0,00     84,85
13:35:23          3     12,24      0,00      3,06      0,00      0,00      0,00      0,00      0,00      0,00     84,69

13:35:23        CPU      %usr     %nice      %sys   %iowait    %steal      %irq     %soft    %guest    %gnice     %idle
13:35:24        all      1,75      0,00      1,25      0,00      0,00      0,00      0,25      0,00      0,00     96,76
13:35:24          0      1,00      0,00      1,00      0,00      0,00      0,00      1,00      0,00      0,00     97,00
13:35:24          1      2,97      0,00      0,99      0,00      0,00      0,00      0,00      0,00      0,00     96,04
13:35:24          2      1,00      0,00      2,00      0,00      0,00      0,00      0,00      0,00      0,00     97,00
13:35:24          3      2,00      0,00      1,00      0,00      0,00      0,00      0,00      0,00      0,00     97,00

13:35:24        CPU      %usr     %nice      %sys   %iowait    %steal      %irq     %soft    %guest    %gnice     %idle
13:35:25        all     10,00      0,00      3,25      0,25      0,00      0,75      0,75      0,00      0,00     85,00
13:35:25          0      9,90      0,00      4,95      0,00      0,00      1,98      2,97      0,00      0,00     80,20
13:35:25          1      9,09      0,00      3,03      0,00      0,00      0,00      0,00      0,00      0,00     87,88
13:35:25          2     10,10      0,00      2,02      0,00      0,00      0,00      0,00      0,00      0,00     87,88
13:35:25          3     10,89      0,00      2,97      0,99      0,00      0,99      0,00      0,00      0,00     84,16

13:35:25        CPU      %usr     %nice      %sys   %iowait    %steal      %irq     %soft    %guest    %gnice     %idle
13:35:26        all      9,82      0,00      3,02      0,00      0,00      0,50      1,01      0,00      0,00     85,64
13:35:26          0     10,00      0,00      4,00      0,00      0,00      2,00      4,00      0,00      0,00     80,00
13:35:26          1      9,09      0,00      3,03      0,00      0,00      0,00      0,00      0,00      0,00     87,88
13:35:26          2     10,10      0,00      3,03      0,00      0,00      0,00      0,00      0,00      0,00     86,87
13:35:26          3     10,10      0,00      2,02      0,00      0,00      0,00      0,00      0,00      0,00     87,88

13:35:26        CPU      %usr     %nice      %sys   %iowait    %steal      %irq     %soft    %guest    %gnice     %idle
13:35:27        all      7,48      0,00      2,24      0,25      0,00      0,75      1,00      0,00      0,00     88,28
13:35:27          0      7,84      0,00      3,92      0,00      0,00      1,96      2,94      0,00      0,00     83,33
13:35:27          1      7,92      0,00      1,98      0,99      0,00      0,99      0,00      0,00      0,00     88,12
13:35:27          2      7,07      0,00      2,02      0,00      0,00      0,00      0,00      0,00      0,00     90,91
13:35:27          3      7,07      0,00      1,01      0,00      0,00      0,00      1,01      0,00      0,00     90,91

13:35:27        CPU      %usr     %nice      %sys   %iowait    %steal      %irq     %soft    %guest    %gnice     %idle
13:35:28        all     15,91      0,00      6,57      0,00      0,00      0,76      1,52      0,00      0,00     75,25
13:35:28          0     16,49      0,00      9,28      0,00      0,00      3,09      5,15      0,00      0,00     65,98
13:35:28          1     16,00      0,00      6,00      0,00      0,00      0,00      0,00      0,00      0,00     78,00
13:35:28          2     14,29      0,00      5,10      0,00      0,00      0,00      1,02      0,00      0,00     79,59
13:35:28          3     16,83      0,00      5,94      0,00      0,00      0,00      0,00      0,00      0,00     77,23

13:35:28        CPU      %usr     %nice      %sys   %iowait    %steal      %irq     %soft    %guest    %gnice     %idle
13:35:29        all      0,75      0,00      0,00      0,00      0,00      0,00      0,25      0,00      0,00     99,00
13:35:29          0      0,99      0,00      0,00      0,00      0,00      0,00      0,99      0,00      0,00     98,02
13:35:29          1      0,00      0,00      0,00      0,00      0,00      0,00      0,00      0,00      0,00    100,00
13:35:29          2      1,00      0,00      0,00      0,00      0,00      0,00      0,00      0,00      0,00     99,00
13:35:29          3      1,00      0,00      0,00      0,00      0,00      0,00      0,00      0,00      0,00     99,00

13:35:29        CPU      %usr     %nice      %sys   %iowait    %steal      %irq     %soft    %guest    %gnice     %idle
13:35:30        all      8,02      0,00      2,76      0,00      0,00      0,50      0,75      0,00      0,00     87,97
13:35:30          0      7,00      0,00      4,00      0,00      0,00      2,00      3,00      0,00      0,00     84,00
13:35:30          1      9,00      0,00      2,00      0,00      0,00      0,00      0,00      0,00      0,00     89,00
13:35:30          2      8,00      0,00      3,00      0,00      0,00      0,00      0,00      0,00      0,00     89,00
13:35:30          3      8,08      0,00      2,02      0,00      0,00      0,00      0,00      0,00      0,00     89,90

13:35:30        CPU      %usr     %nice      %sys   %iowait    %steal      %irq     %soft    %guest    %gnice     %idle
13:35:31        all     12,59      0,00      4,28      0,25      0,00      0,50      1,01      0,00      0,00     81,36
13:35:31          0     12,12      0,00      5,05      0,00      0,00      2,02      4,04      0,00      0,00     76,77
13:35:31          1     12,12      0,00      4,04      1,01      0,00      0,00      0,00      0,00      0,00     82,83
13:35:31          2     12,12      0,00      4,04      0,00      0,00      0,00      0,00      0,00      0,00     83,84
13:35:31          3     14,00      0,00      4,00      0,00      0,00      0,00      0,00      0,00      0,00     82,00

13:35:31        CPU      %usr     %nice      %sys   %iowait    %steal      %irq     %soft    %guest    %gnice     %idle
13:35:32        all      7,50      0,00      4,75      0,00      0,00      1,00      0,75      0,00      0,00     86,00
13:35:32          0      6,93      0,00     11,88      0,00      0,00      1,98      2,97      0,00      0,00     76,24
13:35:32          1      9,00      0,00      2,00      0,00      0,00      0,00      0,00      0,00      0,00     89,00
13:35:32          2      7,07      0,00      2,02      0,00      0,00      1,01      0,00      0,00      0,00     89,90
13:35:32          3      7,00      0,00      3,00      0,00      0,00      1,00      0,00      0,00      0,00     89,00

13:35:32        CPU      %usr     %nice      %sys   %iowait    %steal      %irq     %soft    %guest    %gnice     %idle
13:35:33        all     10,89      0,00      3,29      0,00      0,00      0,76      1,27      0,00      0,00     83,80
13:35:33          0     11,00      0,00      4,00      0,00      0,00      3,00      5,00      0,00      0,00     77,00
13:35:33          1     10,20      0,00      3,06      0,00      0,00      0,00      0,00      0,00      0,00     86,73
13:35:33          2     11,11      0,00      3,03      0,00      0,00      0,00      0,00      0,00      0,00     85,86
13:35:33          3     11,22      0,00      3,06      0,00      0,00      0,00      0,00      0,00      0,00     85,71

13:35:33        CPU      %usr     %nice      %sys   %iowait    %steal      %irq     %soft    %guest    %gnice     %idle
13:35:34        all      2,77      0,00      1,26      0,00      0,00      0,00      0,00      0,00      0,00     95,97
13:35:34          0      3,06      0,00      1,02      0,00      0,00      0,00      0,00      0,00      0,00     95,92
13:35:34          1      3,00      0,00      2,00      0,00      0,00      0,00      0,00      0,00      0,00     95,00
13:35:34          2      3,00      0,00      1,00      0,00      0,00      0,00      0,00      0,00      0,00     96,00
13:35:34          3      2,02      0,00      1,01      0,00      0,00      0,00      0,00      0,00      0,00     96,97

13:35:34        CPU      %usr     %nice      %sys   %iowait    %steal      %irq     %soft    %guest    %gnice     %idle
13:35:35        all      8,56      0,00      2,52      0,00      0,00      0,50      1,01      0,00      0,00     87,41
13:35:35          0      7,92      0,00      2,97      0,00      0,00      1,98      3,96      0,00      0,00     83,17
13:35:35          1      9,09      0,00      3,03      0,00      0,00      0,00      0,00      0,00      0,00     87,88
13:35:35          2      9,09      0,00      2,02      0,00      0,00      0,00      0,00      0,00      0,00     88,89
13:35:35          3      8,16      0,00      2,04      0,00      0,00      0,00      0,00      0,00      0,00     89,80

13:35:35        CPU      %usr     %nice      %sys   %iowait    %steal      %irq     %soft    %guest    %gnice     %idle
13:35:36        all     12,12      0,00      4,04      0,00      0,00      0,76      1,26      0,00      0,00     81,82
13:35:36          0     11,34      0,00      4,12      0,00      0,00      2,06      4,12      0,00      0,00     78,35
13:35:36          1     13,73      0,00      3,92      0,00      0,00      0,98      0,98      0,00      0,00     80,39
13:35:36          2     12,12      0,00      4,04      0,00      0,00      0,00      0,00      0,00      0,00     83,84
13:35:36          3     11,22      0,00      4,08      0,00      0,00      0,00      0,00      0,00      0,00     84,69

13:35:36        CPU      %usr     %nice      %sys   %iowait    %steal      %irq     %soft    %guest    %gnice     %idle
13:35:37        all      9,34      0,00      3,03      0,00      0,00      0,76      0,76      0,00      0,00     86,11
13:35:37          0      9,18      0,00      3,06      0,00      0,00      3,06      3,06      0,00      0,00     81,63
13:35:37          1      8,16      0,00      3,06      0,00      0,00      0,00      0,00      0,00      0,00     88,78
13:35:37          2     10,10      0,00      2,02      0,00      0,00      0,00      0,00      0,00      0,00     87,88
13:35:37          3      9,90      0,00      3,96      0,00      0,00      0,00      0,00      0,00      0,00     86,14

13:35:37        CPU      %usr     %nice      %sys   %iowait    %steal      %irq     %soft    %guest    %gnice     %idle
13:35:38        all     11,65      0,00      3,54      0,00      0,00      0,51      1,27      0,00      0,00     83,04
13:35:38          0     11,22      0,00      4,08      0,00      0,00      2,04      5,10      0,00      0,00     77,55
13:35:38          1     12,12      0,00      3,03      0,00      0,00      0,00      0,00      0,00      0,00     84,85
13:35:38          2     12,00      0,00      4,00      0,00      0,00      0,00      0,00      0,00      0,00     84,00
13:35:38          3     11,22      0,00      3,06      0,00      0,00      0,00      0,00      0,00      0,00     85,71

13:35:38        CPU      %usr     %nice      %sys   %iowait    %steal      %irq     %soft    %guest    %gnice     %idle
13:35:39        all      3,73      0,00      1,24      0,25      0,00      0,50      0,25      0,00      0,00     94,03
13:35:39          0      3,00      0,00      2,00      0,00      0,00      1,00      1,00      0,00      0,00     93,00
13:35:39          1      4,00      0,00      1,00      1,00      0,00      0,00      0,00      0,00      0,00     94,00
13:35:39          2      4,90      0,00      0,98      0,00      0,00      0,98      0,00      0,00      0,00     93,14
13:35:39          3      3,00      0,00      1,00      0,00      0,00      0,00      0,00      0,00      0,00     96,00

13:35:39        CPU      %usr     %nice      %sys   %iowait    %steal      %irq     %soft    %guest    %gnice     %idle
13:35:40        all      7,77      0,00      3,01      0,50      0,00      0,75      0,75      0,00      0,00     87,22
13:35:40          0      7,07      0,00      3,03      1,01      0,00      2,02      3,03      0,00      0,00     83,84
13:35:40          1      8,00      0,00      3,00      1,00      0,00      0,00      0,00      0,00      0,00     88,00
13:35:40          2      7,07      0,00      3,03      0,00      0,00      0,00      0,00      0,00      0,00     89,90
13:35:40          3      8,91      0,00      2,97      0,00      0,00      0,99      0,00      0,00      0,00     87,13

13:35:40        CPU      %usr     %nice      %sys   %iowait    %steal      %irq     %soft    %guest    %gnice     %idle
13:35:41        all      8,88      0,00      3,55      0,25      0,00      0,51      0,76      0,00      0,00     86,04
13:35:41          0      9,09      0,00      5,05      0,00      0,00      2,02      3,03      0,00      0,00     80,81
13:35:41          1      8,08      0,00      3,03      1,01      0,00      0,00      0,00      0,00      0,00     87,88
13:35:41          2      8,25      0,00      3,09      0,00      0,00      0,00      0,00      0,00      0,00     88,66
13:35:41          3     10,10      0,00      3,03      0,00      0,00      0,00      0,00      0,00      0,00     86,87

13:35:41        CPU      %usr     %nice      %sys   %iowait    %steal      %irq     %soft    %guest    %gnice     %idle
13:35:42        all     10,55      0,00      3,77      0,00      0,00      0,75      1,01      0,00      0,00     83,92
13:35:42          0     10,20      0,00      3,06      0,00      0,00      2,04      4,08      0,00      0,00     80,61
13:35:42          1     10,00      0,00      4,00      0,00      0,00      1,00      0,00      0,00      0,00     85,00
13:35:42          2     11,88      0,00      3,96      0,00      0,00      0,00      0,00      0,00      0,00     84,16
13:35:42          3     10,10      0,00      4,04      0,00      0,00      0,00      0,00      0,00      0,00     85,86

13:35:42        CPU      %usr     %nice      %sys   %iowait    %steal      %irq     %soft    %guest    %gnice     %idle
13:35:43        all     11,59      0,00      3,78      0,00      0,00      0,76      1,26      0,00      0,00     82,62
13:35:43          0     11,22      0,00      3,06      0,00      0,00      3,06      5,10      0,00      0,00     77,55
13:35:43          1     12,00      0,00      4,00      0,00      0,00      0,00      0,00      0,00      0,00     84,00
13:35:43          2     10,20      0,00      4,08      0,00      0,00      0,00      0,00      0,00      0,00     85,71
13:35:43          3     12,87      0,00      3,96      0,00      0,00      0,00      0,00      0,00      0,00     83,17

13:35:43        CPU      %usr     %nice      %sys   %iowait    %steal      %irq     %soft    %guest    %gnice     %idle
13:35:44        all      4,77      0,00      1,76      0,00      0,00      0,25      0,25      0,00      0,00     92,96
13:35:44          0      4,95      0,00      1,98      0,00      0,00      0,99      0,99      0,00      0,00     91,09
13:35:44          1      4,08      0,00      1,02      0,00      0,00      0,00      0,00      0,00      0,00     94,90
13:35:44          2      6,00      0,00      2,00      0,00      0,00      0,00      0,00      0,00      0,00     92,00
13:35:44          3      4,04      0,00      2,02      0,00      0,00      0,00      0,00      0,00      0,00     93,94

13:35:44        CPU      %usr     %nice      %sys   %iowait    %steal      %irq     %soft    %guest    %gnice     %idle
13:35:45        all      7,21      0,00      2,49      0,00      0,00      0,75      0,75      0,00      0,00     88,81
13:35:45          0      7,00      0,00      2,00      0,00      0,00      1,00      3,00      0,00      0,00     87,00
13:35:45          1      7,92      0,00      2,97      0,00      0,00      0,00      0,00      0,00      0,00     89,11
13:35:45          2      6,93      0,00      2,97      0,00      0,00      0,99      0,00      0,00      0,00     89,11
13:35:45          3      7,00      0,00      2,00      0,00      0,00      1,00      0,00      0,00      0,00     90,00

13:35:45        CPU      %usr     %nice      %sys   %iowait    %steal      %irq     %soft    %guest    %gnice     %idle
13:35:46        all      6,55      0,00      2,52      0,00      0,00      0,50      0,76      0,00      0,00     89,67
13:35:46          0      7,00      0,00      3,00      0,00      0,00      2,00      3,00      0,00      0,00     85,00
13:35:46          1      6,06      0,00      2,02      0,00      0,00      0,00      0,00      0,00      0,00     91,92
13:35:46          2      5,10      0,00      3,06      0,00      0,00      0,00      0,00      0,00      0,00     91,84
13:35:46          3      8,00      0,00      2,00      0,00      0,00      0,00      0,00      0,00      0,00     90,00

13:35:46        CPU      %usr     %nice      %sys   %iowait    %steal      %irq     %soft    %guest    %gnice     %idle
13:35:47        all     28,39      0,00     12,79      0,00      0,00      1,02      2,05      0,00      0,00     55,75
13:35:47          0     23,71      0,00     12,37      0,00      0,00      4,12      6,19      0,00      0,00     53,61
13:35:47          1     25,77      0,00     10,31      0,00      0,00      0,00      0,00      0,00      0,00     63,92
13:35:47          2     27,55      0,00     11,22      0,00      0,00      0,00      1,02      0,00      0,00     60,20
13:35:47          3     36,36      0,00     17,17      0,00      0,00      0,00      1,01      0,00      0,00     45,45

13:35:47        CPU      %usr     %nice      %sys   %iowait    %steal      %irq     %soft    %guest    %gnice     %idle
13:35:48        all     19,95      0,00      9,34      0,00      0,00      1,26      1,52      0,00      0,00     67,93
13:35:48          0     15,31      0,00      9,18      0,00      0,00      4,08      6,12      0,00      0,00     65,31
13:35:48          1     18,81      0,00      8,91      0,00      0,00      0,99      0,00      0,00      0,00     71,29
13:35:48          2     19,59      0,00      8,25      0,00      0,00      0,00      0,00      0,00      0,00     72,16
13:35:48          3     26,00      0,00     11,00      0,00      0,00      0,00      0,00      0,00      0,00     63,00

13:35:48        CPU      %usr     %nice      %sys   %iowait    %steal      %irq     %soft    %guest    %gnice     %idle
13:35:49        all      5,29      0,00      1,76      0,25      0,00      0,25      0,25      0,00      0,00     92,19
13:35:49          0      5,00      0,00      2,00      0,00      0,00      1,00      1,00      0,00      0,00     91,00
13:35:49          1      5,05      0,00      2,02      1,01      0,00      0,00      0,00      0,00      0,00     91,92
13:35:49          2      6,06      0,00      2,02      0,00      0,00      0,00      0,00      0,00      0,00     91,92
13:35:49          3      5,05      0,00      1,01      0,00      0,00      0,00      0,00      0,00      0,00     93,94

13:35:49        CPU      %usr     %nice      %sys   %iowait    %steal      %irq     %soft    %guest    %gnice     %idle
13:35:50        all      5,51      0,00      3,01      1,00      0,00      0,75      0,75      0,00      0,00     88,97
13:35:50          0      5,05      0,00      3,03      1,01      0,00      1,01      3,03      0,00      0,00     86,87
13:35:50          1      5,00      0,00      4,00      1,00      0,00      0,00      0,00      0,00      0,00     90,00
13:35:50          2      5,94      0,00      2,97      1,98      0,00      0,99      0,00      0,00      0,00     88,12
13:35:50          3      6,06      0,00      2,02      0,00      0,00      1,01      0,00      0,00      0,00     90,91

13:35:50        CPU      %usr     %nice      %sys   %iowait    %steal      %irq     %soft    %guest    %gnice     %idle
13:35:51        all      7,05      0,00      2,27      0,00      0,00      0,50      0,50      0,00      0,00     89,67
13:35:51          0      7,07      0,00      2,02      0,00      0,00      2,02      2,02      0,00      0,00     86,87
13:35:51          1      6,12      0,00      2,04      0,00      0,00      0,00      0,00      0,00      0,00     91,84
13:35:51          2      7,00      0,00      3,00      0,00      0,00      0,00      0,00      0,00      0,00     90,00
13:35:51          3      8,00      0,00      2,00      0,00      0,00      0,00      0,00      0,00      0,00     90,00

Média:         CPU      %usr     %nice      %sys   %iowait    %steal      %irq     %soft    %guest    %gnice     %idle
Média:         all      7,95      0,00      2,93      0,09      0,00      0,52      0,77      0,00      0,00     87,74
Média:           0      7,75      0,00      3,55      0,05      0,00      1,71      2,95      0,00      0,00     83,99
Média:           1      7,84      0,00      2,66      0,20      0,00      0,12      0,03      0,00      0,00     89,15
Média:           2      7,75      0,00      2,68      0,07      0,00      0,13      0,05      0,00      0,00     89,31
Média:           3      8,45      0,00      2,84      0,03      0,00      0,13      0,05      0,00      0,00     88,50
