Linux 5.14.0-503.19.1.el9_5.x86_64 (localhost.localdomain) 	16/04/2025 	_x86_64_	(4 CPU)

13:58:09        CPU      %usr     %nice      %sys   %iowait    %steal      %irq     %soft    %guest    %gnice     %idle
13:58:10        all      0,00      0,00      0,00      0,00      0,00      0,00      0,00      0,00      0,00    100,00
13:58:10          0      0,00      0,00      0,00      0,00      0,00      0,00      0,00      0,00      0,00    100,00
13:58:10          1      0,00      0,00      0,00      0,00      0,00      0,00      0,00      0,00      0,00    100,00
13:58:10          2      0,00      0,00      0,00      0,00      0,00      0,00      0,00      0,00      0,00    100,00
13:58:10          3      0,00      0,00      0,00      0,00      0,00      0,00      0,00      0,00      0,00    100,00

13:58:10        CPU      %usr     %nice      %sys   %iowait    %steal      %irq     %soft    %guest    %gnice     %idle
13:58:11        all      0,00      0,00      0,00      0,00      0,00      0,00      0,00      0,00      0,00    100,00
13:58:11          0      0,00      0,00      0,00      0,00      0,00      0,00      0,00      0,00      0,00    100,00
13:58:11          1      0,00      0,00      0,00      0,00      0,00      0,00      0,00      0,00      0,00    100,00
13:58:11          2      0,00      0,00      0,00      0,00      0,00      0,00      0,00      0,00      0,00    100,00
13:58:11          3      0,00      0,00      0,00      0,00      0,00      0,00      0,00      0,00      0,00    100,00

13:58:11        CPU      %usr     %nice      %sys   %iowait    %steal      %irq     %soft    %guest    %gnice     %idle
13:58:12        all      0,00      0,00      0,00      0,00      0,00      0,00      0,00      0,00      0,00    100,00
13:58:12          0      0,00      0,00      0,00      0,00      0,00      0,00      0,00      0,00      0,00    100,00
13:58:12          1      0,00      0,00      0,00      0,00      0,00      0,00      0,00      0,00      0,00    100,00
13:58:12          2      0,00      0,00      0,00      0,00      0,00      0,00      0,00      0,00      0,00    100,00
13:58:12          3      0,00      0,00      0,00      0,00      0,00      0,00      0,00      0,00      0,00    100,00

13:58:12        CPU      %usr     %nice      %sys   %iowait    %steal      %irq     %soft    %guest    %gnice     %idle
13:58:13        all     10,71      0,00      4,59      0,00      0,00      0,77      2,04      0,00      0,00     81,89
13:58:13          0     10,10      0,00      6,06      0,00      0,00      3,03      8,08      0,00      0,00     72,73
13:58:13          1     12,12      0,00      4,04      0,00      0,00      0,00      0,00      0,00      0,00     83,84
13:58:13          2      9,38      0,00      4,17      0,00      0,00      0,00      0,00      0,00      0,00     86,46
13:58:13          3     11,22      0,00      4,08      0,00      0,00      0,00      0,00      0,00      0,00     84,69

13:58:13        CPU      %usr     %nice      %sys   %iowait    %steal      %irq     %soft    %guest    %gnice     %idle
13:58:14        all     13,35      0,00      5,29      0,00      0,00      1,01      2,52      0,00      0,00     77,83
13:58:14          0     12,24      0,00      6,12      0,00      0,00      3,06     10,20      0,00      0,00     68,37
13:58:14          1     14,00      0,00      5,00      0,00      0,00      0,00      0,00      0,00      0,00     81,00
13:58:14          2     14,85      0,00      4,95      0,00      0,00      0,00      0,00      0,00      0,00     80,20
13:58:14          3     12,24      0,00      5,10      0,00      0,00      1,02      0,00      0,00      0,00     81,63

13:58:14        CPU      %usr     %nice      %sys   %iowait    %steal      %irq     %soft    %guest    %gnice     %idle
13:58:15        all      4,02      0,00      1,76      0,00      0,00      0,25      0,75      0,00      0,00     93,22
13:58:15          0      4,00      0,00      2,00      0,00      0,00      1,00      3,00      0,00      0,00     90,00
13:58:15          1      4,04      0,00      1,01      0,00      0,00      0,00      0,00      0,00      0,00     94,95
13:58:15          2      4,04      0,00      2,02      0,00      0,00      0,00      0,00      0,00      0,00     93,94
13:58:15          3      4,00      0,00      2,00      0,00      0,00      0,00      0,00      0,00      0,00     94,00

13:58:15        CPU      %usr     %nice      %sys   %iowait    %steal      %irq     %soft    %guest    %gnice     %idle
13:58:16        all      0,25      0,00      0,00      0,25      0,00      0,00      0,00      0,00      0,00     99,50
13:58:16          0      0,00      0,00      0,00      0,00      0,00      0,00      0,00      0,00      0,00    100,00
13:58:16          1      0,00      0,00      0,00      1,00      0,00      0,00      0,00      0,00      0,00     99,00
13:58:16          2      0,99      0,00      0,00      0,00      0,00      0,00      0,00      0,00      0,00     99,01
13:58:16          3      0,00      0,00      0,00      0,00      0,00      0,00      0,00      0,00      0,00    100,00

13:58:16        CPU      %usr     %nice      %sys   %iowait    %steal      %irq     %soft    %guest    %gnice     %idle
13:58:17        all      0,25      0,00      0,00      0,00      0,00      0,00      0,00      0,00      0,00     99,75
13:58:17          0      0,00      0,00      0,00      0,00      0,00      0,00      0,00      0,00      0,00    100,00
13:58:17          1      0,00      0,00      0,00      0,00      0,00      0,00      0,00      0,00      0,00    100,00
13:58:17          2      0,00      0,00      0,00      0,00      0,00      0,00      0,00      0,00      0,00    100,00
13:58:17          3      0,99      0,00      0,00      0,00      0,00      0,00      0,00      0,00      0,00     99,01

13:58:17        CPU      %usr     %nice      %sys   %iowait    %steal      %irq     %soft    %guest    %gnice     %idle
13:58:18        all      0,00      0,00      0,00      0,00      0,00      0,75      1,26      0,00      0,00     97,99
13:58:18          0      0,00      0,00      0,00      0,00      0,00      3,00      5,00      0,00      0,00     92,00
13:58:18          1      0,00      0,00      0,00      0,00      0,00      0,00      0,00      0,00      0,00    100,00
13:58:18          2      0,00      0,00      0,00      0,00      0,00      0,00      0,00      0,00      0,00    100,00
13:58:18          3      0,00      0,00      0,00      0,00      0,00      0,00      0,00      0,00      0,00    100,00

13:58:18        CPU      %usr     %nice      %sys   %iowait    %steal      %irq     %soft    %guest    %gnice     %idle
13:58:19        all      0,00      0,00      0,00      0,00      0,00      0,50      1,00      0,00      0,00     98,50
13:58:19          0      0,00      0,00      0,00      0,00      0,00      2,02      4,04      0,00      0,00     93,94
13:58:19          1      0,00      0,00      0,00      0,00      0,00      0,00      0,00      0,00      0,00    100,00
13:58:19          2      0,00      0,00      0,00      0,00      0,00      0,00      0,00      0,00      0,00    100,00
13:58:19          3      0,00      0,00      0,00      0,00      0,00      0,00      0,00      0,00      0,00    100,00

13:58:19        CPU      %usr     %nice      %sys   %iowait    %steal      %irq     %soft    %guest    %gnice     %idle
13:58:20        all      0,00      0,00      0,00      0,25      0,00      0,50      1,00      0,00      0,00     98,25
13:58:20          0      0,00      0,00      0,00      0,00      0,00      2,02      4,04      0,00      0,00     93,94
13:58:20          1      0,00      0,00      0,00      1,00      0,00      0,00      0,00      0,00      0,00     99,00
13:58:20          2      0,00      0,00      0,00      0,00      0,00      0,00      0,00      0,00      0,00    100,00
13:58:20          3      0,00      0,00      0,00      0,00      0,00      0,00      0,00      0,00      0,00    100,00

13:58:20        CPU      %usr     %nice      %sys   %iowait    %steal      %irq     %soft    %guest    %gnice     %idle
13:58:21        all      0,00      0,00      0,00      0,00      0,00      0,00      0,25      0,00      0,00     99,75
13:58:21          0      0,00      0,00      0,00      0,00      0,00      0,00      0,00      0,00      0,00    100,00
13:58:21          1      0,00      0,00      0,00      0,00      0,00      0,00      0,00      0,00      0,00    100,00
13:58:21          2      0,00      0,00      0,00      0,00      0,00      0,00      0,99      0,00      0,00     99,01
13:58:21          3      0,00      0,00      0,00      0,00      0,00      0,00      0,00      0,00      0,00    100,00

13:58:21        CPU      %usr     %nice      %sys   %iowait    %steal      %irq     %soft    %guest    %gnice     %idle
13:58:22        all      0,00      0,00      0,25      0,00      0,00      0,00      0,00      0,00      0,00     99,75
13:58:22          0      0,00      0,00      0,00      0,00      0,00      0,00      0,00      0,00      0,00    100,00
13:58:22          1      0,00      0,00      0,99      0,00      0,00      0,00      0,00      0,00      0,00     99,01
13:58:22          2      0,00      0,00      0,00      0,00      0,00      0,00      0,00      0,00      0,00    100,00
13:58:22          3      0,00      0,00      0,00      0,00      0,00      0,00      0,00      0,00      0,00    100,00

13:58:22        CPU      %usr     %nice      %sys   %iowait    %steal      %irq     %soft    %guest    %gnice     %idle
13:58:23        all      0,25      0,00      2,01      0,00      0,00      0,75      1,25      0,00      0,00     95,74
13:58:23          0      1,00      0,00      8,00      0,00      0,00      2,00      5,00      0,00      0,00     84,00
13:58:23          1      0,00      0,00      0,00      0,00      0,00      1,00      0,00      0,00      0,00     99,00
13:58:23          2      0,00      0,00      0,00      0,00      0,00      0,00      0,00      0,00      0,00    100,00
13:58:23          3      0,00      0,00      0,00      0,00      0,00      0,00      0,00      0,00      0,00    100,00

13:58:23        CPU      %usr     %nice      %sys   %iowait    %steal      %irq     %soft    %guest    %gnice     %idle
13:58:24        all      0,00      0,00      0,00      0,00      0,00      0,50      1,00      0,00      0,00     98,50
13:58:24          0      0,00      0,00      0,00      0,00      0,00      2,02      4,04      0,00      0,00     93,94
13:58:24          1      0,00      0,00      0,00      0,00      0,00      0,00      0,00      0,00      0,00    100,00
13:58:24          2      0,00      0,00      0,00      0,00      0,00      0,00      0,00      0,00      0,00    100,00
13:58:24          3      0,00      0,00      0,00      0,00      0,00      0,00      0,00      0,00      0,00    100,00

13:58:24        CPU      %usr     %nice      %sys   %iowait    %steal      %irq     %soft    %guest    %gnice     %idle
13:58:25        all      0,25      0,00      0,25      0,00      0,00      0,50      1,25      0,00      0,00     97,76
13:58:25          0      0,00      0,00      0,99      0,00      0,00      1,98      4,95      0,00      0,00     92,08
13:58:25          1      0,00      0,00      0,00      0,00      0,00      0,00      0,00      0,00      0,00    100,00
13:58:25          2      1,00      0,00      0,00      0,00      0,00      0,00      0,00      0,00      0,00     99,00
13:58:25          3      0,00      0,00      0,00      0,00      0,00      0,00      0,00      0,00      0,00    100,00

13:58:25        CPU      %usr     %nice      %sys   %iowait    %steal      %irq     %soft    %guest    %gnice     %idle
13:58:26        all      0,50      0,00      0,00      0,25      0,00      0,25      0,00      0,00      0,00     99,00
13:58:26          0      0,00      0,00      0,00      0,00      0,00      0,00      0,00      0,00      0,00    100,00
13:58:26          1      0,99      0,00      0,00      0,99      0,00      0,00      0,00      0,00      0,00     98,02
13:58:26          2      0,00      0,00      0,00      0,00      0,00      0,99      0,00      0,00      0,00     99,01
13:58:26          3      0,99      0,00      0,00      0,00      0,00      0,00      0,00      0,00      0,00     99,01

13:58:26        CPU      %usr     %nice      %sys   %iowait    %steal      %irq     %soft    %guest    %gnice     %idle
13:58:27        all      0,00      0,00      0,00      0,00      0,00      0,00      0,00      0,00      0,00    100,00
13:58:27          0      0,00      0,00      0,00      0,00      0,00      0,00      0,00      0,00      0,00    100,00
13:58:27          1      0,00      0,00      0,00      0,00      0,00      0,00      0,00      0,00      0,00    100,00
13:58:27          2      0,00      0,00      0,00      0,00      0,00      0,00      0,00      0,00      0,00    100,00
13:58:27          3      0,00      0,00      0,00      0,00      0,00      0,00      0,00      0,00      0,00    100,00

13:58:27        CPU      %usr     %nice      %sys   %iowait    %steal      %irq     %soft    %guest    %gnice     %idle
13:58:28        all      0,25      0,00      0,25      0,00      0,00      0,75      1,00      0,00      0,00     97,74
13:58:28          0      1,00      0,00      0,00      0,00      0,00      3,00      4,00      0,00      0,00     92,00
13:58:28          1      0,00      0,00      0,00      0,00      0,00      0,00      0,00      0,00      0,00    100,00
13:58:28          2      0,00      0,00      0,00      0,00      0,00      0,00      0,00      0,00      0,00    100,00
13:58:28          3      0,00      0,00      0,99      0,00      0,00      0,00      0,00      0,00      0,00     99,01

13:58:28        CPU      %usr     %nice      %sys   %iowait    %steal      %irq     %soft    %guest    %gnice     %idle
13:58:29        all      0,00      0,00      0,00      0,00      0,00      0,50      1,25      0,00      0,00     98,25
13:58:29          0      0,00      0,00      0,00      0,00      0,00      2,00      5,00      0,00      0,00     93,00
13:58:29          1      0,00      0,00      0,00      0,00      0,00      0,00      0,00      0,00      0,00    100,00
13:58:29          2      0,00      0,00      0,00      0,00      0,00      0,00      0,00      0,00      0,00    100,00
13:58:29          3      0,00      0,00      0,00      0,00      0,00      0,00      0,00      0,00      0,00    100,00

13:58:29        CPU      %usr     %nice      %sys   %iowait    %steal      %irq     %soft    %guest    %gnice     %idle
13:58:30        all      0,25      0,00      0,25      0,00      0,00      0,50      1,01      0,00      0,00     97,99
13:58:30          0      0,00      0,00      1,01      0,00      0,00      2,02      4,04      0,00      0,00     92,93
13:58:30          1      1,00      0,00      0,00      0,00      0,00      0,00      0,00      0,00      0,00     99,00
13:58:30          2      0,00      0,00      0,00      0,00      0,00      0,00      0,00      0,00      0,00    100,00
13:58:30          3      0,00      0,00      0,00      0,00      0,00      0,00      0,00      0,00      0,00    100,00

13:58:30        CPU      %usr     %nice      %sys   %iowait    %steal      %irq     %soft    %guest    %gnice     %idle
13:58:31        all      0,25      0,00      0,25      0,00      0,00      0,00      0,00      0,00      0,00     99,50
13:58:31          0      0,99      0,00      0,00      0,00      0,00      0,00      0,00      0,00      0,00     99,01
13:58:31          1      0,00      0,00      0,00      0,00      0,00      0,00      0,00      0,00      0,00    100,00
13:58:31          2      0,00      0,00      0,99      0,00      0,00      0,00      0,00      0,00      0,00     99,01
13:58:31          3      0,00      0,00      0,00      0,00      0,00      0,00      0,00      0,00      0,00    100,00

13:58:31        CPU      %usr     %nice      %sys   %iowait    %steal      %irq     %soft    %guest    %gnice     %idle
13:58:32        all      0,00      0,00      0,00      0,00      0,00      0,00      0,00      0,00      0,00    100,00
13:58:32          0      0,00      0,00      0,00      0,00      0,00      0,00      0,00      0,00      0,00    100,00
13:58:32          1      0,00      0,00      0,00      0,00      0,00      0,00      0,00      0,00      0,00    100,00
13:58:32          2      0,00      0,00      0,00      0,00      0,00      0,00      0,00      0,00      0,00    100,00
13:58:32          3      0,00      0,00      0,00      0,00      0,00      0,00      0,00      0,00      0,00    100,00

13:58:32        CPU      %usr     %nice      %sys   %iowait    %steal      %irq     %soft    %guest    %gnice     %idle
13:58:33        all      9,32      0,00      3,78      0,50      0,00      0,76      2,02      0,00      0,00     83,63
13:58:33          0      9,90      0,00      4,95      0,99      0,00      2,97      7,92      0,00      0,00     73,27
13:58:33          1      9,00      0,00      4,00      1,00      0,00      0,00      0,00      0,00      0,00     86,00
13:58:33          2      9,18      0,00      3,06      0,00      0,00      0,00      0,00      0,00      0,00     87,76
13:58:33          3      9,18      0,00      3,06      0,00      0,00      0,00      0,00      0,00      0,00     87,76

13:58:33        CPU      %usr     %nice      %sys   %iowait    %steal      %irq     %soft    %guest    %gnice     %idle
13:58:34        all     10,10      0,00      3,28      0,00      0,00      0,76      1,77      0,00      0,00     84,09
13:58:34          0     12,12      0,00      3,03      0,00      0,00      3,03      7,07      0,00      0,00     74,75
13:58:34          1      9,18      0,00      3,06      0,00      0,00      0,00      0,00      0,00      0,00     87,76
13:58:34          2      9,09      0,00      4,04      0,00      0,00      0,00      0,00      0,00      0,00     86,87
13:58:34          3     10,00      0,00      3,00      0,00      0,00      0,00      0,00      0,00      0,00     87,00

13:58:34        CPU      %usr     %nice      %sys   %iowait    %steal      %irq     %soft    %guest    %gnice     %idle
13:58:35        all     11,75      0,00      4,50      0,00      0,00      0,75      2,50      0,00      0,00     80,50
13:58:35          0     12,75      0,00      5,88      0,00      0,00      2,94      8,82      0,00      0,00     69,61
13:58:35          1     11,76      0,00      4,90      0,00      0,00      0,00      0,98      0,00      0,00     82,35
13:58:35          2     10,20      0,00      4,08      0,00      0,00      0,00      0,00      0,00      0,00     85,71
13:58:35          3     12,24      0,00      3,06      0,00      0,00      0,00      0,00      0,00      0,00     84,69

13:58:35        CPU      %usr     %nice      %sys   %iowait    %steal      %irq     %soft    %guest    %gnice     %idle
13:58:36        all      0,25      0,00      0,00      0,00      0,00      0,00      0,00      0,00      0,00     99,75
13:58:36          0      0,00      0,00      0,00      0,00      0,00      0,00      0,00      0,00      0,00    100,00
13:58:36          1      0,00      0,00      0,00      0,00      0,00      0,00      0,00      0,00      0,00    100,00
13:58:36          2      0,99      0,00      0,00      0,00      0,00      0,00      0,00      0,00      0,00     99,01
13:58:36          3      0,00      0,00      0,00      0,00      0,00      0,00      0,00      0,00      0,00    100,00

13:58:36        CPU      %usr     %nice      %sys   %iowait    %steal      %irq     %soft    %guest    %gnice     %idle
13:58:37        all      0,00      0,00      0,00      0,00      0,00      0,00      0,00      0,00      0,00    100,00
13:58:37          0      0,00      0,00      0,00      0,00      0,00      0,00      0,00      0,00      0,00    100,00
13:58:37          1      0,00      0,00      0,00      0,00      0,00      0,00      0,00      0,00      0,00    100,00
13:58:37          2      0,00      0,00      0,00      0,00      0,00      0,00      0,00      0,00      0,00    100,00
13:58:37          3      0,00      0,00      0,00      0,00      0,00      0,00      0,00      0,00      0,00    100,00

13:58:37        CPU      %usr     %nice      %sys   %iowait    %steal      %irq     %soft    %guest    %gnice     %idle
13:58:38        all      0,25      0,00      0,25      0,25      0,00      0,25      1,00      0,00      0,00     98,00
13:58:38          0      0,00      0,00      1,00      0,00      0,00      1,00      4,00      0,00      0,00     94,00
13:58:38          1      0,99      0,00      0,00      0,99      0,00      0,00      0,00      0,00      0,00     98,02
13:58:38          2      0,00      0,00      0,00      0,00      0,00      0,00      0,00      0,00      0,00    100,00
13:58:38          3      0,00      0,00      0,00      0,00      0,00      0,00      0,00      0,00      0,00    100,00

13:58:38        CPU      %usr     %nice      %sys   %iowait    %steal      %irq     %soft    %guest    %gnice     %idle
13:58:39        all      0,00      0,00      0,00      0,00      0,00      0,75      1,25      0,00      0,00     98,00
13:58:39          0      0,00      0,00      0,00      0,00      0,00      2,97      4,95      0,00      0,00     92,08
13:58:39          1      0,00      0,00      0,00      0,00      0,00      0,00      0,00      0,00      0,00    100,00
13:58:39          2      0,00      0,00      0,00      0,00      0,00      0,00      0,00      0,00      0,00    100,00
13:58:39          3      0,00      0,00      0,00      0,00      0,00      0,00      0,00      0,00      0,00    100,00

13:58:39        CPU      %usr     %nice      %sys   %iowait    %steal      %irq     %soft    %guest    %gnice     %idle
13:58:40        all      0,25      0,00      0,00      0,00      0,00      0,50      1,26      0,00      0,00     97,99
13:58:40          0      1,01      0,00      0,00      0,00      0,00      2,02      5,05      0,00      0,00     91,92
13:58:40          1      0,00      0,00      0,00      0,00      0,00      0,00      0,00      0,00      0,00    100,00
13:58:40          2      0,00      0,00      0,00      0,00      0,00      0,00      0,00      0,00      0,00    100,00
13:58:40          3      0,00      0,00      0,00      0,00      0,00      0,00      0,00      0,00      0,00    100,00

13:58:40        CPU      %usr     %nice      %sys   %iowait    %steal      %irq     %soft    %guest    %gnice     %idle
13:58:41        all      0,25      0,00      0,00      0,00      0,00      0,25      0,00      0,00      0,00     99,50
13:58:41          0      0,00      0,00      0,00      0,00      0,00      1,00      0,00      0,00      0,00     99,00
13:58:41          1      0,00      0,00      0,00      0,00      0,00      0,00      0,00      0,00      0,00    100,00
13:58:41          2      0,00      0,00      0,00      0,00      0,00      0,00      0,00      0,00      0,00    100,00
13:58:41          3      1,00      0,00      0,00      0,00      0,00      0,00      0,00      0,00      0,00     99,00

13:58:41        CPU      %usr     %nice      %sys   %iowait    %steal      %irq     %soft    %guest    %gnice     %idle
13:58:42        all      0,25      0,00      0,00      0,00      0,00      0,00      0,00      0,00      0,00     99,75
13:58:42          0      0,00      0,00      0,00      0,00      0,00      0,00      0,00      0,00      0,00    100,00
13:58:42          1      0,00      0,00      0,00      0,00      0,00      0,00      0,00      0,00      0,00    100,00
13:58:42          2      0,99      0,00      0,00      0,00      0,00      0,00      0,00      0,00      0,00     99,01
13:58:42          3      0,00      0,00      0,00      0,00      0,00      0,00      0,00      0,00      0,00    100,00

13:58:42        CPU      %usr     %nice      %sys   %iowait    %steal      %irq     %soft    %guest    %gnice     %idle
13:58:43        all      0,25      0,00      0,50      0,00      0,00      0,25      1,00      0,00      0,00     98,00
13:58:43          0      0,98      0,00      0,98      0,00      0,00      0,98      3,92      0,00      0,00     93,14
13:58:43          1      0,00      0,00      0,00      0,00      0,00      0,00      0,00      0,00      0,00    100,00
13:58:43          2      0,00      0,00      1,00      0,00      0,00      0,00      0,00      0,00      0,00     99,00
13:58:43          3      0,00      0,00      0,00      0,00      0,00      0,00      0,00      0,00      0,00    100,00

13:58:43        CPU      %usr     %nice      %sys   %iowait    %steal      %irq     %soft    %guest    %gnice     %idle
13:58:44        all      0,00      0,00      0,25      0,00      0,00      0,75      1,00      0,00      0,00     98,00
13:58:44          0      0,00      0,00      0,00      0,00      0,00      3,03      4,04      0,00      0,00     92,93
13:58:44          1      0,00      0,00      0,00      0,00      0,00      0,00      0,00      0,00      0,00    100,00
13:58:44          2      0,00      0,00      0,00      0,00      0,00      0,00      0,00      0,00      0,00    100,00
13:58:44          3      0,00      0,00      0,99      0,00      0,00      0,00      0,00      0,00      0,00     99,01

13:58:44        CPU      %usr     %nice      %sys   %iowait    %steal      %irq     %soft    %guest    %gnice     %idle
13:58:45        all      0,25      0,00      2,02      0,00      0,00      0,51      1,26      0,00      0,00     95,96
13:58:45          0      0,00      0,00      8,16      0,00      0,00      2,04      5,10      0,00      0,00     84,69
13:58:45          1      0,00      0,00      0,00      0,00      0,00      0,00      0,00      0,00      0,00    100,00
13:58:45          2      1,00      0,00      0,00      0,00      0,00      0,00      0,00      0,00      0,00     99,00
13:58:45          3      0,00      0,00      0,00      0,00      0,00      0,00      0,00      0,00      0,00    100,00

13:58:45        CPU      %usr     %nice      %sys   %iowait    %steal      %irq     %soft    %guest    %gnice     %idle
13:58:46        all      0,49      0,00      0,25      0,25      0,00      0,49      0,25      0,00      0,00     98,28
13:58:46          0      0,00      0,00      0,00      0,00      0,00      0,99      0,99      0,00      0,00     98,02
13:58:46          1      0,97      0,00      0,97      0,97      0,00      0,00      0,00      0,00      0,00     97,09
13:58:46          2      0,00      0,00      0,00      0,00      0,00      0,00      0,00      0,00      0,00    100,00
13:58:46          3      0,98      0,00      0,00      0,00      0,00      0,98      0,00      0,00      0,00     98,04

13:58:46        CPU      %usr     %nice      %sys   %iowait    %steal      %irq     %soft    %guest    %gnice     %idle
13:58:47        all      0,00      0,00      0,00      0,00      0,00      0,00      0,00      0,00      0,00    100,00
13:58:47          0      0,00      0,00      0,00      0,00      0,00      0,00      0,00      0,00      0,00    100,00
13:58:47          1      0,00      0,00      0,00      0,00      0,00      0,00      0,00      0,00      0,00    100,00
13:58:47          2      0,00      0,00      0,00      0,00      0,00      0,00      0,00      0,00      0,00    100,00
13:58:47          3      0,00      0,00      0,00      0,00      0,00      0,00      0,00      0,00      0,00    100,00

13:58:47        CPU      %usr     %nice      %sys   %iowait    %steal      %irq     %soft    %guest    %gnice     %idle
13:58:48        all      0,00      0,00      0,00      0,00      0,00      0,25      0,76      0,00      0,00     98,99
13:58:48          0      0,00      0,00      0,00      0,00      0,00      1,01      3,03      0,00      0,00     95,96
13:58:48          1      0,00      0,00      0,00      0,00      0,00      0,00      0,00      0,00      0,00    100,00
13:58:48          2      0,00      0,00      0,00      0,00      0,00      0,00      0,00      0,00      0,00    100,00
13:58:48          3      0,00      0,00      0,00      0,00      0,00      0,00      0,00      0,00      0,00    100,00

13:58:48        CPU      %usr     %nice      %sys   %iowait    %steal      %irq     %soft    %guest    %gnice     %idle
13:58:49        all      0,50      0,00      0,00      0,00      0,00      0,75      1,24      0,00      0,00     97,51
13:58:49          0      0,99      0,00      0,00      0,00      0,00      2,97      4,95      0,00      0,00     91,09
13:58:49          1      0,00      0,00      0,00      0,00      0,00      0,00      0,00      0,00      0,00    100,00
13:58:49          2      0,99      0,00      0,00      0,00      0,00      0,00      0,00      0,00      0,00     99,01
13:58:49          3      0,00      0,00      0,00      0,00      0,00      0,00      0,00      0,00      0,00    100,00

13:58:49        CPU      %usr     %nice      %sys   %iowait    %steal      %irq     %soft    %guest    %gnice     %idle
13:58:50        all      0,50      0,00      0,25      0,00      0,00      0,50      1,25      0,00      0,00     97,51
13:58:50          0      0,00      0,00      1,00      0,00      0,00      2,00      5,00      0,00      0,00     92,00
13:58:50          1      0,99      0,00      0,00      0,00      0,00      0,00      0,00      0,00      0,00     99,01
13:58:50          2      0,00      0,00      0,00      0,00      0,00      0,00      0,00      0,00      0,00    100,00
13:58:50          3      1,00      0,00      0,00      0,00      0,00      0,00      0,00      0,00      0,00     99,00

13:58:50        CPU      %usr     %nice      %sys   %iowait    %steal      %irq     %soft    %guest    %gnice     %idle
13:58:51        all      0,00      0,00      0,00      0,00      0,00      0,25      0,25      0,00      0,00     99,50
13:58:51          0      0,00      0,00      0,00      0,00      0,00      1,00      1,00      0,00      0,00     98,00
13:58:51          1      0,00      0,00      0,00      0,00      0,00      0,00      0,00      0,00      0,00    100,00
13:58:51          2      0,00      0,00      0,00      0,00      0,00      0,00      0,00      0,00      0,00    100,00
13:58:51          3      0,00      0,00      0,00      0,00      0,00      0,00      0,00      0,00      0,00    100,00

13:58:51        CPU      %usr     %nice      %sys   %iowait    %steal      %irq     %soft    %guest    %gnice     %idle
13:58:52        all      0,00      0,00      0,00      0,00      0,00      0,00      0,00      0,00      0,00    100,00
13:58:52          0      0,00      0,00      0,00      0,00      0,00      0,00      0,00      0,00      0,00    100,00
13:58:52          1      0,00      0,00      0,00      0,00      0,00      0,00      0,00      0,00      0,00    100,00
13:58:52          2      0,00      0,00      0,00      0,00      0,00      0,00      0,00      0,00      0,00    100,00
13:58:52          3      0,00      0,00      0,00      0,00      0,00      0,00      0,00      0,00      0,00    100,00

13:58:52        CPU      %usr     %nice      %sys   %iowait    %steal      %irq     %soft    %guest    %gnice     %idle
13:58:53        all      0,50      0,00      0,75      0,25      0,00      0,25      0,75      0,00      0,00     97,51
13:58:53          0      1,01      0,00      0,00      0,00      0,00      1,01      3,03      0,00      0,00     94,95
13:58:53          1      0,00      0,00      0,99      0,99      0,00      0,00      0,00      0,00      0,00     98,02
13:58:53          2      0,00      0,00      1,00      0,00      0,00      0,00      0,00      0,00      0,00     99,00
13:58:53          3      0,99      0,00      0,99      0,00      0,00      0,00      0,00      0,00      0,00     98,02

13:58:53        CPU      %usr     %nice      %sys   %iowait    %steal      %irq     %soft    %guest    %gnice     %idle
13:58:54        all      0,25      0,00      0,00      0,00      0,00      0,75      1,25      0,00      0,00     97,76
13:58:54          0      0,00      0,00      0,00      0,00      0,00      3,00      5,00      0,00      0,00     92,00
13:58:54          1      0,00      0,00      0,00      0,00      0,00      0,00      0,00      0,00      0,00    100,00
13:58:54          2      0,99      0,00      0,00      0,00      0,00      0,00      0,00      0,00      0,00     99,01
13:58:54          3      0,00      0,00      0,00      0,00      0,00      0,00      0,00      0,00      0,00    100,00

13:58:54        CPU      %usr     %nice      %sys   %iowait    %steal      %irq     %soft    %guest    %gnice     %idle
13:58:55        all      0,25      0,00      0,00      0,00      0,00      0,25      0,75      0,00      0,00     98,75
13:58:55          0      0,00      0,00      0,00      0,00      0,00      1,00      3,00      0,00      0,00     96,00
13:58:55          1      1,00      0,00      0,00      0,00      0,00      0,00      0,00      0,00      0,00     99,00
13:58:55          2      0,00      0,00      0,00      0,00      0,00      0,00      0,00      0,00      0,00    100,00
13:58:55          3      0,00      0,00      0,00      0,00      0,00      0,00      0,00      0,00      0,00    100,00

13:58:55        CPU      %usr     %nice      %sys   %iowait    %steal      %irq     %soft    %guest    %gnice     %idle
13:58:56        all      2,00      0,00      0,75      0,00      0,00      1,00      1,00      0,00      0,00     95,26
13:58:56          0      1,98      0,00      0,99      0,00      0,00      1,98      3,96      0,00      0,00     91,09
13:58:56          1      2,00      0,00      0,00      0,00      0,00      1,00      0,00      0,00      0,00     97,00
13:58:56          2      1,98      0,00      0,99      0,00      0,00      0,99      0,00      0,00      0,00     96,04
13:58:56          3      2,02      0,00      1,01      0,00      0,00      0,00      0,00      0,00      0,00     96,97

13:58:56        CPU      %usr     %nice      %sys   %iowait    %steal      %irq     %soft    %guest    %gnice     %idle
13:58:57        all      0,25      0,00      0,00      0,25      0,00      0,00      0,00      0,00      0,00     99,50
13:58:57          0      0,00      0,00      0,00      0,00      0,00      0,00      0,00      0,00      0,00    100,00
13:58:57          1      0,00      0,00      0,00      1,01      0,00      0,00      0,00      0,00      0,00     98,99
13:58:57          2      1,00      0,00      0,00      0,00      0,00      0,00      0,00      0,00      0,00     99,00
13:58:57          3      0,00      0,00      0,00      0,00      0,00      0,00      0,00      0,00      0,00    100,00

13:58:57        CPU      %usr     %nice      %sys   %iowait    %steal      %irq     %soft    %guest    %gnice     %idle
13:58:58        all      5,82      0,00      2,28      0,00      0,00      0,25      1,01      0,00      0,00     90,63
13:58:58          0      5,05      0,00      4,04      0,00      0,00      1,01      4,04      0,00      0,00     85,86
13:58:58          1      7,00      0,00      2,00      0,00      0,00      0,00      0,00      0,00      0,00     91,00
13:58:58          2      4,17      0,00      1,04      0,00      0,00      0,00      0,00      0,00      0,00     94,79
13:58:58          3      7,00      0,00      2,00      0,00      0,00      0,00      0,00      0,00      0,00     91,00

13:58:58        CPU      %usr     %nice      %sys   %iowait    %steal      %irq     %soft    %guest    %gnice     %idle
13:58:59        all     11,56      0,00      5,03      0,25      0,00      1,01      2,01      0,00      0,00     80,15
13:58:59          0     12,87      0,00      6,93      0,00      0,00      3,96      7,92      0,00      0,00     68,32
13:58:59          1     11,88      0,00      4,95      0,99      0,00      0,00      0,00      0,00      0,00     82,18
13:58:59          2     10,10      0,00      5,05      0,00      0,00      0,00      0,00      0,00      0,00     84,85
13:58:59          3     11,34      0,00      3,09      0,00      0,00      0,00      0,00      0,00      0,00     85,57

13:58:59        CPU      %usr     %nice      %sys   %iowait    %steal      %irq     %soft    %guest    %gnice     %idle
13:59:00        all      7,04      0,00      2,26      0,00      0,00      0,25      1,26      0,00      0,00     89,20
13:59:00          0      6,12      0,00      3,06      0,00      0,00      1,02      5,10      0,00      0,00     84,69
13:59:00          1      7,00      0,00      2,00      0,00      0,00      0,00      0,00      0,00      0,00     91,00
13:59:00          2      8,00      0,00      2,00      0,00      0,00      0,00      0,00      0,00      0,00     90,00
13:59:00          3      7,00      0,00      2,00      0,00      0,00      0,00      0,00      0,00      0,00     91,00

13:59:00        CPU      %usr     %nice      %sys   %iowait    %steal      %irq     %soft    %guest    %gnice     %idle
13:59:01        all      7,79      0,00      2,26      0,00      0,00      0,50      1,51      0,00      0,00     87,94
13:59:01          0      7,00      0,00      3,00      0,00      0,00      2,00      6,00      0,00      0,00     82,00
13:59:01          1      8,00      0,00      2,00      0,00      0,00      0,00      0,00      0,00      0,00     90,00
13:59:01          2      8,08      0,00      2,02      0,00      0,00      0,00      0,00      0,00      0,00     89,90
13:59:01          3      8,08      0,00      2,02      0,00      0,00      0,00      0,00      0,00      0,00     89,90

13:59:01        CPU      %usr     %nice      %sys   %iowait    %steal      %irq     %soft    %guest    %gnice     %idle
13:59:02        all      0,00      0,00      0,00      0,00      0,00      0,00      0,00      0,00      0,00    100,00
13:59:02          0      0,00      0,00      0,00      0,00      0,00      0,00      0,00      0,00      0,00    100,00
13:59:02          1      0,00      0,00      0,00      0,00      0,00      0,00      0,00      0,00      0,00    100,00
13:59:02          2      0,00      0,00      0,00      0,00      0,00      0,00      0,00      0,00      0,00    100,00
13:59:02          3      0,00      0,00      0,00      0,00      0,00      0,00      0,00      0,00      0,00    100,00

13:59:02        CPU      %usr     %nice      %sys   %iowait    %steal      %irq     %soft    %guest    %gnice     %idle
13:59:03        all      0,50      0,00      0,50      0,00      0,00      0,50      0,50      0,00      0,00     98,00
13:59:03          0      1,00      0,00      0,00      0,00      0,00      2,00      2,00      0,00      0,00     95,00
13:59:03          1      0,00      0,00      0,00      0,00      0,00      0,00      0,00      0,00      0,00    100,00
13:59:03          2      0,00      0,00      1,00      0,00      0,00      0,00      0,00      0,00      0,00     99,00
13:59:03          3      0,99      0,00      0,99      0,00      0,00      0,00      0,00      0,00      0,00     98,02

13:59:03        CPU      %usr     %nice      %sys   %iowait    %steal      %irq     %soft    %guest    %gnice     %idle
13:59:04        all      0,25      0,00      0,25      0,00      0,00      0,50      1,50      0,00      0,00     97,49
13:59:04          0      0,00      0,00      1,01      0,00      0,00      2,02      5,05      0,00      0,00     91,92
13:59:04          1      0,00      0,00      0,00      0,00      0,00      0,00      0,00      0,00      0,00    100,00
13:59:04          2      0,99      0,00      0,00      0,00      0,00      0,00      0,99      0,00      0,00     98,02
13:59:04          3      0,00      0,00      0,00      0,00      0,00      0,00      0,00      0,00      0,00    100,00

13:59:04        CPU      %usr     %nice      %sys   %iowait    %steal      %irq     %soft    %guest    %gnice     %idle
13:59:05        all      0,74      0,00      0,00      0,25      0,00      0,50      0,74      0,00      0,00     97,77
13:59:05          0      0,99      0,00      0,00      0,00      0,00      1,98      2,97      0,00      0,00     94,06
13:59:05          1      0,99      0,00      0,00      0,99      0,00      0,00      0,00      0,00      0,00     98,02
13:59:05          2      0,00      0,00      0,00      0,00      0,00      0,00      0,00      0,00      0,00    100,00
13:59:05          3      0,99      0,00      0,00      0,00      0,00      0,00      0,00      0,00      0,00     99,01

13:59:05        CPU      %usr     %nice      %sys   %iowait    %steal      %irq     %soft    %guest    %gnice     %idle
13:59:06        all      0,00      0,00      0,00      0,00      0,00      0,50      1,26      0,00      0,00     98,24
13:59:06          0      0,00      0,00      0,00      0,00      0,00      2,02      4,04      0,00      0,00     93,94
13:59:06          1      0,00      0,00      0,00      0,00      0,00      0,00      0,00      0,00      0,00    100,00
13:59:06          2      0,00      0,00      0,00      0,00      0,00      0,00      0,00      0,00      0,00    100,00
13:59:06          3      0,00      0,00      0,00      0,00      0,00      0,00      1,00      0,00      0,00     99,00

13:59:06        CPU      %usr     %nice      %sys   %iowait    %steal      %irq     %soft    %guest    %gnice     %idle
13:59:07        all      0,50      0,00      2,00      0,00      0,00      0,00      0,00      0,00      0,00     97,50
13:59:07          0      1,00      0,00      8,00      0,00      0,00      0,00      0,00      0,00      0,00     91,00
13:59:07          1      0,00      0,00      0,00      0,00      0,00      0,00      0,00      0,00      0,00    100,00
13:59:07          2      0,99      0,00      0,00      0,00      0,00      0,00      0,00      0,00      0,00     99,01
13:59:07          3      0,00      0,00      0,00      0,00      0,00      0,00      0,00      0,00      0,00    100,00

13:59:07        CPU      %usr     %nice      %sys   %iowait    %steal      %irq     %soft    %guest    %gnice     %idle
13:59:08        all      0,50      0,00      0,50      0,00      0,00      0,25      0,75      0,00      0,00     97,99
13:59:08          0      0,00      0,00      0,00      0,00      0,00      1,01      3,03      0,00      0,00     95,96
13:59:08          1      1,00      0,00      1,00      0,00      0,00      0,00      0,00      0,00      0,00     98,00
13:59:08          2      0,00      0,00      1,00      0,00      0,00      0,00      0,00      0,00      0,00     99,00
13:59:08          3      1,00      0,00      0,00      0,00      0,00      0,00      0,00      0,00      0,00     99,00

13:59:08        CPU      %usr     %nice      %sys   %iowait    %steal      %irq     %soft    %guest    %gnice     %idle
13:59:09        all      0,25      0,00      0,00      0,00      0,00      0,75      1,25      0,00      0,00     97,75
13:59:09          0      1,00      0,00      0,00      0,00      0,00      3,00      5,00      0,00      0,00     91,00
13:59:09          1      0,00      0,00      0,00      0,00      0,00      0,00      0,00      0,00      0,00    100,00
13:59:09          2      0,00      0,00      0,00      0,00      0,00      0,00      0,00      0,00      0,00    100,00
13:59:09          3      0,00      0,00      0,00      0,00      0,00      0,00      0,00      0,00      0,00    100,00

Média:         CPU      %usr     %nice      %sys   %iowait    %steal      %irq     %soft    %guest    %gnice     %idle
Média:         all      1,71      0,00      0,77      0,05      0,00      0,38      0,80      0,00      0,00     96,30
Média:           0      1,75      0,00      1,27      0,02      0,00      1,40      3,12      0,00      0,00     92,43
Média:           1      1,73      0,00      0,62      0,17      0,00      0,03      0,02      0,00      0,00     97,43
Média:           2      1,64      0,00      0,63      0,00      0,00      0,03      0,03      0,00      0,00     97,66
Média:           3      1,70      0,00      0,57      0,00      0,00      0,03      0,02      0,00      0,00     97,68
