Linux 5.14.0-503.19.1.el9_5.x86_64 (localhost.localdomain) 	16/04/2025 	_x86_64_	(4 CPU)

13:51:44        CPU      %usr     %nice      %sys   %iowait    %steal      %irq     %soft    %guest    %gnice     %idle
13:51:45        all      0,00      0,00      0,00      0,00      0,00      0,00      0,00      0,00      0,00    100,00
13:51:45          0      0,00      0,00      0,00      0,00      0,00      0,00      0,00      0,00      0,00    100,00
13:51:45          1      0,00      0,00      0,00      0,00      0,00      0,00      0,00      0,00      0,00    100,00
13:51:45          2      0,00      0,00      0,00      0,00      0,00      0,00      0,00      0,00      0,00    100,00
13:51:45          3      0,00      0,00      0,00      0,00      0,00      0,00      0,00      0,00      0,00    100,00

13:51:45        CPU      %usr     %nice      %sys   %iowait    %steal      %irq     %soft    %guest    %gnice     %idle
13:51:46        all      0,00      0,00      0,00      0,00      0,00      0,00      0,00      0,00      0,00    100,00
13:51:46          0      0,00      0,00      0,00      0,00      0,00      0,00      0,00      0,00      0,00    100,00
13:51:46          1      0,00      0,00      0,00      0,00      0,00      0,00      0,00      0,00      0,00    100,00
13:51:46          2      0,00      0,00      0,00      0,00      0,00      0,00      0,00      0,00      0,00    100,00
13:51:46          3      0,00      0,00      0,00      0,00      0,00      0,00      0,00      0,00      0,00    100,00

13:51:46        CPU      %usr     %nice      %sys   %iowait    %steal      %irq     %soft    %guest    %gnice     %idle
13:51:47        all      0,00      0,00      0,00      0,25      0,00      0,00      0,00      0,00      0,00     99,75
13:51:47          0      0,00      0,00      0,00      0,00      0,00      0,00      0,00      0,00      0,00    100,00
13:51:47          1      0,00      0,00      0,00      0,99      0,00      0,00      0,00      0,00      0,00     99,01
13:51:47          2      0,00      0,00      0,00      0,00      0,00      0,00      0,00      0,00      0,00    100,00
13:51:47          3      0,00      0,00      0,00      0,00      0,00      0,00      0,00      0,00      0,00    100,00

13:51:47        CPU      %usr     %nice      %sys   %iowait    %steal      %irq     %soft    %guest    %gnice     %idle
13:51:48        all      0,00      0,00      0,00      0,00      0,00      0,50      1,25      0,00      0,00     98,25
13:51:48          0      0,00      0,00      0,00      0,00      0,00      2,00      5,00      0,00      0,00     93,00
13:51:48          1      0,00      0,00      0,00      0,00      0,00      0,00      0,00      0,00      0,00    100,00
13:51:48          2      0,00      0,00      0,00      0,00      0,00      0,00      0,00      0,00      0,00    100,00
13:51:48          3      0,00      0,00      0,00      0,00      0,00      0,00      0,00      0,00      0,00    100,00

13:51:48        CPU      %usr     %nice      %sys   %iowait    %steal      %irq     %soft    %guest    %gnice     %idle
13:51:49        all      0,00      0,00      2,01      0,00      0,00      0,75      1,25      0,00      0,00     95,99
13:51:49          0      0,00      0,00      8,00      0,00      0,00      3,00      5,00      0,00      0,00     84,00
13:51:49          1      0,00      0,00      0,00      0,00      0,00      0,00      0,00      0,00      0,00    100,00
13:51:49          2      0,00      0,00      0,00      0,00      0,00      0,00      0,00      0,00      0,00    100,00
13:51:49          3      0,00      0,00      0,00      0,00      0,00      0,00      0,00      0,00      0,00    100,00

13:51:49        CPU      %usr     %nice      %sys   %iowait    %steal      %irq     %soft    %guest    %gnice     %idle
13:51:50        all      0,00      0,00      0,00      0,00      0,00      0,25      0,50      0,00      0,00     99,25
13:51:50          0      0,00      0,00      0,00      0,00      0,00      1,01      2,02      0,00      0,00     96,97
13:51:50          1      0,00      0,00      0,00      0,00      0,00      0,00      0,00      0,00      0,00    100,00
13:51:50          2      0,00      0,00      0,00      0,00      0,00      0,00      0,00      0,00      0,00    100,00
13:51:50          3      0,00      0,00      0,00      0,00      0,00      0,00      0,00      0,00      0,00    100,00

13:51:50        CPU      %usr     %nice      %sys   %iowait    %steal      %irq     %soft    %guest    %gnice     %idle
13:51:51        all      0,00      0,00      0,25      0,00      0,00      0,00      0,00      0,00      0,00     99,75
13:51:51          0      0,00      0,00      0,00      0,00      0,00      0,00      0,00      0,00      0,00    100,00
13:51:51          1      0,00      0,00      0,00      0,00      0,00      0,00      0,00      0,00      0,00    100,00
13:51:51          2      0,00      0,00      0,99      0,00      0,00      0,00      0,00      0,00      0,00     99,01
13:51:51          3      0,00      0,00      0,00      0,00      0,00      0,00      0,00      0,00      0,00    100,00

13:51:51        CPU      %usr     %nice      %sys   %iowait    %steal      %irq     %soft    %guest    %gnice     %idle
13:51:52        all      0,00      0,00      0,00      0,00      0,00      0,00      0,00      0,00      0,00    100,00
13:51:52          0      0,00      0,00      0,00      0,00      0,00      0,00      0,00      0,00      0,00    100,00
13:51:52          1      0,00      0,00      0,00      0,00      0,00      0,00      0,00      0,00      0,00    100,00
13:51:52          2      0,00      0,00      0,00      0,00      0,00      0,00      0,00      0,00      0,00    100,00
13:51:52          3      0,00      0,00      0,00      0,00      0,00      0,00      0,00      0,00      0,00    100,00

13:51:52        CPU      %usr     %nice      %sys   %iowait    %steal      %irq     %soft    %guest    %gnice     %idle
13:51:53        all      0,00      0,00      0,00      0,25      0,00      0,50      1,01      0,00      0,00     98,24
13:51:53          0      0,00      0,00      0,00      0,00      0,00      2,02      4,04      0,00      0,00     93,94
13:51:53          1      0,00      0,00      0,00      1,00      0,00      0,00      0,00      0,00      0,00     99,00
13:51:53          2      0,00      0,00      0,00      0,00      0,00      0,00      0,00      0,00      0,00    100,00
13:51:53          3      0,00      0,00      0,00      0,00      0,00      0,00      0,00      0,00      0,00    100,00

13:51:53        CPU      %usr     %nice      %sys   %iowait    %steal      %irq     %soft    %guest    %gnice     %idle
13:51:54        all      0,00      0,00      0,00      0,25      0,00      0,75      1,25      0,00      0,00     97,75
13:51:54          0      0,00      0,00      0,00      0,00      0,00      3,00      5,00      0,00      0,00     92,00
13:51:54          1      0,00      0,00      0,00      0,00      0,00      0,00      0,00      0,00      0,00    100,00
13:51:54          2      0,00      0,00      0,00      1,00      0,00      0,00      0,00      0,00      0,00     99,00
13:51:54          3      0,00      0,00      0,00      0,00      0,00      0,00      0,00      0,00      0,00    100,00

13:51:54        CPU      %usr     %nice      %sys   %iowait    %steal      %irq     %soft    %guest    %gnice     %idle
13:51:55        all      0,25      0,00      0,00      0,00      0,00      0,25      0,75      0,00      0,00     98,75
13:51:55          0      0,00      0,00      0,00      0,00      0,00      1,00      3,00      0,00      0,00     96,00
13:51:55          1      1,00      0,00      0,00      0,00      0,00      0,00      0,00      0,00      0,00     99,00
13:51:55          2      0,00      0,00      0,00      0,00      0,00      0,00      0,00      0,00      0,00    100,00
13:51:55          3      0,00      0,00      0,00      0,00      0,00      0,00      0,00      0,00      0,00    100,00

13:51:55        CPU      %usr     %nice      %sys   %iowait    %steal      %irq     %soft    %guest    %gnice     %idle
13:51:56        all      0,25      0,00      0,00      0,00      0,00      0,00      0,00      0,00      0,00     99,75
13:51:56          0      0,00      0,00      0,00      0,00      0,00      0,00      0,00      0,00      0,00    100,00
13:51:56          1      0,00      0,00      0,00      0,00      0,00      0,00      0,00      0,00      0,00    100,00
13:51:56          2      0,00      0,00      0,00      0,00      0,00      0,00      0,00      0,00      0,00    100,00
13:51:56          3      0,99      0,00      0,00      0,00      0,00      0,00      0,00      0,00      0,00     99,01

13:51:56        CPU      %usr     %nice      %sys   %iowait    %steal      %irq     %soft    %guest    %gnice     %idle
13:51:57        all      0,00      0,00      0,25      0,25      0,00      0,00      0,25      0,00      0,00     99,25
13:51:57          0      0,00      0,00      1,00      0,00      0,00      0,00      0,00      0,00      0,00     99,00
13:51:57          1      0,00      0,00      0,00      0,98      0,00      0,00      0,98      0,00      0,00     98,04
13:51:57          2      0,00      0,00      0,00      0,00      0,00      0,00      0,00      0,00      0,00    100,00
13:51:57          3      0,00      0,00      0,00      0,00      0,00      0,00      0,00      0,00      0,00    100,00

13:51:57        CPU      %usr     %nice      %sys   %iowait    %steal      %irq     %soft    %guest    %gnice     %idle
13:51:58        all      7,04      0,00      2,76      0,00      0,00      0,50      1,26      0,00      0,00     88,44
13:51:58          0      7,07      0,00      3,03      0,00      0,00      2,02      5,05      0,00      0,00     82,83
13:51:58          1      6,06      0,00      3,03      0,00      0,00      0,00      0,00      0,00      0,00     90,91
13:51:58          2      7,92      0,00      2,97      0,00      0,00      0,00      0,00      0,00      0,00     89,11
13:51:58          3      7,07      0,00      2,02      0,00      0,00      0,00      0,00      0,00      0,00     90,91

13:51:58        CPU      %usr     %nice      %sys   %iowait    %steal      %irq     %soft    %guest    %gnice     %idle
13:51:59        all     14,57      0,00      6,28      0,00      0,00      1,01      2,76      0,00      0,00     75,38
13:51:59          0     14,14      0,00      8,08      0,00      0,00      3,03     11,11      0,00      0,00     63,64
13:51:59          1     15,84      0,00      4,95      0,00      0,00      0,99      0,00      0,00      0,00     78,22
13:51:59          2     15,00      0,00      6,00      0,00      0,00      0,00      0,00      0,00      0,00     79,00
13:51:59          3     13,27      0,00      6,12      0,00      0,00      0,00      0,00      0,00      0,00     80,61

13:51:59        CPU      %usr     %nice      %sys   %iowait    %steal      %irq     %soft    %guest    %gnice     %idle
13:52:00        all      6,58      0,00      3,54      0,00      0,00      0,51      1,27      0,00      0,00     88,10
13:52:00          0      7,07      0,00      5,05      0,00      0,00      2,02      5,05      0,00      0,00     80,81
13:52:00          1      7,07      0,00      3,03      0,00      0,00      0,00      0,00      0,00      0,00     89,90
13:52:00          2      5,10      0,00      3,06      0,00      0,00      0,00      0,00      0,00      0,00     91,84
13:52:00          3      7,07      0,00      3,03      0,00      0,00      0,00      0,00      0,00      0,00     89,90

13:52:00        CPU      %usr     %nice      %sys   %iowait    %steal      %irq     %soft    %guest    %gnice     %idle
13:52:01        all      0,25      0,00      0,00      0,00      0,00      0,00      0,00      0,00      0,00     99,75
13:52:01          0      0,99      0,00      0,00      0,00      0,00      0,00      0,00      0,00      0,00     99,01
13:52:01          1      0,00      0,00      0,00      0,00      0,00      0,00      0,00      0,00      0,00    100,00
13:52:01          2      0,00      0,00      0,00      0,00      0,00      0,00      0,00      0,00      0,00    100,00
13:52:01          3      0,00      0,00      0,00      0,00      0,00      0,00      0,00      0,00      0,00    100,00

13:52:01        CPU      %usr     %nice      %sys   %iowait    %steal      %irq     %soft    %guest    %gnice     %idle
13:52:02        all      0,00      0,00      0,00      0,00      0,00      0,25      0,00      0,00      0,00     99,75
13:52:02          0      0,00      0,00      0,00      0,00      0,00      1,00      0,00      0,00      0,00     99,00
13:52:02          1      0,00      0,00      0,00      0,00      0,00      0,00      0,00      0,00      0,00    100,00
13:52:02          2      0,00      0,00      0,00      0,00      0,00      0,00      0,00      0,00      0,00    100,00
13:52:02          3      0,00      0,00      0,00      0,00      0,00      0,00      0,00      0,00      0,00    100,00

13:52:02        CPU      %usr     %nice      %sys   %iowait    %steal      %irq     %soft    %guest    %gnice     %idle
13:52:03        all      0,50      0,00      0,00      0,50      0,00      0,25      0,75      0,00      0,00     97,99
13:52:03          0      0,00      0,00      0,00      0,00      0,00      1,01      3,03      0,00      0,00     95,96
13:52:03          1      1,00      0,00      0,00      2,00      0,00      0,00      0,00      0,00      0,00     97,00
13:52:03          2      1,00      0,00      0,00      0,00      0,00      0,00      0,00      0,00      0,00     99,00
13:52:03          3      0,00      0,00      0,00      0,00      0,00      0,00      0,00      0,00      0,00    100,00

13:52:03        CPU      %usr     %nice      %sys   %iowait    %steal      %irq     %soft    %guest    %gnice     %idle
13:52:04        all      0,50      0,00      0,50      0,00      0,00      0,75      1,25      0,00      0,00     97,00
13:52:04          0      0,00      0,00      0,00      0,00      0,00      3,03      5,05      0,00      0,00     91,92
13:52:04          1      1,00      0,00      1,00      0,00      0,00      0,00      0,00      0,00      0,00     98,00
13:52:04          2      0,00      0,00      0,00      0,00      0,00      0,00      0,00      0,00      0,00    100,00
13:52:04          3      0,99      0,00      0,99      0,00      0,00      0,00      0,00      0,00      0,00     98,02

13:52:04        CPU      %usr     %nice      %sys   %iowait    %steal      %irq     %soft    %guest    %gnice     %idle
13:52:05        all      0,25      0,00      0,00      0,25      0,00      0,50      1,00      0,00      0,00     98,00
13:52:05          0      0,99      0,00      0,00      0,00      0,00      1,98      3,96      0,00      0,00     93,07
13:52:05          1      0,00      0,00      0,00      1,00      0,00      0,00      0,00      0,00      0,00     99,00
13:52:05          2      0,00      0,00      0,00      0,00      0,00      0,00      0,00      0,00      0,00    100,00
13:52:05          3      0,00      0,00      0,00      0,00      0,00      0,00      0,00      0,00      0,00    100,00

13:52:05        CPU      %usr     %nice      %sys   %iowait    %steal      %irq     %soft    %guest    %gnice     %idle
13:52:06        all      0,25      0,00      0,50      0,00      0,00      0,00      0,00      0,00      0,00     99,25
13:52:06          0      0,00      0,00      1,00      0,00      0,00      0,00      0,00      0,00      0,00     99,00
13:52:06          1      0,98      0,00      0,98      0,00      0,00      0,00      0,00      0,00      0,00     98,04
13:52:06          2      0,00      0,00      0,00      0,00      0,00      0,00      0,00      0,00      0,00    100,00
13:52:06          3      0,00      0,00      0,00      0,00      0,00      0,00      0,00      0,00      0,00    100,00

13:52:06        CPU      %usr     %nice      %sys   %iowait    %steal      %irq     %soft    %guest    %gnice     %idle
13:52:07        all      0,25      0,00      0,25      0,25      0,00      0,25      0,00      0,00      0,00     99,00
13:52:07          0      0,00      0,00      0,00      0,00      0,00      0,00      0,00      0,00      0,00    100,00
13:52:07          1      0,00      0,00      0,00      0,00      0,00      0,00      0,00      0,00      0,00    100,00
13:52:07          2      0,99      0,00      0,99      0,00      0,00      0,00      0,00      0,00      0,00     98,02
13:52:07          3      0,00      0,00      0,00      0,99      0,00      0,99      0,00      0,00      0,00     98,02

13:52:07        CPU      %usr     %nice      %sys   %iowait    %steal      %irq     %soft    %guest    %gnice     %idle
13:52:08        all      6,27      0,00      2,26      0,00      0,00      0,75      1,25      0,00      0,00     89,47
13:52:08          0      5,94      0,00      3,96      0,00      0,00      1,98      4,95      0,00      0,00     83,17
13:52:08          1      6,06      0,00      2,02      0,00      0,00      0,00      0,00      0,00      0,00     91,92
13:52:08          2      7,00      0,00      1,00      0,00      0,00      1,00      0,00      0,00      0,00     91,00
13:52:08          3      6,06      0,00      2,02      0,00      0,00      0,00      0,00      0,00      0,00     91,92

13:52:08        CPU      %usr     %nice      %sys   %iowait    %steal      %irq     %soft    %guest    %gnice     %idle
13:52:09        all     13,38      0,00      5,81      0,00      0,00      0,76      2,27      0,00      0,00     77,78
13:52:09          0     13,27      0,00      7,14      0,00      0,00      3,06      9,18      0,00      0,00     67,35
13:52:09          1     13,13      0,00      5,05      0,00      0,00      0,00      0,00      0,00      0,00     81,82
13:52:09          2     13,00      0,00      6,00      0,00      0,00      0,00      0,00      0,00      0,00     81,00
13:52:09          3     14,14      0,00      5,05      0,00      0,00      0,00      0,00      0,00      0,00     80,81

13:52:09        CPU      %usr     %nice      %sys   %iowait    %steal      %irq     %soft    %guest    %gnice     %idle
13:52:10        all     10,97      0,00      4,49      0,00      0,00      1,00      2,00      0,00      0,00     81,55
13:52:10          0     11,00      0,00      5,00      0,00      0,00      3,00      8,00      0,00      0,00     73,00
13:52:10          1      9,09      0,00      4,04      0,00      0,00      1,01      0,00      0,00      0,00     85,86
13:52:10          2     12,87      0,00      3,96      0,00      0,00      0,00      0,00      0,00      0,00     83,17
13:52:10          3     10,89      0,00      4,95      0,00      0,00      0,00      0,00      0,00      0,00     84,16

13:52:10        CPU      %usr     %nice      %sys   %iowait    %steal      %irq     %soft    %guest    %gnice     %idle
13:52:11        all      0,25      0,00      2,00      0,25      0,00      0,00      0,00      0,00      0,00     97,50
13:52:11          0      0,00      0,00      8,08      0,00      0,00      0,00      0,00      0,00      0,00     91,92
13:52:11          1      0,98      0,00      0,00      0,98      0,00      0,00      0,00      0,00      0,00     98,04
13:52:11          2      0,00      0,00      0,00      0,00      0,00      0,00      0,00      0,00      0,00    100,00
13:52:11          3      0,00      0,00      0,00      0,00      0,00      0,00      0,00      0,00      0,00    100,00

13:52:11        CPU      %usr     %nice      %sys   %iowait    %steal      %irq     %soft    %guest    %gnice     %idle
13:52:12        all      0,75      0,00      0,50      0,00      0,00      0,00      0,00      0,00      0,00     98,76
13:52:12          0      0,00      0,00      0,00      0,00      0,00      0,00      0,00      0,00      0,00    100,00
13:52:12          1      0,99      0,00      0,99      0,00      0,00      0,00      0,00      0,00      0,00     98,02
13:52:12          2      1,00      0,00      0,00      0,00      0,00      0,00      0,00      0,00      0,00     99,00
13:52:12          3      0,98      0,00      0,98      0,00      0,00      0,00      0,00      0,00      0,00     98,04

13:52:12        CPU      %usr     %nice      %sys   %iowait    %steal      %irq     %soft    %guest    %gnice     %idle
13:52:13        all      5,33      0,00      2,54      0,00      0,00      0,25      1,27      0,00      0,00     90,61
13:52:13          0      5,05      0,00      3,03      0,00      0,00      1,01      5,05      0,00      0,00     85,86
13:52:13          1      5,10      0,00      2,04      0,00      0,00      0,00      0,00      0,00      0,00     92,86
13:52:13          2      6,00      0,00      3,00      0,00      0,00      0,00      0,00      0,00      0,00     91,00
13:52:13          3      5,15      0,00      2,06      0,00      0,00      0,00      0,00      0,00      0,00     92,78

13:52:13        CPU      %usr     %nice      %sys   %iowait    %steal      %irq     %soft    %guest    %gnice     %idle
13:52:14        all      9,57      0,00      3,78      0,00      0,00      0,76      1,76      0,00      0,00     84,13
13:52:14          0     11,88      0,00      3,96      0,00      0,00      2,97      6,93      0,00      0,00     74,26
13:52:14          1      9,09      0,00      4,04      0,00      0,00      0,00      0,00      0,00      0,00     86,87
13:52:14          2      9,18      0,00      3,06      0,00      0,00      0,00      0,00      0,00      0,00     87,76
13:52:14          3      8,08      0,00      4,04      0,00      0,00      0,00      0,00      0,00      0,00     87,88

13:52:14        CPU      %usr     %nice      %sys   %iowait    %steal      %irq     %soft    %guest    %gnice     %idle
13:52:15        all     11,62      0,00      4,55      0,00      0,00      1,01      1,77      0,00      0,00     81,06
13:52:15          0     11,11      0,00      6,06      0,00      0,00      3,03      7,07      0,00      0,00     72,73
13:52:15          1     11,34      0,00      3,09      0,00      0,00      0,00      0,00      0,00      0,00     85,57
13:52:15          2     13,00      0,00      4,00      0,00      0,00      0,00      0,00      0,00      0,00     83,00
13:52:15          3     11,00      0,00      5,00      0,00      0,00      1,00      0,00      0,00      0,00     83,00

13:52:15        CPU      %usr     %nice      %sys   %iowait    %steal      %irq     %soft    %guest    %gnice     %idle
13:52:16        all      7,00      0,00      2,50      0,00      0,00      0,50      1,00      0,00      0,00     89,00
13:52:16          0      6,93      0,00      2,97      0,00      0,00      0,99      3,96      0,00      0,00     85,15
13:52:16          1      7,07      0,00      2,02      0,00      0,00      0,00      0,00      0,00      0,00     90,91
13:52:16          2      6,00      0,00      3,00      0,00      0,00      1,00      0,00      0,00      0,00     90,00
13:52:16          3      8,00      0,00      2,00      0,00      0,00      0,00      0,00      0,00      0,00     90,00

13:52:16        CPU      %usr     %nice      %sys   %iowait    %steal      %irq     %soft    %guest    %gnice     %idle
13:52:17        all      0,50      0,00      0,75      0,00      0,00      0,00      0,25      0,00      0,00     98,50
13:52:17          0      0,99      0,00      0,99      0,00      0,00      0,00      0,99      0,00      0,00     97,03
13:52:17          1      0,00      0,00      1,00      0,00      0,00      0,00      0,00      0,00      0,00     99,00
13:52:17          2      1,00      0,00      0,00      0,00      0,00      0,00      0,00      0,00      0,00     99,00
13:52:17          3      0,00      0,00      1,01      0,00      0,00      0,00      0,00      0,00      0,00     98,99

13:52:17        CPU      %usr     %nice      %sys   %iowait    %steal      %irq     %soft    %guest    %gnice     %idle
13:52:18        all      7,41      0,00      2,47      0,25      0,00      0,49      1,48      0,00      0,00     87,90
13:52:18          0      6,93      0,00      2,97      0,00      0,00      1,98      3,96      0,00      0,00     84,16
13:52:18          1      6,93      0,00      1,98      0,99      0,00      0,00      0,00      0,00      0,00     90,10
13:52:18          2      7,84      0,00      2,94      0,00      0,00      0,00      0,98      0,00      0,00     88,24
13:52:18          3      7,92      0,00      1,98      0,00      0,00      0,00      0,99      0,00      0,00     89,11

13:52:18        CPU      %usr     %nice      %sys   %iowait    %steal      %irq     %soft    %guest    %gnice     %idle
13:52:19        all     11,66      0,00      4,71      0,00      0,00      0,74      1,99      0,00      0,00     80,89
13:52:19          0     12,87      0,00      5,94      0,00      0,00      1,98      7,92      0,00      0,00     71,29
13:52:19          1     11,00      0,00      4,00      0,00      0,00      1,00      0,00      0,00      0,00     84,00
13:52:19          2     11,76      0,00      4,90      0,00      0,00      0,00      0,00      0,00      0,00     83,33
13:52:19          3     11,00      0,00      4,00      0,00      0,00      0,00      0,00      0,00      0,00     85,00

13:52:19        CPU      %usr     %nice      %sys   %iowait    %steal      %irq     %soft    %guest    %gnice     %idle
13:52:20        all      9,27      0,00      3,51      0,00      0,00      0,75      1,50      0,00      0,00     84,96
13:52:20          0      9,80      0,00      4,90      0,00      0,00      2,94      5,88      0,00      0,00     76,47
13:52:20          1     10,00      0,00      3,00      0,00      0,00      0,00      0,00      0,00      0,00     87,00
13:52:20          2      8,25      0,00      2,06      0,00      0,00      0,00      0,00      0,00      0,00     89,69
13:52:20          3      9,00      0,00      4,00      0,00      0,00      0,00      0,00      0,00      0,00     87,00

13:52:20        CPU      %usr     %nice      %sys   %iowait    %steal      %irq     %soft    %guest    %gnice     %idle
13:52:21        all      8,27      0,00      3,76      0,00      0,00      0,50      1,25      0,00      0,00     86,22
13:52:21          0      8,00      0,00      5,00      0,00      0,00      2,00      5,00      0,00      0,00     80,00
13:52:21          1      7,14      0,00      3,06      0,00      0,00      0,00      0,00      0,00      0,00     89,80
13:52:21          2      8,91      0,00      3,96      0,00      0,00      0,00      0,00      0,00      0,00     87,13
13:52:21          3      9,00      0,00      3,00      0,00      0,00      0,00      0,00      0,00      0,00     88,00

13:52:21        CPU      %usr     %nice      %sys   %iowait    %steal      %irq     %soft    %guest    %gnice     %idle
13:52:22        all      0,00      0,00      0,25      0,00      0,00      0,00      0,00      0,00      0,00     99,75
13:52:22          0      0,00      0,00      0,00      0,00      0,00      0,00      0,00      0,00      0,00    100,00
13:52:22          1      0,00      0,00      1,00      0,00      0,00      0,00      0,00      0,00      0,00     99,00
13:52:22          2      0,00      0,00      0,00      0,00      0,00      0,00      0,00      0,00      0,00    100,00
13:52:22          3      0,00      0,00      0,00      0,00      0,00      0,00      0,00      0,00      0,00    100,00

13:52:22        CPU      %usr     %nice      %sys   %iowait    %steal      %irq     %soft    %guest    %gnice     %idle
13:52:23        all      6,52      0,00      2,01      0,00      0,00      0,50      1,00      0,00      0,00     89,97
13:52:23          0      6,00      0,00      3,00      0,00      0,00      1,00      4,00      0,00      0,00     86,00
13:52:23          1      6,06      0,00      1,01      0,00      0,00      0,00      0,00      0,00      0,00     92,93
13:52:23          2      7,00      0,00      2,00      0,00      0,00      0,00      0,00      0,00      0,00     91,00
13:52:23          3      7,00      0,00      2,00      0,00      0,00      1,00      0,00      0,00      0,00     90,00

13:52:23        CPU      %usr     %nice      %sys   %iowait    %steal      %irq     %soft    %guest    %gnice     %idle
13:52:24        all     11,91      0,00      4,47      0,25      0,00      0,99      2,23      0,00      0,00     80,15
13:52:24          0     13,00      0,00      5,00      0,00      0,00      3,00      8,00      0,00      0,00     71,00
13:52:24          1      9,90      0,00      4,95      0,99      0,00      0,00      0,99      0,00      0,00     83,17
13:52:24          2     12,75      0,00      3,92      0,00      0,00      0,98      0,00      0,00      0,00     82,35
13:52:24          3     12,00      0,00      4,00      0,00      0,00      0,00      0,00      0,00      0,00     84,00

13:52:24        CPU      %usr     %nice      %sys   %iowait    %steal      %irq     %soft    %guest    %gnice     %idle
13:52:25        all     20,71      0,00     10,86      0,00      0,00      0,76      2,02      0,00      0,00     65,66
13:52:25          0     12,00      0,00      9,00      0,00      0,00      3,00      8,00      0,00      0,00     68,00
13:52:25          1     19,39      0,00     11,22      0,00      0,00      0,00      0,00      0,00      0,00     69,39
13:52:25          2     22,45      0,00     11,22      0,00      0,00      0,00      0,00      0,00      0,00     66,33
13:52:25          3     29,00      0,00     12,00      0,00      0,00      0,00      0,00      0,00      0,00     59,00

13:52:25        CPU      %usr     %nice      %sys   %iowait    %steal      %irq     %soft    %guest    %gnice     %idle
13:52:26        all     21,77      0,00     10,89      0,00      0,00      0,76      2,03      0,00      0,00     64,56
13:52:26          0     16,33      0,00      9,18      0,00      0,00      3,06      8,16      0,00      0,00     63,27
13:52:26          1     19,59      0,00     11,34      0,00      0,00      0,00      0,00      0,00      0,00     69,07
13:52:26          2     21,78      0,00     10,89      0,00      0,00      0,00      0,00      0,00      0,00     67,33
13:52:26          3     29,29      0,00     12,12      0,00      0,00      0,00      0,00      0,00      0,00     58,59

13:52:26        CPU      %usr     %nice      %sys   %iowait    %steal      %irq     %soft    %guest    %gnice     %idle
13:52:27        all      0,25      0,00      0,00      0,00      0,00      0,00      0,25      0,00      0,00     99,50
13:52:27          0      0,99      0,00      0,00      0,00      0,00      0,00      0,99      0,00      0,00     98,02
13:52:27          1      0,00      0,00      0,00      0,00      0,00      0,00      0,00      0,00      0,00    100,00
13:52:27          2      0,00      0,00      0,00      0,00      0,00      0,00      0,00      0,00      0,00    100,00
13:52:27          3      0,00      0,00      0,00      0,00      0,00      0,00      0,00      0,00      0,00    100,00

13:52:27        CPU      %usr     %nice      %sys   %iowait    %steal      %irq     %soft    %guest    %gnice     %idle
13:52:28        all      5,01      0,00      2,26      0,00      0,00      0,50      0,75      0,00      0,00     91,48
13:52:28          0      6,00      0,00      3,00      0,00      0,00      1,00      3,00      0,00      0,00     87,00
13:52:28          1      6,00      0,00      1,00      0,00      0,00      1,00      0,00      0,00      0,00     92,00
13:52:28          2      4,04      0,00      2,02      0,00      0,00      0,00      0,00      0,00      0,00     93,94
13:52:28          3      4,00      0,00      3,00      0,00      0,00      0,00      0,00      0,00      0,00     93,00

13:52:28        CPU      %usr     %nice      %sys   %iowait    %steal      %irq     %soft    %guest    %gnice     %idle
13:52:29        all     11,08      0,00      5,29      0,00      0,00      0,76      2,02      0,00      0,00     80,86
13:52:29          0     11,88      0,00      6,93      0,00      0,00      2,97      7,92      0,00      0,00     70,30
13:52:29          1     12,00      0,00      5,00      0,00      0,00      0,00      0,00      0,00      0,00     83,00
13:52:29          2     10,10      0,00      5,05      0,00      0,00      0,00      0,00      0,00      0,00     84,85
13:52:29          3     10,31      0,00      4,12      0,00      0,00      0,00      0,00      0,00      0,00     85,57

13:52:29        CPU      %usr     %nice      %sys   %iowait    %steal      %irq     %soft    %guest    %gnice     %idle
13:52:30        all      8,50      0,00      2,75      0,00      0,00      0,50      1,25      0,00      0,00     87,00
13:52:30          0      9,00      0,00      3,00      0,00      0,00      2,00      5,00      0,00      0,00     81,00
13:52:30          1      8,00      0,00      3,00      0,00      0,00      0,00      0,00      0,00      0,00     89,00
13:52:30          2      8,08      0,00      2,02      0,00      0,00      0,00      0,00      0,00      0,00     89,90
13:52:30          3      8,91      0,00      2,97      0,00      0,00      0,00      0,00      0,00      0,00     88,12

13:52:30        CPU      %usr     %nice      %sys   %iowait    %steal      %irq     %soft    %guest    %gnice     %idle
13:52:31        all      9,75      0,00      3,50      0,00      0,00      1,25      1,75      0,00      0,00     83,75
13:52:31          0      9,90      0,00      3,96      0,00      0,00      2,97      6,93      0,00      0,00     76,24
13:52:31          1     11,00      0,00      3,00      0,00      0,00      0,00      0,00      0,00      0,00     86,00
13:52:31          2      9,00      0,00      4,00      0,00      0,00      1,00      0,00      0,00      0,00     86,00
13:52:31          3      9,09      0,00      3,03      0,00      0,00      1,01      0,00      0,00      0,00     86,87

13:52:31        CPU      %usr     %nice      %sys   %iowait    %steal      %irq     %soft    %guest    %gnice     %idle
13:52:32        all      0,25      0,00      0,50      0,25      0,00      0,00      0,00      0,00      0,00     99,00
13:52:32          0      0,00      0,00      1,00      0,00      0,00      0,00      0,00      0,00      0,00     99,00
13:52:32          1      0,00      0,00      0,00      1,00      0,00      0,00      0,00      0,00      0,00     99,00
13:52:32          2      1,00      0,00      0,00      0,00      0,00      0,00      0,00      0,00      0,00     99,00
13:52:32          3      0,00      0,00      1,00      0,00      0,00      0,00      0,00      0,00      0,00     99,00

13:52:32        CPU      %usr     %nice      %sys   %iowait    %steal      %irq     %soft    %guest    %gnice     %idle
13:52:33        all      1,51      0,00      0,00      0,00      0,00      0,00      0,25      0,00      0,00     98,24
13:52:33          0      1,01      0,00      0,00      0,00      0,00      0,00      1,01      0,00      0,00     97,98
13:52:33          1      2,00      0,00      0,00      0,00      0,00      0,00      0,00      0,00      0,00     98,00
13:52:33          2      1,01      0,00      0,00      0,00      0,00      0,00      0,00      0,00      0,00     98,99
13:52:33          3      2,00      0,00      0,00      0,00      0,00      0,00      0,00      0,00      0,00     98,00

13:52:33        CPU      %usr     %nice      %sys   %iowait    %steal      %irq     %soft    %guest    %gnice     %idle
13:52:34        all     12,22      0,00      5,99      0,50      0,00      0,75      1,75      0,00      0,00     78,80
13:52:34          0     10,00      0,00     11,00      1,00      0,00      3,00      7,00      0,00      0,00     68,00
13:52:34          1     12,00      0,00      5,00      0,00      0,00      0,00      0,00      0,00      0,00     83,00
13:52:34          2     13,86      0,00      2,97      0,00      0,00      0,00      0,00      0,00      0,00     83,17
13:52:34          3     13,00      0,00      5,00      1,00      0,00      0,00      0,00      0,00      0,00     81,00

13:52:34        CPU      %usr     %nice      %sys   %iowait    %steal      %irq     %soft    %guest    %gnice     %idle
13:52:35        all      7,07      0,00      2,53      0,00      0,00      0,51      1,52      0,00      0,00     88,38
13:52:35          0      6,06      0,00      4,04      0,00      0,00      2,02      6,06      0,00      0,00     81,82
13:52:35          1      9,00      0,00      2,00      0,00      0,00      0,00      0,00      0,00      0,00     89,00
13:52:35          2      6,12      0,00      2,04      0,00      0,00      0,00      0,00      0,00      0,00     91,84
13:52:35          3      7,07      0,00      2,02      0,00      0,00      0,00      0,00      0,00      0,00     90,91

13:52:35        CPU      %usr     %nice      %sys   %iowait    %steal      %irq     %soft    %guest    %gnice     %idle
13:52:36        all      2,24      0,00      1,00      0,25      0,00      0,75      1,00      0,00      0,00     94,76
13:52:36          0      2,00      0,00      1,00      0,00      0,00      3,00      4,00      0,00      0,00     90,00
13:52:36          1      1,98      0,00      0,99      0,99      0,00      0,00      0,00      0,00      0,00     96,04
13:52:36          2      3,00      0,00      1,00      0,00      0,00      0,00      0,00      0,00      0,00     96,00
13:52:36          3      2,00      0,00      1,00      0,00      0,00      0,00      0,00      0,00      0,00     97,00

13:52:36        CPU      %usr     %nice      %sys   %iowait    %steal      %irq     %soft    %guest    %gnice     %idle
13:52:37        all      0,75      0,00      0,50      0,00      0,00      0,00      0,50      0,00      0,00     98,25
13:52:37          0      1,96      0,00      0,98      0,00      0,00      0,00      0,98      0,00      0,00     96,08
13:52:37          1      1,00      0,00      1,00      0,00      0,00      0,00      0,00      0,00      0,00     98,00
13:52:37          2      0,00      0,00      0,00      0,00      0,00      0,00      1,00      0,00      0,00     99,00
13:52:37          3      0,00      0,00      0,00      0,00      0,00      0,00      0,00      0,00      0,00    100,00

13:52:37        CPU      %usr     %nice      %sys   %iowait    %steal      %irq     %soft    %guest    %gnice     %idle
13:52:38        all      1,26      0,00      0,25      0,00      0,00      0,00      0,25      0,00      0,00     98,24
13:52:38          0      1,01      0,00      0,00      0,00      0,00      0,00      1,01      0,00      0,00     97,98
13:52:38          1      0,00      0,00      0,00      0,00      0,00      0,00      0,00      0,00      0,00    100,00
13:52:38          2      2,00      0,00      0,00      0,00      0,00      0,00      0,00      0,00      0,00     98,00
13:52:38          3      1,98      0,00      0,99      0,00      0,00      0,00      0,00      0,00      0,00     97,03

13:52:38        CPU      %usr     %nice      %sys   %iowait    %steal      %irq     %soft    %guest    %gnice     %idle
13:52:39        all      0,25      0,00      0,25      0,00      0,00      0,50      0,75      0,00      0,00     98,25
13:52:39          0      0,99      0,00      0,99      0,00      0,00      1,98      2,97      0,00      0,00     93,07
13:52:39          1      0,00      0,00      0,00      0,00      0,00      0,00      0,00      0,00      0,00    100,00
13:52:39          2      0,00      0,00      0,00      0,00      0,00      0,00      0,00      0,00      0,00    100,00
13:52:39          3      0,00      0,00      0,00      0,00      0,00      0,00      0,00      0,00      0,00    100,00

13:52:39        CPU      %usr     %nice      %sys   %iowait    %steal      %irq     %soft    %guest    %gnice     %idle
13:52:40        all      4,52      0,00      1,26      0,00      0,00      0,75      1,51      0,00      0,00     91,96
13:52:40          0      5,00      0,00      1,00      0,00      0,00      3,00      6,00      0,00      0,00     85,00
13:52:40          1      5,10      0,00      0,00      0,00      0,00      0,00      0,00      0,00      0,00     94,90
13:52:40          2      4,00      0,00      2,00      0,00      0,00      0,00      0,00      0,00      0,00     94,00
13:52:40          3      4,00      0,00      2,00      0,00      0,00      0,00      0,00      0,00      0,00     94,00

13:52:40        CPU      %usr     %nice      %sys   %iowait    %steal      %irq     %soft    %guest    %gnice     %idle
13:52:41        all      9,57      0,00      3,53      0,00      0,00      0,76      1,76      0,00      0,00     84,38
13:52:41          0      9,18      0,00      4,08      0,00      0,00      2,04      7,14      0,00      0,00     77,55
13:52:41          1      9,71      0,00      4,85      0,00      0,00      0,97      0,00      0,00      0,00     84,47
13:52:41          2      9,18      0,00      3,06      0,00      0,00      0,00      0,00      0,00      0,00     87,76
13:52:41          3     10,20      0,00      2,04      0,00      0,00      0,00      0,00      0,00      0,00     87,76

13:52:41        CPU      %usr     %nice      %sys   %iowait    %steal      %irq     %soft    %guest    %gnice     %idle
13:52:42        all      1,00      0,00      0,50      0,25      0,00      0,25      0,50      0,00      0,00     97,51
13:52:42          0      1,00      0,00      0,00      0,00      0,00      1,00      1,00      0,00      0,00     97,00
13:52:42          1      0,99      0,00      0,99      0,99      0,00      0,00      0,00      0,00      0,00     97,03
13:52:42          2      1,01      0,00      0,00      0,00      0,00      0,00      0,00      0,00      0,00     98,99
13:52:42          3      0,99      0,00      0,99      0,00      0,00      0,00      0,99      0,00      0,00     97,03

13:52:42        CPU      %usr     %nice      %sys   %iowait    %steal      %irq     %soft    %guest    %gnice     %idle
13:52:43        all      1,99      0,00      0,99      0,00      0,00      0,25      0,25      0,00      0,00     96,53
13:52:43          0      2,00      0,00      1,00      0,00      0,00      0,00      1,00      0,00      0,00     96,00
13:52:43          1      2,00      0,00      1,00      0,00      0,00      0,00      0,00      0,00      0,00     97,00
13:52:43          2      1,98      0,00      0,99      0,00      0,00      0,00      0,00      0,00      0,00     97,03
13:52:43          3      1,96      0,00      0,98      0,00      0,00      0,98      0,00      0,00      0,00     96,08

13:52:43        CPU      %usr     %nice      %sys   %iowait    %steal      %irq     %soft    %guest    %gnice     %idle
13:52:44        all      9,09      0,00      2,78      0,00      0,00      0,51      1,52      0,00      0,00     86,11
13:52:44          0      9,09      0,00      3,03      0,00      0,00      2,02      6,06      0,00      0,00     79,80
13:52:44          1     10,00      0,00      2,00      0,00      0,00      0,00      0,00      0,00      0,00     88,00
13:52:44          2      8,16      0,00      3,06      0,00      0,00      0,00      0,00      0,00      0,00     88,78
13:52:44          3      9,09      0,00      3,03      0,00      0,00      0,00      0,00      0,00      0,00     87,88

Média:         CPU      %usr     %nice      %sys   %iowait    %steal      %irq     %soft    %guest    %gnice     %idle
Média:         all      4,66      0,00      2,03      0,07      0,00      0,43      0,95      0,00      0,00     91,86
Média:           0      4,47      0,00      2,62      0,02      0,00      1,47      3,70      0,00      0,00     87,72
Média:           1      4,59      0,00      1,80      0,20      0,00      0,08      0,03      0,00      0,00     93,29
Média:           2      4,71      0,00      1,80      0,02      0,00      0,07      0,03      0,00      0,00     93,37
Média:           3      4,86      0,00      1,90      0,03      0,00      0,08      0,03      0,00      0,00     93,08
