Linux 5.14.0-503.19.1.el9_5.x86_64 (localhost.localdomain) 	16/04/2025 	_x86_64_	(4 CPU)

13:48:33        CPU      %usr     %nice      %sys   %iowait    %steal      %irq     %soft    %guest    %gnice     %idle
13:48:34        all      0,00      0,00      0,00      0,00      0,00      0,00      0,00      0,00      0,00    100,00
13:48:34          0      0,00      0,00      0,00      0,00      0,00      0,00      0,00      0,00      0,00    100,00
13:48:34          1      0,00      0,00      0,00      0,00      0,00      0,00      0,00      0,00      0,00    100,00
13:48:34          2      0,00      0,00      0,00      0,00      0,00      0,00      0,00      0,00      0,00    100,00
13:48:34          3      0,00      0,00      0,00      0,00      0,00      0,00      0,00      0,00      0,00    100,00

13:48:34        CPU      %usr     %nice      %sys   %iowait    %steal      %irq     %soft    %guest    %gnice     %idle
13:48:35        all      0,00      0,00      0,00      0,00      0,00      0,00      0,00      0,00      0,00    100,00
13:48:35          0      0,00      0,00      0,00      0,00      0,00      0,00      0,00      0,00      0,00    100,00
13:48:35          1      0,00      0,00      0,00      0,00      0,00      0,00      0,00      0,00      0,00    100,00
13:48:35          2      0,00      0,00      0,00      0,00      0,00      0,00      0,00      0,00      0,00    100,00
13:48:35          3      0,00      0,00      0,00      0,00      0,00      0,00      0,00      0,00      0,00    100,00

13:48:35        CPU      %usr     %nice      %sys   %iowait    %steal      %irq     %soft    %guest    %gnice     %idle
13:48:36        all      0,00      0,00      0,00      0,00      0,00      0,00      0,00      0,00      0,00    100,00
13:48:36          0      0,00      0,00      0,00      0,00      0,00      0,00      0,00      0,00      0,00    100,00
13:48:36          1      0,00      0,00      0,00      0,00      0,00      0,00      0,00      0,00      0,00    100,00
13:48:36          2      0,00      0,00      0,00      0,00      0,00      0,00      0,00      0,00      0,00    100,00
13:48:36          3      0,00      0,00      0,00      0,00      0,00      0,00      0,00      0,00      0,00    100,00

13:48:36        CPU      %usr     %nice      %sys   %iowait    %steal      %irq     %soft    %guest    %gnice     %idle
13:48:37        all     11,36      0,00      4,80      0,00      0,00      0,76      2,02      0,00      0,00     81,06
13:48:37          0     11,00      0,00      6,00      0,00      0,00      3,00      8,00      0,00      0,00     72,00
13:48:37          1     10,31      0,00      4,12      0,00      0,00      0,00      0,00      0,00      0,00     85,57
13:48:37          2     11,11      0,00      5,05      0,00      0,00      0,00      0,00      0,00      0,00     83,84
13:48:37          3     13,00      0,00      4,00      0,00      0,00      0,00      0,00      0,00      0,00     83,00

13:48:37        CPU      %usr     %nice      %sys   %iowait    %steal      %irq     %soft    %guest    %gnice     %idle
13:48:38        all     13,13      0,00      5,05      0,00      0,00      0,76      2,27      0,00      0,00     78,79
13:48:38          0     14,14      0,00      5,05      0,00      0,00      3,03      9,09      0,00      0,00     68,69
13:48:38          1     12,00      0,00      6,00      0,00      0,00      0,00      0,00      0,00      0,00     82,00
13:48:38          2     13,13      0,00      5,05      0,00      0,00      0,00      0,00      0,00      0,00     81,82
13:48:38          3     13,27      0,00      4,08      0,00      0,00      0,00      0,00      0,00      0,00     82,65

13:48:38        CPU      %usr     %nice      %sys   %iowait    %steal      %irq     %soft    %guest    %gnice     %idle
13:48:39        all      3,52      0,00      1,51      0,25      0,00      0,25      0,50      0,00      0,00     93,97
13:48:39          0      3,06      0,00      1,02      0,00      0,00      1,02      2,04      0,00      0,00     92,86
13:48:39          1      3,00      0,00      2,00      1,00      0,00      0,00      0,00      0,00      0,00     94,00
13:48:39          2      4,00      0,00      1,00      0,00      0,00      0,00      0,00      0,00      0,00     95,00
13:48:39          3      4,00      0,00      2,00      0,00      0,00      0,00      0,00      0,00      0,00     94,00

13:48:39        CPU      %usr     %nice      %sys   %iowait    %steal      %irq     %soft    %guest    %gnice     %idle
13:48:40        all      0,00      0,00      0,00      0,00      0,00      0,00      0,25      0,00      0,00     99,75
13:48:40          0      0,00      0,00      0,00      0,00      0,00      0,00      0,00      0,00      0,00    100,00
13:48:40          1      0,00      0,00      0,00      0,00      0,00      0,00      0,99      0,00      0,00     99,01
13:48:40          2      0,00      0,00      0,00      0,00      0,00      0,00      0,00      0,00      0,00    100,00
13:48:40          3      0,00      0,00      0,00      0,00      0,00      0,00      0,00      0,00      0,00    100,00

13:48:40        CPU      %usr     %nice      %sys   %iowait    %steal      %irq     %soft    %guest    %gnice     %idle
13:48:41        all      0,00      0,00      0,00      0,00      0,00      0,00      0,00      0,00      0,00    100,00
13:48:41          0      0,00      0,00      0,00      0,00      0,00      0,00      0,00      0,00      0,00    100,00
13:48:41          1      0,00      0,00      0,00      0,00      0,00      0,00      0,00      0,00      0,00    100,00
13:48:41          2      0,00      0,00      0,00      0,00      0,00      0,00      0,00      0,00      0,00    100,00
13:48:41          3      0,00      0,00      0,00      0,00      0,00      0,00      0,00      0,00      0,00    100,00

13:48:41        CPU      %usr     %nice      %sys   %iowait    %steal      %irq     %soft    %guest    %gnice     %idle
13:48:42        all      7,04      0,00      4,27      0,00      0,00      1,01      1,26      0,00      0,00     86,43
13:48:42          0      6,93      0,00     10,89      0,00      0,00      1,98      4,95      0,00      0,00     75,25
13:48:42          1      7,92      0,00      2,97      0,00      0,00      0,99      0,00      0,00      0,00     88,12
13:48:42          2      6,25      0,00      1,04      0,00      0,00      0,00      0,00      0,00      0,00     92,71
13:48:42          3      7,00      0,00      2,00      0,00      0,00      1,00      0,00      0,00      0,00     90,00

13:48:42        CPU      %usr     %nice      %sys   %iowait    %steal      %irq     %soft    %guest    %gnice     %idle
13:48:43        all     14,46      0,00      6,23      0,00      0,00      1,00      2,74      0,00      0,00     75,56
13:48:43          0     14,00      0,00      8,00      0,00      0,00      3,00     11,00      0,00      0,00     64,00
13:48:43          1     14,00      0,00      6,00      0,00      0,00      0,00      0,00      0,00      0,00     80,00
13:48:43          2     15,53      0,00      5,83      0,00      0,00      0,97      0,00      0,00      0,00     77,67
13:48:43          3     14,29      0,00      5,10      0,00      0,00      0,00      0,00      0,00      0,00     80,61

13:48:43        CPU      %usr     %nice      %sys   %iowait    %steal      %irq     %soft    %guest    %gnice     %idle
13:48:44        all      6,78      0,00      3,27      0,00      0,00      0,50      1,26      0,00      0,00     88,19
13:48:44          0      6,12      0,00      4,08      0,00      0,00      2,04      5,10      0,00      0,00     82,65
13:48:44          1      7,00      0,00      3,00      0,00      0,00      0,00      0,00      0,00      0,00     90,00
13:48:44          2      7,00      0,00      3,00      0,00      0,00      0,00      0,00      0,00      0,00     90,00
13:48:44          3      7,00      0,00      3,00      0,00      0,00      0,00      0,00      0,00      0,00     90,00

13:48:44        CPU      %usr     %nice      %sys   %iowait    %steal      %irq     %soft    %guest    %gnice     %idle
13:48:45        all      0,75      0,00      0,00      0,25      0,00      0,00      0,00      0,00      0,00     99,00
13:48:45          0      0,99      0,00      0,00      0,00      0,00      0,00      0,00      0,00      0,00     99,01
13:48:45          1      0,99      0,00      0,00      0,99      0,00      0,00      0,00      0,00      0,00     98,02
13:48:45          2      0,99      0,00      0,00      0,00      0,00      0,00      0,00      0,00      0,00     99,01
13:48:45          3      0,00      0,00      0,00      0,00      0,00      0,00      0,00      0,00      0,00    100,00

13:48:45        CPU      %usr     %nice      %sys   %iowait    %steal      %irq     %soft    %guest    %gnice     %idle
13:48:46        all      0,00      0,00      0,25      0,00      0,00      0,00      0,00      0,00      0,00     99,75
13:48:46          0      0,00      0,00      0,00      0,00      0,00      0,00      0,00      0,00      0,00    100,00
13:48:46          1      0,00      0,00      0,00      0,00      0,00      0,00      0,00      0,00      0,00    100,00
13:48:46          2      0,00      0,00      0,00      0,00      0,00      0,00      0,00      0,00      0,00    100,00
13:48:46          3      0,00      0,00      0,99      0,00      0,00      0,00      0,00      0,00      0,00     99,01

13:48:46        CPU      %usr     %nice      %sys   %iowait    %steal      %irq     %soft    %guest    %gnice     %idle
13:48:47        all      6,57      0,00      2,53      0,00      0,00      0,51      1,26      0,00      0,00     89,14
13:48:47          0      7,00      0,00      3,00      0,00      0,00      2,00      5,00      0,00      0,00     83,00
13:48:47          1      6,00      0,00      4,00      0,00      0,00      0,00      0,00      0,00      0,00     90,00
13:48:47          2      7,14      0,00      1,02      0,00      0,00      0,00      0,00      0,00      0,00     91,84
13:48:47          3      6,12      0,00      2,04      0,00      0,00      0,00      0,00      0,00      0,00     91,84

13:48:47        CPU      %usr     %nice      %sys   %iowait    %steal      %irq     %soft    %guest    %gnice     %idle
13:48:48        all     15,11      0,00      4,79      0,00      0,00      0,76      2,52      0,00      0,00     76,83
13:48:48          0     14,29      0,00      6,12      0,00      0,00      3,06     10,20      0,00      0,00     66,33
13:48:48          1     15,15      0,00      4,04      0,00      0,00      0,00      0,00      0,00      0,00     80,81
13:48:48          2     15,15      0,00      4,04      0,00      0,00      0,00      0,00      0,00      0,00     80,81
13:48:48          3     15,84      0,00      4,95      0,00      0,00      0,00      0,00      0,00      0,00     79,21

13:48:48        CPU      %usr     %nice      %sys   %iowait    %steal      %irq     %soft    %guest    %gnice     %idle
13:48:49        all     12,91      0,00      5,57      0,25      0,00      0,76      2,03      0,00      0,00     78,48
13:48:49          0     12,24      0,00      6,12      0,00      0,00      3,06      8,16      0,00      0,00     70,41
13:48:49          1     13,86      0,00      5,94      0,00      0,00      0,00      0,00      0,00      0,00     80,20
13:48:49          2     13,13      0,00      5,05      0,00      0,00      0,00      0,00      0,00      0,00     81,82
13:48:49          3     12,37      0,00      5,15      1,03      0,00      0,00      0,00      0,00      0,00     81,44

13:48:49        CPU      %usr     %nice      %sys   %iowait    %steal      %irq     %soft    %guest    %gnice     %idle
13:48:50        all      1,00      0,00      0,00      0,00      0,00      0,00      0,25      0,00      0,00     98,75
13:48:50          0      1,00      0,00      0,00      0,00      0,00      0,00      1,00      0,00      0,00     98,00
13:48:50          1      1,00      0,00      0,00      0,00      0,00      0,00      0,00      0,00      0,00     99,00
13:48:50          2      1,00      0,00      0,00      0,00      0,00      0,00      0,00      0,00      0,00     99,00
13:48:50          3      1,01      0,00      0,00      0,00      0,00      0,00      0,00      0,00      0,00     98,99

13:48:50        CPU      %usr     %nice      %sys   %iowait    %steal      %irq     %soft    %guest    %gnice     %idle
13:48:51        all      0,50      0,00      0,50      0,25      0,00      0,00      0,00      0,00      0,00     98,76
13:48:51          0      0,99      0,00      0,99      0,00      0,00      0,00      0,00      0,00      0,00     98,02
13:48:51          1      0,99      0,00      0,00      0,99      0,00      0,00      0,00      0,00      0,00     98,02
13:48:51          2      0,00      0,00      0,00      0,00      0,00      0,00      0,00      0,00      0,00    100,00
13:48:51          3      0,00      0,00      0,99      0,00      0,00      0,00      0,00      0,00      0,00     99,01

13:48:51        CPU      %usr     %nice      %sys   %iowait    %steal      %irq     %soft    %guest    %gnice     %idle
13:48:52        all      8,54      0,00      3,52      0,00      0,00      1,01      1,51      0,00      0,00     85,43
13:48:52          0      8,00      0,00      4,00      0,00      0,00      3,00      6,00      0,00      0,00     79,00
13:48:52          1      8,16      0,00      3,06      0,00      0,00      0,00      0,00      0,00      0,00     88,78
13:48:52          2      9,09      0,00      3,03      0,00      0,00      0,00      0,00      0,00      0,00     87,88
13:48:52          3      8,91      0,00      3,96      0,00      0,00      0,99      0,00      0,00      0,00     86,14

13:48:52        CPU      %usr     %nice      %sys   %iowait    %steal      %irq     %soft    %guest    %gnice     %idle
13:48:53        all     14,75      0,00      5,00      0,00      0,00      1,00      2,25      0,00      0,00     77,00
13:48:53          0     15,46      0,00      5,15      0,00      0,00      3,09      9,28      0,00      0,00     67,01
13:48:53          1     14,14      0,00      4,04      0,00      0,00      1,01      0,00      0,00      0,00     80,81
13:48:53          2     13,86      0,00      4,95      0,00      0,00      0,00      0,00      0,00      0,00     81,19
13:48:53          3     15,53      0,00      5,83      0,00      0,00      0,00      0,00      0,00      0,00     78,64

13:48:53        CPU      %usr     %nice      %sys   %iowait    %steal      %irq     %soft    %guest    %gnice     %idle
13:48:54        all     13,10      0,00      5,79      0,50      0,00      1,01      2,27      0,00      0,00     77,33
13:48:54          0     13,13      0,00      7,07      1,01      0,00      3,03      9,09      0,00      0,00     66,67
13:48:54          1     13,86      0,00      5,94      0,99      0,00      0,00      0,00      0,00      0,00     79,21
13:48:54          2     13,00      0,00      5,00      0,00      0,00      1,00      0,00      0,00      0,00     81,00
13:48:54          3     12,37      0,00      5,15      0,00      0,00      0,00      0,00      0,00      0,00     82,47

13:48:54        CPU      %usr     %nice      %sys   %iowait    %steal      %irq     %soft    %guest    %gnice     %idle
13:48:55        all      2,48      0,00      1,49      0,00      0,00      0,25      0,74      0,00      0,00     95,05
13:48:55          0      2,94      0,00      1,96      0,00      0,00      0,98      1,96      0,00      0,00     92,16
13:48:55          1      2,00      0,00      1,00      0,00      0,00      0,00      0,00      0,00      0,00     97,00
13:48:55          2      2,94      0,00      1,96      0,00      0,00      0,00      0,98      0,00      0,00     94,12
13:48:55          3      2,00      0,00      1,00      0,00      0,00      0,00      0,00      0,00      0,00     97,00

13:48:55        CPU      %usr     %nice      %sys   %iowait    %steal      %irq     %soft    %guest    %gnice     %idle
13:48:56        all      0,76      0,00      0,00      0,00      0,00      0,00      0,25      0,00      0,00     98,99
13:48:56          0      0,00      0,00      0,00      0,00      0,00      0,00      1,01      0,00      0,00     98,99
13:48:56          1      1,01      0,00      0,00      0,00      0,00      0,00      0,00      0,00      0,00     98,99
13:48:56          2      1,00      0,00      0,00      0,00      0,00      0,00      0,00      0,00      0,00     99,00
13:48:56          3      1,01      0,00      0,00      0,00      0,00      0,00      0,00      0,00      0,00     98,99

13:48:56        CPU      %usr     %nice      %sys   %iowait    %steal      %irq     %soft    %guest    %gnice     %idle
13:48:57        all      8,06      0,00      3,27      0,00      0,00      0,50      1,51      0,00      0,00     86,65
13:48:57          0      8,00      0,00      4,00      0,00      0,00      2,00      5,00      0,00      0,00     81,00
13:48:57          1      8,08      0,00      3,03      0,00      0,00      0,00      0,00      0,00      0,00     88,89
13:48:57          2      8,16      0,00      3,06      0,00      0,00      0,00      0,00      0,00      0,00     88,78
13:48:57          3      8,00      0,00      3,00      0,00      0,00      0,00      1,00      0,00      0,00     88,00

13:48:57        CPU      %usr     %nice      %sys   %iowait    %steal      %irq     %soft    %guest    %gnice     %idle
13:48:58        all      7,34      0,00      2,53      0,00      0,00      0,51      1,27      0,00      0,00     88,35
13:48:58          0      6,12      0,00      3,06      0,00      0,00      2,04      5,10      0,00      0,00     83,67
13:48:58          1      9,00      0,00      2,00      0,00      0,00      0,00      0,00      0,00      0,00     89,00
13:48:58          2      8,08      0,00      2,02      0,00      0,00      0,00      0,00      0,00      0,00     89,90
13:48:58          3      6,12      0,00      3,06      0,00      0,00      0,00      0,00      0,00      0,00     90,82

13:48:58        CPU      %usr     %nice      %sys   %iowait    %steal      %irq     %soft    %guest    %gnice     %idle
13:48:59        all     16,63      0,00      5,96      0,00      0,00      0,74      2,48      0,00      0,00     74,19
13:48:59          0     16,33      0,00      7,14      0,00      0,00      3,06     10,20      0,00      0,00     63,27
13:48:59          1     16,67      0,00      5,88      0,00      0,00      0,00      0,00      0,00      0,00     77,45
13:48:59          2     16,83      0,00      4,95      0,00      0,00      0,00      0,00      0,00      0,00     78,22
13:48:59          3     16,67      0,00      5,88      0,00      0,00      0,00      0,00      0,00      0,00     77,45

13:48:59        CPU      %usr     %nice      %sys   %iowait    %steal      %irq     %soft    %guest    %gnice     %idle
13:49:00        all      2,50      0,00      1,00      0,25      0,00      0,25      0,50      0,00      0,00     95,50
13:49:00          0      2,02      0,00      1,01      0,00      0,00      1,01      2,02      0,00      0,00     93,94
13:49:00          1      2,94      0,00      1,96      0,98      0,00      0,00      0,00      0,00      0,00     94,12
13:49:00          2      2,00      0,00      1,00      0,00      0,00      0,00      0,00      0,00      0,00     97,00
13:49:00          3      3,03      0,00      0,00      0,00      0,00      0,00      0,00      0,00      0,00     96,97

13:49:00        CPU      %usr     %nice      %sys   %iowait    %steal      %irq     %soft    %guest    %gnice     %idle
13:49:01        all      2,00      0,00      0,50      0,00      0,00      0,25      0,25      0,00      0,00     97,00
13:49:01          0      1,98      0,00      0,99      0,00      0,00      0,00      0,99      0,00      0,00     96,04
13:49:01          1      2,02      0,00      0,00      0,00      0,00      0,00      0,00      0,00      0,00     97,98
13:49:01          2      2,02      0,00      0,00      0,00      0,00      0,00      0,00      0,00      0,00     97,98
13:49:01          3      1,98      0,00      0,99      0,00      0,00      0,99      0,00      0,00      0,00     96,04

13:49:01        CPU      %usr     %nice      %sys   %iowait    %steal      %irq     %soft    %guest    %gnice     %idle
13:49:02        all      3,48      0,00      1,49      0,00      0,00      1,00      1,00      0,00      0,00     93,03
13:49:02          0      3,00      0,00      1,00      0,00      0,00      2,00      4,00      0,00      0,00     90,00
13:49:02          1      3,96      0,00      1,98      0,00      0,00      0,99      0,00      0,00      0,00     93,07
13:49:02          2      3,96      0,00      0,99      0,00      0,00      0,99      0,00      0,00      0,00     94,06
13:49:02          3      3,00      0,00      2,00      0,00      0,00      0,00      0,00      0,00      0,00     95,00

13:49:02        CPU      %usr     %nice      %sys   %iowait    %steal      %irq     %soft    %guest    %gnice     %idle
13:49:03        all      7,73      0,00      2,99      0,00      0,00      0,50      1,25      0,00      0,00     87,53
13:49:03          0      7,00      0,00      4,00      0,00      0,00      2,00      4,00      0,00      0,00     83,00
13:49:03          1      8,82      0,00      1,96      0,00      0,00      0,00      0,98      0,00      0,00     88,24
13:49:03          2      8,00      0,00      3,00      0,00      0,00      0,00      0,00      0,00      0,00     89,00
13:49:03          3      7,07      0,00      3,03      0,00      0,00      0,00      0,00      0,00      0,00     89,90

13:49:03        CPU      %usr     %nice      %sys   %iowait    %steal      %irq     %soft    %guest    %gnice     %idle
13:49:04        all     12,85      0,00      7,56      0,00      0,00      1,01      2,27      0,00      0,00     76,32
13:49:04          0     12,00      0,00     13,00      0,00      0,00      4,00      9,00      0,00      0,00     62,00
13:49:04          1     11,46      0,00      5,21      0,00      0,00      0,00      0,00      0,00      0,00     83,33
13:49:04          2     13,86      0,00      5,94      0,00      0,00      0,00      0,00      0,00      0,00     80,20
13:49:04          3     14,00      0,00      6,00      0,00      0,00      0,00      0,00      0,00      0,00     80,00

13:49:04        CPU      %usr     %nice      %sys   %iowait    %steal      %irq     %soft    %guest    %gnice     %idle
13:49:05        all     10,38      0,00      5,57      0,00      0,00      0,76      2,53      0,00      0,00     80,76
13:49:05          0      9,09      0,00      7,07      0,00      0,00      3,03     10,10      0,00      0,00     70,71
13:49:05          1     11,11      0,00      5,05      0,00      0,00      0,00      0,00      0,00      0,00     83,84
13:49:05          2     11,11      0,00      5,05      0,00      0,00      0,00      0,00      0,00      0,00     83,84
13:49:05          3     10,20      0,00      5,10      0,00      0,00      0,00      0,00      0,00      0,00     84,69

13:49:05        CPU      %usr     %nice      %sys   %iowait    %steal      %irq     %soft    %guest    %gnice     %idle
13:49:06        all      1,24      0,00      0,74      0,25      0,00      0,25      0,25      0,00      0,00     97,27
13:49:06          0      0,98      0,00      0,98      0,00      0,00      0,98      0,98      0,00      0,00     96,08
13:49:06          1      0,99      0,00      0,99      0,99      0,00      0,00      0,00      0,00      0,00     97,03
13:49:06          2      2,00      0,00      0,00      0,00      0,00      0,00      0,00      0,00      0,00     98,00
13:49:06          3      1,00      0,00      1,00      0,00      0,00      0,00      0,00      0,00      0,00     98,00

13:49:06        CPU      %usr     %nice      %sys   %iowait    %steal      %irq     %soft    %guest    %gnice     %idle
13:49:07        all      5,32      0,00      1,52      0,00      0,00      0,25      1,01      0,00      0,00     91,90
13:49:07          0      6,06      0,00      2,02      0,00      0,00      1,01      4,04      0,00      0,00     86,87
13:49:07          1      5,05      0,00      1,01      0,00      0,00      0,00      0,00      0,00      0,00     93,94
13:49:07          2      5,10      0,00      1,02      0,00      0,00      0,00      0,00      0,00      0,00     93,88
13:49:07          3      5,05      0,00      2,02      0,00      0,00      0,00      0,00      0,00      0,00     92,93

13:49:07        CPU      %usr     %nice      %sys   %iowait    %steal      %irq     %soft    %guest    %gnice     %idle
13:49:08        all      1,50      0,00      0,75      1,00      0,00      0,75      0,75      0,00      0,00     95,26
13:49:08          0      1,00      0,00      0,00      0,00      0,00      2,00      3,00      0,00      0,00     94,00
13:49:08          1      2,00      0,00      1,00      3,00      0,00      0,00      0,00      0,00      0,00     94,00
13:49:08          2      1,98      0,00      0,99      0,00      0,00      0,00      0,00      0,00      0,00     97,03
13:49:08          3      1,00      0,00      1,00      1,00      0,00      1,00      0,00      0,00      0,00     96,00

13:49:08        CPU      %usr     %nice      %sys   %iowait    %steal      %irq     %soft    %guest    %gnice     %idle
13:49:09        all      6,31      0,00      2,27      0,00      0,00      0,76      1,26      0,00      0,00     89,39
13:49:09          0      5,10      0,00      3,06      0,00      0,00      2,04      5,10      0,00      0,00     84,69
13:49:09          1      6,12      0,00      2,04      0,00      0,00      0,00      0,00      0,00      0,00     91,84
13:49:09          2      7,00      0,00      2,00      0,00      0,00      1,00      0,00      0,00      0,00     90,00
13:49:09          3      7,00      0,00      2,00      0,00      0,00      0,00      0,00      0,00      0,00     91,00

13:49:09        CPU      %usr     %nice      %sys   %iowait    %steal      %irq     %soft    %guest    %gnice     %idle
13:49:10        all     12,00      0,00      4,50      0,25      0,00      0,75      2,00      0,00      0,00     80,50
13:49:10          0     13,00      0,00      5,00      0,00      0,00      3,00      8,00      0,00      0,00     71,00
13:49:10          1     12,75      0,00      3,92      0,98      0,00      0,00      0,00      0,00      0,00     82,35
13:49:10          2     10,20      0,00      5,10      0,00      0,00      0,00      0,00      0,00      0,00     84,69
13:49:10          3     12,00      0,00      4,00      0,00      0,00      0,00      0,00      0,00      0,00     84,00

13:49:10        CPU      %usr     %nice      %sys   %iowait    %steal      %irq     %soft    %guest    %gnice     %idle
13:49:11        all      2,74      0,00      1,50      0,00      0,00      0,50      0,50      0,00      0,00     94,76
13:49:11          0      2,00      0,00      2,00      0,00      0,00      1,00      2,00      0,00      0,00     93,00
13:49:11          1      2,00      0,00      1,00      0,00      0,00      1,00      0,00      0,00      0,00     96,00
13:49:11          2      3,92      0,00      1,96      0,00      0,00      0,00      0,00      0,00      0,00     94,12
13:49:11          3      3,03      0,00      1,01      0,00      0,00      0,00      0,00      0,00      0,00     95,96

13:49:11        CPU      %usr     %nice      %sys   %iowait    %steal      %irq     %soft    %guest    %gnice     %idle
13:49:12        all      6,63      0,00      2,04      0,00      0,00      0,26      1,02      0,00      0,00     90,05
13:49:12          0      8,08      0,00      2,02      0,00      0,00      1,01      4,04      0,00      0,00     84,85
13:49:12          1      6,19      0,00      2,06      0,00      0,00      0,00      0,00      0,00      0,00     91,75
13:49:12          2      6,12      0,00      2,04      0,00      0,00      0,00      0,00      0,00      0,00     91,84
13:49:12          3      6,12      0,00      2,04      0,00      0,00      0,00      0,00      0,00      0,00     91,84

13:49:12        CPU      %usr     %nice      %sys   %iowait    %steal      %irq     %soft    %guest    %gnice     %idle
13:49:13        all      8,31      0,00      3,27      0,00      0,00      0,50      1,51      0,00      0,00     86,40
13:49:13          0      8,08      0,00      3,03      0,00      0,00      2,02      6,06      0,00      0,00     80,81
13:49:13          1      9,00      0,00      3,00      0,00      0,00      0,00      0,00      0,00      0,00     88,00
13:49:13          2      7,07      0,00      4,04      0,00      0,00      0,00      0,00      0,00      0,00     88,89
13:49:13          3      9,09      0,00      3,03      0,00      0,00      0,00      0,00      0,00      0,00     87,88

13:49:13        CPU      %usr     %nice      %sys   %iowait    %steal      %irq     %soft    %guest    %gnice     %idle
13:49:14        all      6,78      0,00      2,51      0,00      0,00      0,50      1,26      0,00      0,00     88,94
13:49:14          0      7,07      0,00      3,03      0,00      0,00      2,02      4,04      0,00      0,00     83,84
13:49:14          1      6,12      0,00      2,04      0,00      0,00      0,00      0,00      0,00      0,00     91,84
13:49:14          2      6,86      0,00      2,94      0,00      0,00      0,00      0,98      0,00      0,00     89,22
13:49:14          3      7,07      0,00      2,02      0,00      0,00      0,00      0,00      0,00      0,00     90,91

13:49:14        CPU      %usr     %nice      %sys   %iowait    %steal      %irq     %soft    %guest    %gnice     %idle
13:49:15        all     13,57      0,00      5,28      0,00      0,00      1,01      2,26      0,00      0,00     77,89
13:49:15          0     13,86      0,00      5,94      0,00      0,00      2,97      8,91      0,00      0,00     68,32
13:49:15          1     13,27      0,00      5,10      0,00      0,00      0,00      0,00      0,00      0,00     81,63
13:49:15          2     14,14      0,00      5,05      0,00      0,00      0,00      0,00      0,00      0,00     80,81
13:49:15          3     13,00      0,00      5,00      0,00      0,00      1,00      0,00      0,00      0,00     81,00

13:49:15        CPU      %usr     %nice      %sys   %iowait    %steal      %irq     %soft    %guest    %gnice     %idle
13:49:16        all      6,73      0,00      2,74      0,25      0,00      0,50      1,25      0,00      0,00     88,53
13:49:16          0      6,00      0,00      4,00      0,00      0,00      2,00      4,00      0,00      0,00     84,00
13:49:16          1      6,93      0,00      2,97      0,99      0,00      0,00      0,00      0,00      0,00     89,11
13:49:16          2      7,92      0,00      1,98      0,00      0,00      0,00      0,00      0,00      0,00     90,10
13:49:16          3      6,06      0,00      2,02      0,00      0,00      0,00      1,01      0,00      0,00     90,91

13:49:16        CPU      %usr     %nice      %sys   %iowait    %steal      %irq     %soft    %guest    %gnice     %idle
13:49:17        all      5,28      0,00      2,01      0,00      0,00      0,75      0,75      0,00      0,00     91,21
13:49:17          0      5,10      0,00      2,04      0,00      0,00      1,02      3,06      0,00      0,00     88,78
13:49:17          1      5,94      0,00      1,98      0,00      0,00      0,99      0,00      0,00      0,00     91,09
13:49:17          2      5,00      0,00      2,00      0,00      0,00      1,00      0,00      0,00      0,00     92,00
13:49:17          3      5,05      0,00      2,02      0,00      0,00      0,00      0,00      0,00      0,00     92,93

13:49:17        CPU      %usr     %nice      %sys   %iowait    %steal      %irq     %soft    %guest    %gnice     %idle
13:49:18        all      8,38      0,00      3,05      0,00      0,00      0,76      1,52      0,00      0,00     86,29
13:49:18          0      8,91      0,00      3,96      0,00      0,00      2,97      5,94      0,00      0,00     78,22
13:49:18          1      8,16      0,00      3,06      0,00      0,00      0,00      0,00      0,00      0,00     88,78
13:49:18          2      8,25      0,00      2,06      0,00      0,00      0,00      0,00      0,00      0,00     89,69
13:49:18          3      8,16      0,00      3,06      0,00      0,00      0,00      0,00      0,00      0,00     88,78

13:49:18        CPU      %usr     %nice      %sys   %iowait    %steal      %irq     %soft    %guest    %gnice     %idle
13:49:19        all      6,06      0,00      2,27      0,00      0,00      0,25      1,01      0,00      0,00     90,40
13:49:19          0      6,12      0,00      3,06      0,00      0,00      1,02      4,08      0,00      0,00     85,71
13:49:19          1      5,05      0,00      2,02      0,00      0,00      0,00      0,00      0,00      0,00     92,93
13:49:19          2      6,06      0,00      2,02      0,00      0,00      0,00      0,00      0,00      0,00     91,92
13:49:19          3      7,00      0,00      2,00      0,00      0,00      0,00      0,00      0,00      0,00     91,00

13:49:19        CPU      %usr     %nice      %sys   %iowait    %steal      %irq     %soft    %guest    %gnice     %idle
13:49:20        all     13,27      0,00      5,10      0,00      0,00      0,77      2,04      0,00      0,00     78,83
13:49:20          0     11,11      0,00      7,07      0,00      0,00      3,03      8,08      0,00      0,00     70,71
13:49:20          1     11,46      0,00      5,21      0,00      0,00      0,00      0,00      0,00      0,00     83,33
13:49:20          2     15,31      0,00      3,06      0,00      0,00      0,00      0,00      0,00      0,00     81,63
13:49:20          3     15,15      0,00      5,05      0,00      0,00      0,00      0,00      0,00      0,00     79,80

13:49:20        CPU      %usr     %nice      %sys   %iowait    %steal      %irq     %soft    %guest    %gnice     %idle
13:49:21        all      8,61      0,00      2,53      0,00      0,00      0,51      1,77      0,00      0,00     86,58
13:49:21          0      8,16      0,00      3,06      0,00      0,00      2,04      6,12      0,00      0,00     80,61
13:49:21          1      8,08      0,00      2,02      0,00      0,00      0,00      1,01      0,00      0,00     88,89
13:49:21          2     10,00      0,00      3,00      0,00      0,00      0,00      0,00      0,00      0,00     87,00
13:49:21          3      8,16      0,00      2,04      0,00      0,00      0,00      0,00      0,00      0,00     89,80

13:49:21        CPU      %usr     %nice      %sys   %iowait    %steal      %irq     %soft    %guest    %gnice     %idle
13:49:22        all      5,75      0,00      2,25      0,00      0,00      0,75      0,75      0,00      0,00     90,50
13:49:22          0      6,00      0,00      3,00      0,00      0,00      2,00      3,00      0,00      0,00     86,00
13:49:22          1      5,05      0,00      2,02      0,00      0,00      0,00      0,00      0,00      0,00     92,93
13:49:22          2      5,94      0,00      1,98      0,00      0,00      0,99      0,00      0,00      0,00     91,09
13:49:22          3      6,00      0,00      2,00      0,00      0,00      0,00      0,00      0,00      0,00     92,00

13:49:22        CPU      %usr     %nice      %sys   %iowait    %steal      %irq     %soft    %guest    %gnice     %idle
13:49:23        all      8,08      0,00      3,54      0,00      0,00      0,76      1,52      0,00      0,00     86,11
13:49:23          0      7,92      0,00      4,95      0,00      0,00      1,98      5,94      0,00      0,00     79,21
13:49:23          1      9,09      0,00      3,03      0,00      0,00      0,00      0,00      0,00      0,00     87,88
13:49:23          2      7,22      0,00      3,09      0,00      0,00      0,00      0,00      0,00      0,00     89,69
13:49:23          3      8,08      0,00      3,03      0,00      0,00      1,01      0,00      0,00      0,00     87,88

13:49:23        CPU      %usr     %nice      %sys   %iowait    %steal      %irq     %soft    %guest    %gnice     %idle
13:49:24        all      6,27      0,00      2,76      0,25      0,00      0,25      1,00      0,00      0,00     89,47
13:49:24          0      4,12      0,00      3,09      0,00      0,00      1,03      4,12      0,00      0,00     87,63
13:49:24          1      6,93      0,00      2,97      0,99      0,00      0,00      0,00      0,00      0,00     89,11
13:49:24          2      6,93      0,00      2,97      0,00      0,00      0,00      0,00      0,00      0,00     90,10
13:49:24          3      7,00      0,00      2,00      0,00      0,00      0,00      0,00      0,00      0,00     91,00

13:49:24        CPU      %usr     %nice      %sys   %iowait    %steal      %irq     %soft    %guest    %gnice     %idle
13:49:25        all     12,75      0,00      5,50      0,00      0,00      1,00      1,75      0,00      0,00     79,00
13:49:25          0     11,11      0,00      7,07      0,00      0,00      3,03      7,07      0,00      0,00     71,72
13:49:25          1     12,87      0,00      4,95      0,00      0,00      0,99      0,00      0,00      0,00     81,19
13:49:25          2     13,00      0,00      5,00      0,00      0,00      0,00      0,00      0,00      0,00     82,00
13:49:25          3     14,00      0,00      5,00      0,00      0,00      0,00      0,00      0,00      0,00     81,00

13:49:25        CPU      %usr     %nice      %sys   %iowait    %steal      %irq     %soft    %guest    %gnice     %idle
13:49:26        all     12,98      0,00      4,33      0,00      0,00      0,76      2,29      0,00      0,00     79,64
13:49:26          0     13,00      0,00      5,00      0,00      0,00      3,00      9,00      0,00      0,00     70,00
13:49:26          1     11,34      0,00      5,15      0,00      0,00      0,00      0,00      0,00      0,00     83,51
13:49:26          2     13,27      0,00      4,08      0,00      0,00      0,00      0,00      0,00      0,00     82,65
13:49:26          3     14,29      0,00      3,06      0,00      0,00      0,00      0,00      0,00      0,00     82,65

13:49:26        CPU      %usr     %nice      %sys   %iowait    %steal      %irq     %soft    %guest    %gnice     %idle
13:49:27        all      6,53      0,00      4,27      0,00      0,00      0,75      0,75      0,00      0,00     87,69
13:49:27          0      5,10      0,00     10,20      0,00      0,00      2,04      3,06      0,00      0,00     79,59
13:49:27          1      7,00      0,00      3,00      0,00      0,00      0,00      0,00      0,00      0,00     90,00
13:49:27          2      7,00      0,00      2,00      0,00      0,00      0,00      0,00      0,00      0,00     91,00
13:49:27          3      7,00      0,00      2,00      0,00      0,00      1,00      0,00      0,00      0,00     90,00

13:49:27        CPU      %usr     %nice      %sys   %iowait    %steal      %irq     %soft    %guest    %gnice     %idle
13:49:28        all     10,51      0,00      4,87      0,00      0,00      0,77      2,05      0,00      0,00     81,79
13:49:28          0     10,10      0,00      6,06      0,00      0,00      3,03      8,08      0,00      0,00     72,73
13:49:28          1     11,34      0,00      4,12      0,00      0,00      0,00      0,00      0,00      0,00     84,54
13:49:28          2      9,28      0,00      5,15      0,00      0,00      0,00      0,00      0,00      0,00     85,57
13:49:28          3     11,34      0,00      4,12      0,00      0,00      0,00      0,00      0,00      0,00     84,54

13:49:28        CPU      %usr     %nice      %sys   %iowait    %steal      %irq     %soft    %guest    %gnice     %idle
13:49:29        all      8,19      0,00      3,23      0,00      0,00      0,74      1,24      0,00      0,00     86,60
13:49:29          0      9,80      0,00      2,94      0,00      0,00      1,96      4,90      0,00      0,00     80,39
13:49:29          1      8,91      0,00      2,97      0,00      0,00      0,00      0,00      0,00      0,00     88,12
13:49:29          2      6,93      0,00      3,96      0,00      0,00      0,99      0,00      0,00      0,00     88,12
13:49:29          3      7,07      0,00      3,03      0,00      0,00      0,00      0,00      0,00      0,00     89,90

13:49:29        CPU      %usr     %nice      %sys   %iowait    %steal      %irq     %soft    %guest    %gnice     %idle
13:49:30        all      6,27      0,00      2,51      0,25      0,00      0,50      1,00      0,00      0,00     89,47
13:49:30          0      7,00      0,00      3,00      0,00      0,00      1,00      4,00      0,00      0,00     85,00
13:49:30          1      4,90      0,00      3,92      0,98      0,00      0,98      0,00      0,00      0,00     89,22
13:49:30          2      7,00      0,00      2,00      0,00      0,00      0,00      0,00      0,00      0,00     91,00
13:49:30          3      6,19      0,00      1,03      0,00      0,00      0,00      0,00      0,00      0,00     92,78

13:49:30        CPU      %usr     %nice      %sys   %iowait    %steal      %irq     %soft    %guest    %gnice     %idle
13:49:31        all      9,82      0,00      3,53      0,00      0,00      0,76      1,51      0,00      0,00     84,38
13:49:31          0      9,00      0,00      5,00      0,00      0,00      3,00      6,00      0,00      0,00     77,00
13:49:31          1     10,10      0,00      3,03      0,00      0,00      0,00      0,00      0,00      0,00     86,87
13:49:31          2      9,18      0,00      3,06      0,00      0,00      0,00      0,00      0,00      0,00     87,76
13:49:31          3     11,00      0,00      3,00      0,00      0,00      0,00      0,00      0,00      0,00     86,00

13:49:31        CPU      %usr     %nice      %sys   %iowait    %steal      %irq     %soft    %guest    %gnice     %idle
13:49:32        all     10,61      0,00      3,54      0,00      0,00      0,51      2,02      0,00      0,00     83,33
13:49:32          0     11,00      0,00      4,00      0,00      0,00      2,00      7,00      0,00      0,00     76,00
13:49:32          1      9,28      0,00      3,09      0,00      0,00      0,00      0,00      0,00      0,00     87,63
13:49:32          2     11,88      0,00      2,97      0,00      0,00      0,00      0,99      0,00      0,00     84,16
13:49:32          3     10,20      0,00      4,08      0,00      0,00      0,00      0,00      0,00      0,00     85,71

13:49:32        CPU      %usr     %nice      %sys   %iowait    %steal      %irq     %soft    %guest    %gnice     %idle
13:49:33        all      8,25      0,00      3,00      0,00      0,00      0,50      1,25      0,00      0,00     87,00
13:49:33          0      8,00      0,00      4,00      0,00      0,00      2,00      5,00      0,00      0,00     81,00
13:49:33          1      8,91      0,00      2,97      0,00      0,00      0,00      0,00      0,00      0,00     88,12
13:49:33          2      8,00      0,00      3,00      0,00      0,00      0,00      0,00      0,00      0,00     89,00
13:49:33          3      8,08      0,00      2,02      0,00      0,00      0,00      0,00      0,00      0,00     89,90

Média:         CPU      %usr     %nice      %sys   %iowait    %steal      %irq     %soft    %guest    %gnice     %idle
Média:         all      7,03      0,00      2,84      0,07      0,00      0,54      1,23      0,00      0,00     88,30
Média:           0      6,82      0,00      3,65      0,02      0,00      1,79      4,77      0,00      0,00     82,95
Média:           1      6,99      0,00      2,66      0,22      0,00      0,12      0,05      0,00      0,00     89,96
Média:           2      7,18      0,00      2,51      0,00      0,00      0,12      0,05      0,00      0,00     90,15
Média:           3      7,13      0,00      2,55      0,03      0,00      0,12      0,03      0,00      0,00     90,14
