Linux 5.14.0-503.19.1.el9_5.x86_64 (localhost.localdomain) 	16/04/2025 	_x86_64_	(4 CPU)

13:56:33        CPU      %usr     %nice      %sys   %iowait    %steal      %irq     %soft    %guest    %gnice     %idle
13:56:34        all      0,00      0,00      2,00      0,00      0,00      0,25      0,00      0,00      0,00     97,75
13:56:34          0      0,00      0,00      7,92      0,00      0,00      0,99      0,00      0,00      0,00     91,09
13:56:34          1      0,00      0,00      0,00      0,00      0,00      0,00      0,00      0,00      0,00    100,00
13:56:34          2      0,00      0,00      0,00      0,00      0,00      0,00      0,00      0,00      0,00    100,00
13:56:34          3      0,00      0,00      0,00      0,00      0,00      0,00      0,00      0,00      0,00    100,00

13:56:34        CPU      %usr     %nice      %sys   %iowait    %steal      %irq     %soft    %guest    %gnice     %idle
13:56:35        all      0,00      0,00      0,00      0,00      0,00      0,00      0,25      0,00      0,00     99,75
13:56:35          0      0,00      0,00      0,00      0,00      0,00      0,00      0,00      0,00      0,00    100,00
13:56:35          1      0,00      0,00      0,00      0,00      0,00      0,00      0,00      0,00      0,00    100,00
13:56:35          2      0,00      0,00      0,00      0,00      0,00      0,00      0,00      0,00      0,00    100,00
13:56:35          3      0,00      0,00      0,00      0,00      0,00      0,00      0,99      0,00      0,00     99,01

13:56:35        CPU      %usr     %nice      %sys   %iowait    %steal      %irq     %soft    %guest    %gnice     %idle
13:56:36        all      0,00      0,00      0,00      0,00      0,00      0,00      0,00      0,00      0,00    100,00
13:56:36          0      0,00      0,00      0,00      0,00      0,00      0,00      0,00      0,00      0,00    100,00
13:56:36          1      0,00      0,00      0,00      0,00      0,00      0,00      0,00      0,00      0,00    100,00
13:56:36          2      0,00      0,00      0,00      0,00      0,00      0,00      0,00      0,00      0,00    100,00
13:56:36          3      0,00      0,00      0,00      0,00      0,00      0,00      0,00      0,00      0,00    100,00

13:56:36        CPU      %usr     %nice      %sys   %iowait    %steal      %irq     %soft    %guest    %gnice     %idle
13:56:37        all      0,00      0,00      0,00      0,00      0,00      0,50      1,25      0,00      0,00     98,25
13:56:37          0      0,00      0,00      0,00      0,00      0,00      2,02      5,05      0,00      0,00     92,93
13:56:37          1      0,00      0,00      0,00      0,00      0,00      0,00      0,00      0,00      0,00    100,00
13:56:37          2      0,00      0,00      0,00      0,00      0,00      0,00      0,00      0,00      0,00    100,00
13:56:37          3      0,00      0,00      0,00      0,00      0,00      0,00      0,00      0,00      0,00    100,00

13:56:37        CPU      %usr     %nice      %sys   %iowait    %steal      %irq     %soft    %guest    %gnice     %idle
13:56:38        all      0,00      0,00      0,00      0,25      0,00      0,75      1,50      0,00      0,00     97,50
13:56:38          0      0,00      0,00      0,00      0,00      0,00      3,00      6,00      0,00      0,00     91,00
13:56:38          1      0,00      0,00      0,00      1,00      0,00      0,00      0,00      0,00      0,00     99,00
13:56:38          2      0,00      0,00      0,00      0,00      0,00      0,00      0,00      0,00      0,00    100,00
13:56:38          3      0,00      0,00      0,00      0,00      0,00      0,00      0,00      0,00      0,00    100,00

13:56:38        CPU      %usr     %nice      %sys   %iowait    %steal      %irq     %soft    %guest    %gnice     %idle
13:56:39        all      0,00      0,00      0,00      0,00      0,00      0,25      0,50      0,00      0,00     99,25
13:56:39          0      0,00      0,00      0,00      0,00      0,00      1,01      2,02      0,00      0,00     96,97
13:56:39          1      0,00      0,00      0,00      0,00      0,00      0,00      0,00      0,00      0,00    100,00
13:56:39          2      0,00      0,00      0,00      0,00      0,00      0,00      0,00      0,00      0,00    100,00
13:56:39          3      0,00      0,00      0,00      0,00      0,00      0,00      0,00      0,00      0,00    100,00

13:56:39        CPU      %usr     %nice      %sys   %iowait    %steal      %irq     %soft    %guest    %gnice     %idle
13:56:40        all      0,00      0,00      0,00      0,00      0,00      0,00      0,00      0,00      0,00    100,00
13:56:40          0      0,00      0,00      0,00      0,00      0,00      0,00      0,00      0,00      0,00    100,00
13:56:40          1      0,00      0,00      0,00      0,00      0,00      0,00      0,00      0,00      0,00    100,00
13:56:40          2      0,00      0,00      0,00      0,00      0,00      0,00      0,00      0,00      0,00    100,00
13:56:40          3      0,00      0,00      0,00      0,00      0,00      0,00      0,00      0,00      0,00    100,00

13:56:40        CPU      %usr     %nice      %sys   %iowait    %steal      %irq     %soft    %guest    %gnice     %idle
13:56:41        all      0,00      0,00      0,00      0,00      0,00      0,00      0,00      0,00      0,00    100,00
13:56:41          0      0,00      0,00      0,00      0,00      0,00      0,00      0,00      0,00      0,00    100,00
13:56:41          1      0,00      0,00      0,00      0,00      0,00      0,00      0,00      0,00      0,00    100,00
13:56:41          2      0,00      0,00      0,00      0,00      0,00      0,00      0,00      0,00      0,00    100,00
13:56:41          3      0,00      0,00      0,00      0,00      0,00      0,00      0,00      0,00      0,00    100,00

13:56:41        CPU      %usr     %nice      %sys   %iowait    %steal      %irq     %soft    %guest    %gnice     %idle
13:56:42        all      9,92      0,00      4,58      0,00      0,00      0,51      2,04      0,00      0,00     82,95
13:56:42          0      9,18      0,00      6,12      0,00      0,00      2,04      8,16      0,00      0,00     74,49
13:56:42          1     10,20      0,00      4,08      0,00      0,00      0,00      0,00      0,00      0,00     85,71
13:56:42          2      9,18      0,00      4,08      0,00      0,00      0,00      0,00      0,00      0,00     86,73
13:56:42          3     11,11      0,00      4,04      0,00      0,00      0,00      0,00      0,00      0,00     84,85

13:56:42        CPU      %usr     %nice      %sys   %iowait    %steal      %irq     %soft    %guest    %gnice     %idle
13:56:43        all      8,98      0,00      3,74      0,00      0,00      1,00      1,50      0,00      0,00     84,79
13:56:43          0      8,08      0,00      5,05      0,00      0,00      3,03      6,06      0,00      0,00     77,78
13:56:43          1      8,82      0,00      3,92      0,00      0,00      0,98      0,00      0,00      0,00     86,27
13:56:43          2      9,09      0,00      2,02      0,00      0,00      0,00      0,00      0,00      0,00     88,89
13:56:43          3      9,90      0,00      3,96      0,00      0,00      0,00      0,00      0,00      0,00     86,14

13:56:43        CPU      %usr     %nice      %sys   %iowait    %steal      %irq     %soft    %guest    %gnice     %idle
13:56:44        all      9,55      0,00      4,27      0,00      0,00      0,50      1,76      0,00      0,00     83,92
13:56:44          0     10,89      0,00      4,95      0,00      0,00      1,98      6,93      0,00      0,00     75,25
13:56:44          1      9,18      0,00      3,06      0,00      0,00      0,00      0,00      0,00      0,00     87,76
13:56:44          2      9,00      0,00      5,00      0,00      0,00      0,00      0,00      0,00      0,00     86,00
13:56:44          3      9,09      0,00      4,04      0,00      0,00      0,00      0,00      0,00      0,00     86,87

13:56:44        CPU      %usr     %nice      %sys   %iowait    %steal      %irq     %soft    %guest    %gnice     %idle
13:56:45        all      0,25      0,00      0,25      0,00      0,00      0,00      0,25      0,00      0,00     99,25
13:56:45          0      0,00      0,00      0,00      0,00      0,00      0,00      1,00      0,00      0,00     99,00
13:56:45          1      0,00      0,00      1,00      0,00      0,00      0,00      0,00      0,00      0,00     99,00
13:56:45          2      1,00      0,00      0,00      0,00      0,00      0,00      0,00      0,00      0,00     99,00
13:56:45          3      0,00      0,00      0,00      0,00      0,00      0,00      0,00      0,00      0,00    100,00

13:56:45        CPU      %usr     %nice      %sys   %iowait    %steal      %irq     %soft    %guest    %gnice     %idle
13:56:46        all      0,25      0,00      0,25      0,25      0,00      0,00      0,00      0,00      0,00     99,25
13:56:46          0      0,00      0,00      0,00      0,00      0,00      0,00      0,00      0,00      0,00    100,00
13:56:46          1      0,00      0,00      0,00      1,00      0,00      0,00      0,00      0,00      0,00     99,00
13:56:46          2      0,00      0,00      0,00      0,00      0,00      0,00      0,00      0,00      0,00    100,00
13:56:46          3      0,98      0,00      0,98      0,00      0,00      0,00      0,00      0,00      0,00     98,04

13:56:46        CPU      %usr     %nice      %sys   %iowait    %steal      %irq     %soft    %guest    %gnice     %idle
13:56:47        all      9,90      0,00      4,31      0,00      0,00      0,76      1,78      0,00      0,00     83,25
13:56:47          0      9,28      0,00      5,15      0,00      0,00      3,09      7,22      0,00      0,00     75,26
13:56:47          1     11,00      0,00      4,00      0,00      0,00      0,00      0,00      0,00      0,00     85,00
13:56:47          2      9,09      0,00      5,05      0,00      0,00      0,00      0,00      0,00      0,00     85,86
13:56:47          3     10,20      0,00      3,06      0,00      0,00      0,00      0,00      0,00      0,00     86,73

13:56:47        CPU      %usr     %nice      %sys   %iowait    %steal      %irq     %soft    %guest    %gnice     %idle
13:56:48        all      9,75      0,00      3,50      0,00      0,00      0,50      2,00      0,00      0,00     84,25
13:56:48          0      9,09      0,00      4,04      0,00      0,00      2,02      7,07      0,00      0,00     77,78
13:56:48          1      9,90      0,00      3,96      0,00      0,00      0,00      0,99      0,00      0,00     85,15
13:56:48          2      9,00      0,00      4,00      0,00      0,00      0,00      0,00      0,00      0,00     87,00
13:56:48          3     11,00      0,00      2,00      0,00      0,00      0,00      0,00      0,00      0,00     87,00

13:56:48        CPU      %usr     %nice      %sys   %iowait    %steal      %irq     %soft    %guest    %gnice     %idle
13:56:49        all      9,80      0,00      4,27      0,00      0,00      1,26      2,26      0,00      0,00     82,41
13:56:49          0     10,89      0,00      5,94      0,00      0,00      2,97      7,92      0,00      0,00     72,28
13:56:49          1     10,20      0,00      3,06      0,00      0,00      0,00      0,00      0,00      0,00     86,73
13:56:49          2      7,22      0,00      3,09      0,00      0,00      1,03      1,03      0,00      0,00     87,63
13:56:49          3     10,78      0,00      4,90      0,00      0,00      0,98      0,00      0,00      0,00     83,33

13:56:49        CPU      %usr     %nice      %sys   %iowait    %steal      %irq     %soft    %guest    %gnice     %idle
13:56:50        all      0,00      0,00      0,50      0,00      0,00      0,00      0,00      0,00      0,00     99,50
13:56:50          0      0,00      0,00      0,00      0,00      0,00      0,00      0,00      0,00      0,00    100,00
13:56:50          1      0,00      0,00      1,00      0,00      0,00      0,00      0,00      0,00      0,00     99,00
13:56:50          2      0,00      0,00      0,99      0,00      0,00      0,00      0,00      0,00      0,00     99,01
13:56:50          3      0,00      0,00      0,00      0,00      0,00      0,00      0,00      0,00      0,00    100,00

13:56:50        CPU      %usr     %nice      %sys   %iowait    %steal      %irq     %soft    %guest    %gnice     %idle
13:56:51        all      0,25      0,00      0,00      0,00      0,00      0,00      0,00      0,00      0,00     99,75
13:56:51          0      0,00      0,00      0,00      0,00      0,00      0,00      0,00      0,00      0,00    100,00
13:56:51          1      0,00      0,00      0,00      0,00      0,00      0,00      0,00      0,00      0,00    100,00
13:56:51          2      0,99      0,00      0,00      0,00      0,00      0,00      0,00      0,00      0,00     99,01
13:56:51          3      0,00      0,00      0,00      0,00      0,00      0,00      0,00      0,00      0,00    100,00

13:56:51        CPU      %usr     %nice      %sys   %iowait    %steal      %irq     %soft    %guest    %gnice     %idle
13:56:52        all      0,00      0,00      0,00      0,25      0,00      0,50      1,25      0,00      0,00     97,99
13:56:52          0      0,00      0,00      0,00      0,00      0,00      2,00      5,00      0,00      0,00     93,00
13:56:52          1      0,00      0,00      0,00      0,99      0,00      0,00      0,00      0,00      0,00     99,01
13:56:52          2      0,00      0,00      0,00      0,00      0,00      0,00      0,00      0,00      0,00    100,00
13:56:52          3      0,00      0,00      0,00      0,00      0,00      0,00      0,00      0,00      0,00    100,00

13:56:52        CPU      %usr     %nice      %sys   %iowait    %steal      %irq     %soft    %guest    %gnice     %idle
13:56:53        all      0,25      0,00      0,00      0,25      0,00      0,50      1,00      0,00      0,00     97,99
13:56:53          0      0,00      0,00      0,00      1,01      0,00      2,02      4,04      0,00      0,00     92,93
13:56:53          1      1,00      0,00      0,00      0,00      0,00      0,00      0,00      0,00      0,00     99,00
13:56:53          2      0,00      0,00      0,00      0,00      0,00      0,00      0,00      0,00      0,00    100,00
13:56:53          3      0,00      0,00      0,00      0,00      0,00      0,00      0,00      0,00      0,00    100,00

13:56:53        CPU      %usr     %nice      %sys   %iowait    %steal      %irq     %soft    %guest    %gnice     %idle
13:56:54        all      0,00      0,00      0,00      0,00      0,00      0,75      1,25      0,00      0,00     97,99
13:56:54          0      0,00      0,00      0,00      0,00      0,00      3,00      5,00      0,00      0,00     92,00
13:56:54          1      0,00      0,00      0,00      0,00      0,00      0,00      0,00      0,00      0,00    100,00
13:56:54          2      0,00      0,00      0,00      0,00      0,00      0,00      0,00      0,00      0,00    100,00
13:56:54          3      0,00      0,00      0,00      0,00      0,00      0,00      0,00      0,00      0,00    100,00

13:56:54        CPU      %usr     %nice      %sys   %iowait    %steal      %irq     %soft    %guest    %gnice     %idle
13:56:55        all      0,50      0,00      2,24      0,00      0,00      0,00      0,00      0,00      0,00     97,26
13:56:55          0      0,99      0,00      8,91      0,00      0,00      0,00      0,00      0,00      0,00     90,10
13:56:55          1      0,00      0,00      0,00      0,00      0,00      0,00      0,00      0,00      0,00    100,00
13:56:55          2      0,00      0,00      0,00      0,00      0,00      0,00      0,00      0,00      0,00    100,00
13:56:55          3      1,00      0,00      0,00      0,00      0,00      0,00      0,00      0,00      0,00     99,00

13:56:55        CPU      %usr     %nice      %sys   %iowait    %steal      %irq     %soft    %guest    %gnice     %idle
13:56:56        all      0,00      0,00      0,00      0,00      0,00      0,00      0,00      0,00      0,00    100,00
13:56:56          0      0,00      0,00      0,00      0,00      0,00      0,00      0,00      0,00      0,00    100,00
13:56:56          1      0,00      0,00      0,00      0,00      0,00      0,00      0,00      0,00      0,00    100,00
13:56:56          2      0,00      0,00      0,00      0,00      0,00      0,00      0,00      0,00      0,00    100,00
13:56:56          3      0,00      0,00      0,00      0,00      0,00      0,00      0,00      0,00      0,00    100,00

13:56:56        CPU      %usr     %nice      %sys   %iowait    %steal      %irq     %soft    %guest    %gnice     %idle
13:56:57        all      0,25      0,00      0,00      0,25      0,00      0,50      1,25      0,00      0,00     97,75
13:56:57          0      0,00      0,00      0,00      0,00      0,00      2,00      5,00      0,00      0,00     93,00
13:56:57          1      0,00      0,00      0,00      0,00      0,00      0,00      0,00      0,00      0,00    100,00
13:56:57          2      1,00      0,00      0,00      1,00      0,00      0,00      0,00      0,00      0,00     98,00
13:56:57          3      0,00      0,00      0,00      0,00      0,00      0,00      0,00      0,00      0,00    100,00

13:56:57        CPU      %usr     %nice      %sys   %iowait    %steal      %irq     %soft    %guest    %gnice     %idle
13:56:58        all      0,00      0,00      0,00      0,25      0,00      0,50      1,01      0,00      0,00     98,24
13:56:58          0      0,00      0,00      0,00      0,00      0,00      2,02      4,04      0,00      0,00     93,94
13:56:58          1      0,00      0,00      0,00      1,00      0,00      0,00      0,00      0,00      0,00     99,00
13:56:58          2      0,00      0,00      0,00      0,00      0,00      0,00      0,00      0,00      0,00    100,00
13:56:58          3      0,00      0,00      0,00      0,00      0,00      0,00      0,00      0,00      0,00    100,00

13:56:58        CPU      %usr     %nice      %sys   %iowait    %steal      %irq     %soft    %guest    %gnice     %idle
13:56:59        all      0,25      0,00      0,00      0,00      0,00      0,75      1,25      0,00      0,00     97,76
13:56:59          0      0,99      0,00      0,00      0,00      0,00      2,97      4,95      0,00      0,00     91,09
13:56:59          1      0,00      0,00      0,00      0,00      0,00      0,00      0,00      0,00      0,00    100,00
13:56:59          2      0,00      0,00      0,00      0,00      0,00      0,00      0,00      0,00      0,00    100,00
13:56:59          3      0,00      0,00      0,00      0,00      0,00      0,00      0,00      0,00      0,00    100,00

13:56:59        CPU      %usr     %nice      %sys   %iowait    %steal      %irq     %soft    %guest    %gnice     %idle
13:57:00        all      0,00      0,00      0,25      0,00      0,00      0,00      0,25      0,00      0,00     99,50
13:57:00          0      0,00      0,00      0,00      0,00      0,00      0,00      1,01      0,00      0,00     98,99
13:57:00          1      0,00      0,00      1,00      0,00      0,00      0,00      0,00      0,00      0,00     99,00
13:57:00          2      0,00      0,00      0,00      0,00      0,00      0,00      0,00      0,00      0,00    100,00
13:57:00          3      0,00      0,00      0,00      0,00      0,00      0,00      0,00      0,00      0,00    100,00

13:57:00        CPU      %usr     %nice      %sys   %iowait    %steal      %irq     %soft    %guest    %gnice     %idle
13:57:01        all      0,00      0,00      0,00      0,00      0,00      0,00      0,00      0,00      0,00    100,00
13:57:01          0      0,00      0,00      0,00      0,00      0,00      0,00      0,00      0,00      0,00    100,00
13:57:01          1      0,00      0,00      0,00      0,00      0,00      0,00      0,00      0,00      0,00    100,00
13:57:01          2      0,00      0,00      0,00      0,00      0,00      0,00      0,00      0,00      0,00    100,00
13:57:01          3      0,00      0,00      0,00      0,00      0,00      0,00      0,00      0,00      0,00    100,00

13:57:01        CPU      %usr     %nice      %sys   %iowait    %steal      %irq     %soft    %guest    %gnice     %idle
13:57:02        all      0,75      0,00      0,25      0,00      0,00      0,25      0,75      0,00      0,00     98,00
13:57:02          0      0,00      0,00      0,00      0,00      0,00      1,01      3,03      0,00      0,00     95,96
13:57:02          1      1,00      0,00      0,00      0,00      0,00      0,00      0,00      0,00      0,00     99,00
13:57:02          2      1,00      0,00      0,00      0,00      0,00      0,00      0,00      0,00      0,00     99,00
13:57:02          3      0,99      0,00      0,99      0,00      0,00      0,00      0,00      0,00      0,00     98,02

13:57:02        CPU      %usr     %nice      %sys   %iowait    %steal      %irq     %soft    %guest    %gnice     %idle
13:57:03        all      0,00      0,00      0,00      0,00      0,00      0,75      1,25      0,00      0,00     97,99
13:57:03          0      0,00      0,00      0,00      0,00      0,00      3,00      5,00      0,00      0,00     92,00
13:57:03          1      0,00      0,00      0,00      0,00      0,00      0,00      0,00      0,00      0,00    100,00
13:57:03          2      0,00      0,00      0,00      0,00      0,00      0,00      0,00      0,00      0,00    100,00
13:57:03          3      0,00      0,00      0,00      0,00      0,00      0,00      0,00      0,00      0,00    100,00

13:57:03        CPU      %usr     %nice      %sys   %iowait    %steal      %irq     %soft    %guest    %gnice     %idle
13:57:04        all      0,00      0,00      0,00      0,25      0,00      0,50      1,25      0,00      0,00     97,99
13:57:04          0      0,00      0,00      0,00      0,00      0,00      2,02      5,05      0,00      0,00     92,93
13:57:04          1      0,00      0,00      0,00      0,99      0,00      0,00      0,00      0,00      0,00     99,01
13:57:04          2      0,00      0,00      0,00      0,00      0,00      0,00      0,00      0,00      0,00    100,00
13:57:04          3      0,00      0,00      0,00      0,00      0,00      0,00      0,00      0,00      0,00    100,00

13:57:04        CPU      %usr     %nice      %sys   %iowait    %steal      %irq     %soft    %guest    %gnice     %idle
13:57:05        all      0,00      0,00      0,00      0,00      0,00      0,25      0,25      0,00      0,00     99,50
13:57:05          0      0,00      0,00      0,00      0,00      0,00      1,00      1,00      0,00      0,00     98,00
13:57:05          1      0,00      0,00      0,00      0,00      0,00      0,00      0,00      0,00      0,00    100,00
13:57:05          2      0,00      0,00      0,00      0,00      0,00      0,00      0,00      0,00      0,00    100,00
13:57:05          3      0,00      0,00      0,00      0,00      0,00      0,00      0,00      0,00      0,00    100,00

13:57:05        CPU      %usr     %nice      %sys   %iowait    %steal      %irq     %soft    %guest    %gnice     %idle
13:57:06        all      0,25      0,00      0,00      0,00      0,00      0,00      0,00      0,00      0,00     99,75
13:57:06          0      0,00      0,00      0,00      0,00      0,00      0,00      0,00      0,00      0,00    100,00
13:57:06          1      0,00      0,00      0,00      0,00      0,00      0,00      0,00      0,00      0,00    100,00
13:57:06          2      0,00      0,00      0,00      0,00      0,00      0,00      0,00      0,00      0,00    100,00
13:57:06          3      0,99      0,00      0,00      0,00      0,00      0,00      0,00      0,00      0,00     99,01

13:57:06        CPU      %usr     %nice      %sys   %iowait    %steal      %irq     %soft    %guest    %gnice     %idle
13:57:07        all      5,50      0,00      2,50      0,00      0,00      0,50      1,00      0,00      0,00     90,50
13:57:07          0      6,93      0,00      2,97      0,00      0,00      0,99      3,96      0,00      0,00     85,15
13:57:07          1      5,00      0,00      2,00      0,00      0,00      1,00      0,00      0,00      0,00     92,00
13:57:07          2      5,00      0,00      3,00      0,00      0,00      0,00      0,00      0,00      0,00     92,00
13:57:07          3      5,05      0,00      2,02      0,00      0,00      0,00      0,00      0,00      0,00     92,93

13:57:07        CPU      %usr     %nice      %sys   %iowait    %steal      %irq     %soft    %guest    %gnice     %idle
13:57:08        all     12,81      0,00      5,28      0,00      0,00      0,75      2,26      0,00      0,00     78,89
13:57:08          0     13,00      0,00      7,00      0,00      0,00      3,00      9,00      0,00      0,00     68,00
13:57:08          1     13,00      0,00      5,00      0,00      0,00      0,00      0,00      0,00      0,00     82,00
13:57:08          2     11,22      0,00      5,10      0,00      0,00      0,00      0,00      0,00      0,00     83,67
13:57:08          3     14,00      0,00      4,00      0,00      0,00      0,00      0,00      0,00      0,00     82,00

13:57:08        CPU      %usr     %nice      %sys   %iowait    %steal      %irq     %soft    %guest    %gnice     %idle
13:57:09        all     10,83      0,00      4,28      0,00      0,00      1,01      2,02      0,00      0,00     81,86
13:57:09          0     11,22      0,00      5,10      0,00      0,00      3,06      8,16      0,00      0,00     72,45
13:57:09          1     10,10      0,00      4,04      0,00      0,00      0,00      0,00      0,00      0,00     85,86
13:57:09          2     11,88      0,00      3,96      0,00      0,00      0,00      0,00      0,00      0,00     84,16
13:57:09          3     10,10      0,00      4,04      0,00      0,00      1,01      0,00      0,00      0,00     84,85

13:57:09        CPU      %usr     %nice      %sys   %iowait    %steal      %irq     %soft    %guest    %gnice     %idle
13:57:10        all      2,49      0,00      1,00      0,00      0,00      0,25      0,75      0,00      0,00     95,51
13:57:10          0      2,94      0,00      0,98      0,00      0,00      0,98      2,94      0,00      0,00     92,16
13:57:10          1      3,00      0,00      1,00      0,00      0,00      0,00      0,00      0,00      0,00     96,00
13:57:10          2      2,02      0,00      1,01      0,00      0,00      0,00      0,00      0,00      0,00     96,97
13:57:10          3      2,00      0,00      1,00      0,00      0,00      0,00      0,00      0,00      0,00     97,00

13:57:10        CPU      %usr     %nice      %sys   %iowait    %steal      %irq     %soft    %guest    %gnice     %idle
13:57:11        all      0,00      0,00      0,00      0,25      0,00      0,25      0,00      0,00      0,00     99,50
13:57:11          0      0,00      0,00      0,00      0,00      0,00      0,00      0,00      0,00      0,00    100,00
13:57:11          1      0,00      0,00      0,00      1,00      0,00      0,00      0,00      0,00      0,00     99,00
13:57:11          2      0,00      0,00      0,00      0,00      0,00      0,99      0,00      0,00      0,00     99,01
13:57:11          3      0,00      0,00      0,00      0,00      0,00      0,00      0,00      0,00      0,00    100,00

13:57:11        CPU      %usr     %nice      %sys   %iowait    %steal      %irq     %soft    %guest    %gnice     %idle
13:57:12        all      1,00      0,00      0,75      0,00      0,00      0,25      0,50      0,00      0,00     97,51
13:57:12          0      0,99      0,00      0,99      0,00      0,00      0,99      1,98      0,00      0,00     95,05
13:57:12          1      0,99      0,00      0,99      0,00      0,00      0,00      0,00      0,00      0,00     98,02
13:57:12          2      1,00      0,00      0,00      0,00      0,00      0,00      0,00      0,00      0,00     99,00
13:57:12          3      1,00      0,00      1,00      0,00      0,00      0,00      0,00      0,00      0,00     98,00

13:57:12        CPU      %usr     %nice      %sys   %iowait    %steal      %irq     %soft    %guest    %gnice     %idle
13:57:13        all      0,25      0,00      0,25      0,00      0,00      0,75      1,50      0,00      0,00     97,25
13:57:13          0      0,00      0,00      0,00      0,00      0,00      3,03      6,06      0,00      0,00     90,91
13:57:13          1      0,00      0,00      1,00      0,00      0,00      0,00      0,00      0,00      0,00     99,00
13:57:13          2      0,99      0,00      0,00      0,00      0,00      0,00      0,00      0,00      0,00     99,01
13:57:13          3      0,00      0,00      0,00      0,00      0,00      0,00      0,00      0,00      0,00    100,00

13:57:13        CPU      %usr     %nice      %sys   %iowait    %steal      %irq     %soft    %guest    %gnice     %idle
13:57:14        all      0,75      0,00      0,00      1,25      0,00      0,50      1,25      0,00      0,00     96,24
13:57:14          0      1,00      0,00      0,00      0,00      0,00      2,00      5,00      0,00      0,00     92,00
13:57:14          1      1,00      0,00      0,00      0,00      0,00      0,00      0,00      0,00      0,00     99,00
13:57:14          2      0,00      0,00      0,00      5,05      0,00      0,00      0,00      0,00      0,00     94,95
13:57:14          3      1,00      0,00      0,00      0,00      0,00      0,00      0,00      0,00      0,00     99,00

13:57:14        CPU      %usr     %nice      %sys   %iowait    %steal      %irq     %soft    %guest    %gnice     %idle
13:57:15        all      0,00      0,00      0,25      0,50      0,00      0,25      0,50      0,00      0,00     98,49
13:57:15          0      0,00      0,00      0,00      0,00      0,00      1,01      2,02      0,00      0,00     96,97
13:57:15          1      0,00      0,00      0,00      2,02      0,00      0,00      0,00      0,00      0,00     97,98
13:57:15          2      0,00      0,00      1,00      0,00      0,00      0,00      0,00      0,00      0,00     99,00
13:57:15          3      0,00      0,00      0,00      0,00      0,00      0,00      0,00      0,00      0,00    100,00

13:57:15        CPU      %usr     %nice      %sys   %iowait    %steal      %irq     %soft    %guest    %gnice     %idle
13:57:16        all      0,25      0,00      0,00      0,00      0,00      0,00      0,00      0,00      0,00     99,75
13:57:16          0      0,99      0,00      0,00      0,00      0,00      0,00      0,00      0,00      0,00     99,01
13:57:16          1      0,00      0,00      0,00      0,00      0,00      0,00      0,00      0,00      0,00    100,00
13:57:16          2      0,00      0,00      0,00      0,00      0,00      0,00      0,00      0,00      0,00    100,00
13:57:16          3      0,00      0,00      0,00      0,00      0,00      0,00      0,00      0,00      0,00    100,00

13:57:16        CPU      %usr     %nice      %sys   %iowait    %steal      %irq     %soft    %guest    %gnice     %idle
13:57:17        all      4,29      0,00      3,79      0,25      0,00      0,25      0,76      0,00      0,00     90,66
13:57:17          0      3,06      0,00     10,20      0,00      0,00      1,02      3,06      0,00      0,00     82,65
13:57:17          1      4,00      0,00      2,00      1,00      0,00      0,00      0,00      0,00      0,00     93,00
13:57:17          2      5,05      0,00      1,01      0,00      0,00      0,00      0,00      0,00      0,00     93,94
13:57:17          3      5,05      0,00      2,02      0,00      0,00      0,00      0,00      0,00      0,00     92,93

13:57:17        CPU      %usr     %nice      %sys   %iowait    %steal      %irq     %soft    %guest    %gnice     %idle
13:57:18        all     12,97      0,00      4,74      0,00      0,00      1,25      2,24      0,00      0,00     78,80
13:57:18          0     14,00      0,00      5,00      0,00      0,00      4,00      9,00      0,00      0,00     68,00
13:57:18          1     12,12      0,00      4,04      0,00      0,00      1,01      0,00      0,00      0,00     82,83
13:57:18          2     13,73      0,00      4,90      0,00      0,00      0,00      0,00      0,00      0,00     81,37
13:57:18          3     12,00      0,00      5,00      0,00      0,00      0,00      0,00      0,00      0,00     83,00

13:57:18        CPU      %usr     %nice      %sys   %iowait    %steal      %irq     %soft    %guest    %gnice     %idle
13:57:19        all      6,53      0,00      2,76      0,00      0,00      0,25      1,26      0,00      0,00     89,20
13:57:19          0      7,07      0,00      3,03      0,00      0,00      1,01      5,05      0,00      0,00     83,84
13:57:19          1      6,00      0,00      3,00      0,00      0,00      0,00      0,00      0,00      0,00     91,00
13:57:19          2      7,00      0,00      3,00      0,00      0,00      0,00      0,00      0,00      0,00     90,00
13:57:19          3      6,06      0,00      2,02      0,00      0,00      0,00      0,00      0,00      0,00     91,92

13:57:19        CPU      %usr     %nice      %sys   %iowait    %steal      %irq     %soft    %guest    %gnice     %idle
13:57:20        all      7,36      0,00      3,05      0,00      0,00      0,51      1,52      0,00      0,00     87,56
13:57:20          0      8,00      0,00      4,00      0,00      0,00      2,00      6,00      0,00      0,00     80,00
13:57:20          1      6,19      0,00      2,06      0,00      0,00      0,00      0,00      0,00      0,00     91,75
13:57:20          2      8,08      0,00      3,03      0,00      0,00      0,00      0,00      0,00      0,00     88,89
13:57:20          3      7,14      0,00      3,06      0,00      0,00      0,00      0,00      0,00      0,00     89,80

13:57:20        CPU      %usr     %nice      %sys   %iowait    %steal      %irq     %soft    %guest    %gnice     %idle
13:57:21        all      0,25      0,00      0,00      0,00      0,00      0,00      0,25      0,00      0,00     99,50
13:57:21          0      0,00      0,00      0,00      0,00      0,00      0,00      0,00      0,00      0,00    100,00
13:57:21          1      0,00      0,00      0,00      0,00      0,00      0,00      0,00      0,00      0,00    100,00
13:57:21          2      0,99      0,00      0,00      0,00      0,00      0,00      0,00      0,00      0,00     99,01
13:57:21          3      0,00      0,00      0,00      0,00      0,00      0,00      0,99      0,00      0,00     99,01

13:57:21        CPU      %usr     %nice      %sys   %iowait    %steal      %irq     %soft    %guest    %gnice     %idle
13:57:22        all      0,75      0,00      0,75      0,00      0,00      0,25      0,75      0,00      0,00     97,51
13:57:22          0      0,99      0,00      0,99      0,00      0,00      0,99      2,97      0,00      0,00     94,06
13:57:22          1      0,99      0,00      0,99      0,00      0,00      0,00      0,00      0,00      0,00     98,02
13:57:22          2      0,00      0,00      0,00      0,00      0,00      0,00      0,00      0,00      0,00    100,00
13:57:22          3      1,00      0,00      1,00      0,00      0,00      0,00      0,00      0,00      0,00     98,00

13:57:22        CPU      %usr     %nice      %sys   %iowait    %steal      %irq     %soft    %guest    %gnice     %idle
13:57:23        all      0,00      0,00      0,00      0,25      0,00      0,75      1,26      0,00      0,00     97,74
13:57:23          0      0,00      0,00      0,00      0,00      0,00      3,03      5,05      0,00      0,00     91,92
13:57:23          1      0,00      0,00      0,00      1,00      0,00      0,00      0,00      0,00      0,00     99,00
13:57:23          2      0,00      0,00      0,00      0,00      0,00      0,00      0,00      0,00      0,00    100,00
13:57:23          3      0,00      0,00      0,00      0,00      0,00      0,00      0,00      0,00      0,00    100,00

13:57:23        CPU      %usr     %nice      %sys   %iowait    %steal      %irq     %soft    %guest    %gnice     %idle
13:57:24        all      0,25      0,00      0,25      0,00      0,00      0,74      0,99      0,00      0,00     97,77
13:57:24          0      0,99      0,00      0,00      0,00      0,00      1,98      3,96      0,00      0,00     93,07
13:57:24          1      0,00      0,00      0,99      0,00      0,00      0,00      0,00      0,00      0,00     99,01
13:57:24          2      0,00      0,00      0,00      0,00      0,00      0,00      0,00      0,00      0,00    100,00
13:57:24          3      0,00      0,00      0,00      0,00      0,00      0,99      0,00      0,00      0,00     99,01

13:57:24        CPU      %usr     %nice      %sys   %iowait    %steal      %irq     %soft    %guest    %gnice     %idle
13:57:25        all      0,25      0,00      0,25      0,00      0,00      0,25      0,75      0,00      0,00     98,50
13:57:25          0      0,00      0,00      1,01      0,00      0,00      1,01      3,03      0,00      0,00     94,95
13:57:25          1      0,00      0,00      0,00      0,00      0,00      0,00      0,00      0,00      0,00    100,00
13:57:25          2      0,99      0,00      0,00      0,00      0,00      0,00      0,00      0,00      0,00     99,01
13:57:25          3      0,00      0,00      0,00      0,00      0,00      0,00      0,00      0,00      0,00    100,00

13:57:25        CPU      %usr     %nice      %sys   %iowait    %steal      %irq     %soft    %guest    %gnice     %idle
13:57:26        all      0,00      0,00      0,25      0,00      0,00      0,25      0,25      0,00      0,00     99,25
13:57:26          0      0,00      0,00      0,00      0,00      0,00      0,98      0,98      0,00      0,00     98,04
13:57:26          1      0,00      0,00      0,00      0,00      0,00      0,00      0,00      0,00      0,00    100,00
13:57:26          2      0,00      0,00      0,99      0,00      0,00      0,00      0,00      0,00      0,00     99,01
13:57:26          3      0,00      0,00      0,00      0,00      0,00      0,00      0,00      0,00      0,00    100,00

13:57:26        CPU      %usr     %nice      %sys   %iowait    %steal      %irq     %soft    %guest    %gnice     %idle
13:57:27        all      5,08      0,00      2,03      0,00      0,00      0,25      0,76      0,00      0,00     91,88
13:57:27          0      6,00      0,00      3,00      0,00      0,00      1,00      3,00      0,00      0,00     87,00
13:57:27          1      5,10      0,00      1,02      0,00      0,00      0,00      0,00      0,00      0,00     93,88
13:57:27          2      4,12      0,00      2,06      0,00      0,00      0,00      0,00      0,00      0,00     93,81
13:57:27          3      5,05      0,00      2,02      0,00      0,00      0,00      0,00      0,00      0,00     92,93

13:57:27        CPU      %usr     %nice      %sys   %iowait    %steal      %irq     %soft    %guest    %gnice     %idle
13:57:28        all     13,96      0,00      5,08      0,00      0,00      0,76      2,28      0,00      0,00     77,92
13:57:28          0     14,43      0,00      6,19      0,00      0,00      3,09      9,28      0,00      0,00     67,01
13:57:28          1     14,00      0,00      5,00      0,00      0,00      0,00      0,00      0,00      0,00     81,00
13:57:28          2     13,13      0,00      5,05      0,00      0,00      0,00      0,00      0,00      0,00     81,82
13:57:28          3     14,29      0,00      4,08      0,00      0,00      0,00      0,00      0,00      0,00     81,63

13:57:28        CPU      %usr     %nice      %sys   %iowait    %steal      %irq     %soft    %guest    %gnice     %idle
13:57:29        all      9,00      0,00      3,00      0,25      0,00      0,50      1,50      0,00      0,00     85,75
13:57:29          0     10,00      0,00      3,00      0,00      0,00      2,00      6,00      0,00      0,00     79,00
13:57:29          1      9,00      0,00      3,00      1,00      0,00      0,00      0,00      0,00      0,00     87,00
13:57:29          2      8,91      0,00      2,97      0,00      0,00      0,00      0,00      0,00      0,00     88,12
13:57:29          3      8,08      0,00      3,03      0,00      0,00      0,00      0,00      0,00      0,00     88,89

13:57:29        CPU      %usr     %nice      %sys   %iowait    %steal      %irq     %soft    %guest    %gnice     %idle
13:57:30        all      8,02      0,00      3,01      0,00      0,00      0,75      1,75      0,00      0,00     86,47
13:57:30          0      8,91      0,00      3,96      0,00      0,00      1,98      5,94      0,00      0,00     79,21
13:57:30          1      7,07      0,00      3,03      0,00      0,00      0,00      1,01      0,00      0,00     88,89
13:57:30          2      8,08      0,00      2,02      0,00      0,00      1,01      0,00      0,00      0,00     88,89
13:57:30          3      8,00      0,00      3,00      0,00      0,00      0,00      0,00      0,00      0,00     89,00

13:57:30        CPU      %usr     %nice      %sys   %iowait    %steal      %irq     %soft    %guest    %gnice     %idle
13:57:31        all      1,75      0,00      0,75      0,00      0,00      0,25      0,50      0,00      0,00     96,75
13:57:31          0      1,98      0,00      0,99      0,00      0,00      0,99      0,99      0,00      0,00     95,05
13:57:31          1      2,00      0,00      1,00      0,00      0,00      0,00      0,00      0,00      0,00     97,00
13:57:31          2      1,00      0,00      1,00      0,00      0,00      0,00      1,00      0,00      0,00     97,00
13:57:31          3      2,02      0,00      0,00      0,00      0,00      0,00      0,00      0,00      0,00     97,98

13:57:31        CPU      %usr     %nice      %sys   %iowait    %steal      %irq     %soft    %guest    %gnice     %idle
13:57:32        all      3,51      0,00      1,00      0,00      0,00      0,25      0,75      0,00      0,00     94,49
13:57:32          0      3,00      0,00      1,00      0,00      0,00      1,00      3,00      0,00      0,00     92,00
13:57:32          1      4,04      0,00      0,00      0,00      0,00      0,00      0,00      0,00      0,00     95,96
13:57:32          2      4,00      0,00      1,00      0,00      0,00      0,00      0,00      0,00      0,00     95,00
13:57:32          3      3,00      0,00      2,00      0,00      0,00      0,00      0,00      0,00      0,00     95,00

13:57:32        CPU      %usr     %nice      %sys   %iowait    %steal      %irq     %soft    %guest    %gnice     %idle
13:57:33        all     10,35      0,00      4,80      0,00      0,00      1,01      2,02      0,00      0,00     81,82
13:57:33          0     11,22      0,00      5,10      0,00      0,00      3,06      8,16      0,00      0,00     72,45
13:57:33          1     10,00      0,00      5,00      0,00      0,00      1,00      0,00      0,00      0,00     84,00
13:57:33          2     10,00      0,00      5,00      0,00      0,00      0,00      0,00      0,00      0,00     85,00
13:57:33          3     10,20      0,00      4,08      0,00      0,00      0,00      0,00      0,00      0,00     85,71

Média:         CPU      %usr     %nice      %sys   %iowait    %steal      %irq     %soft    %guest    %gnice     %idle
Média:         all      2,97      0,00      1,33      0,08      0,00      0,41      0,92      0,00      0,00     94,30
Média:           0      3,09      0,00      1,87      0,02      0,00      1,45      3,58      0,00      0,00     89,99
Média:           1      2,91      0,00      1,17      0,18      0,00      0,07      0,03      0,00      0,00     95,64
Média:           2      2,89      0,00      1,17      0,10      0,00      0,05      0,03      0,00      0,00     95,76
Média:           3      3,01      0,00      1,12      0,00      0,00      0,05      0,03      0,00      0,00     95,79
