Linux 5.14.0-503.19.1.el9_5.x86_64 (localhost.localdomain) 	16/04/2025 	_x86_64_	(4 CPU)

13:41:17        CPU      %usr     %nice      %sys   %iowait    %steal      %irq     %soft    %guest    %gnice     %idle
13:41:18        all      0,00      0,00      0,00      0,00      0,00      0,00      0,25      0,00      0,00     99,75
13:41:18          0      0,00      0,00      0,00      0,00      0,00      0,00      0,99      0,00      0,00     99,01
13:41:18          1      0,00      0,00      0,00      0,00      0,00      0,00      0,00      0,00      0,00    100,00
13:41:18          2      0,00      0,00      0,00      0,00      0,00      0,00      0,00      0,00      0,00    100,00
13:41:18          3      0,00      0,00      0,00      0,00      0,00      0,00      0,00      0,00      0,00    100,00

13:41:18        CPU      %usr     %nice      %sys   %iowait    %steal      %irq     %soft    %guest    %gnice     %idle
13:41:19        all      0,00      0,00      0,00      0,00      0,00      0,00      0,00      0,00      0,00    100,00
13:41:19          0      0,00      0,00      0,00      0,00      0,00      0,00      0,00      0,00      0,00    100,00
13:41:19          1      0,00      0,00      0,00      0,00      0,00      0,00      0,00      0,00      0,00    100,00
13:41:19          2      0,00      0,00      0,00      0,00      0,00      0,00      0,00      0,00      0,00    100,00
13:41:19          3      0,00      0,00      0,00      0,00      0,00      0,00      0,00      0,00      0,00    100,00

13:41:19        CPU      %usr     %nice      %sys   %iowait    %steal      %irq     %soft    %guest    %gnice     %idle
13:41:20        all      0,00      0,00      0,00      0,50      0,00      0,00      0,00      0,00      0,00     99,50
13:41:20          0      0,00      0,00      0,00      0,00      0,00      0,00      0,00      0,00      0,00    100,00
13:41:20          1      0,00      0,00      0,00      1,00      0,00      0,00      0,00      0,00      0,00     99,00
13:41:20          2      0,00      0,00      0,00      0,00      0,00      0,00      0,00      0,00      0,00    100,00
13:41:20          3      0,00      0,00      0,00      1,00      0,00      0,00      0,00      0,00      0,00     99,00

13:41:20        CPU      %usr     %nice      %sys   %iowait    %steal      %irq     %soft    %guest    %gnice     %idle
13:41:21        all     11,93      0,00      4,31      0,00      0,00      0,51      1,27      0,00      0,00     81,98
13:41:21          0     13,40      0,00      3,09      0,00      0,00      2,06      4,12      0,00      0,00     77,32
13:41:21          1     11,22      0,00      4,08      0,00      0,00      0,00      0,00      0,00      0,00     84,69
13:41:21          2     13,59      0,00      4,85      0,00      0,00      0,00      0,97      0,00      0,00     80,58
13:41:21          3      9,38      0,00      5,21      0,00      0,00      0,00      0,00      0,00      0,00     85,42

13:41:21        CPU      %usr     %nice      %sys   %iowait    %steal      %irq     %soft    %guest    %gnice     %idle
13:41:22        all     13,32      0,00      5,28      0,00      0,00      1,26      1,51      0,00      0,00     78,64
13:41:22          0     13,00      0,00      6,00      0,00      0,00      4,00      6,00      0,00      0,00     71,00
13:41:22          1     12,24      0,00      5,10      0,00      0,00      0,00      0,00      0,00      0,00     82,65
13:41:22          2     14,00      0,00      5,00      0,00      0,00      0,00      0,00      0,00      0,00     81,00
13:41:22          3     14,00      0,00      5,00      0,00      0,00      1,00      0,00      0,00      0,00     80,00

13:41:22        CPU      %usr     %nice      %sys   %iowait    %steal      %irq     %soft    %guest    %gnice     %idle
13:41:23        all      4,52      0,00      4,27      0,00      0,00      0,25      0,50      0,00      0,00     90,45
13:41:23          0      3,03      0,00     10,10      0,00      0,00      1,01      2,02      0,00      0,00     83,84
13:41:23          1      5,00      0,00      3,00      0,00      0,00      0,00      0,00      0,00      0,00     92,00
13:41:23          2      5,05      0,00      2,02      0,00      0,00      0,00      0,00      0,00      0,00     92,93
13:41:23          3      5,00      0,00      2,00      0,00      0,00      0,00      0,00      0,00      0,00     93,00

13:41:23        CPU      %usr     %nice      %sys   %iowait    %steal      %irq     %soft    %guest    %gnice     %idle
13:41:24        all      0,00      0,00      0,00      0,00      0,00      0,00      0,00      0,00      0,00    100,00
13:41:24          0      0,00      0,00      0,00      0,00      0,00      0,00      0,00      0,00      0,00    100,00
13:41:24          1      0,00      0,00      0,00      0,00      0,00      0,00      0,00      0,00      0,00    100,00
13:41:24          2      0,00      0,00      0,00      0,00      0,00      0,00      0,00      0,00      0,00    100,00
13:41:24          3      0,00      0,00      0,00      0,00      0,00      0,00      0,00      0,00      0,00    100,00

13:41:24        CPU      %usr     %nice      %sys   %iowait    %steal      %irq     %soft    %guest    %gnice     %idle
13:41:25        all      0,00      0,00      0,00      0,00      0,00      0,00      0,00      0,00      0,00    100,00
13:41:25          0      0,00      0,00      0,00      0,00      0,00      0,00      0,00      0,00      0,00    100,00
13:41:25          1      0,00      0,00      0,00      0,00      0,00      0,00      0,00      0,00      0,00    100,00
13:41:25          2      0,00      0,00      0,00      0,00      0,00      0,00      0,00      0,00      0,00    100,00
13:41:25          3      0,00      0,00      0,00      0,00      0,00      0,00      0,00      0,00      0,00    100,00

13:41:25        CPU      %usr     %nice      %sys   %iowait    %steal      %irq     %soft    %guest    %gnice     %idle
13:41:26        all     10,69      0,00      4,33      0,25      0,00      0,76      1,27      0,00      0,00     82,70
13:41:26          0     10,20      0,00      5,10      0,00      0,00      3,06      5,10      0,00      0,00     76,53
13:41:26          1     11,11      0,00      4,04      1,01      0,00      0,00      0,00      0,00      0,00     83,84
13:41:26          2     11,11      0,00      4,04      0,00      0,00      0,00      0,00      0,00      0,00     84,85
13:41:26          3     10,31      0,00      4,12      0,00      0,00      0,00      0,00      0,00      0,00     85,57

13:41:26        CPU      %usr     %nice      %sys   %iowait    %steal      %irq     %soft    %guest    %gnice     %idle
13:41:27        all     12,88      0,00      4,55      0,51      0,00      0,76      1,52      0,00      0,00     79,80
13:41:27          0     12,12      0,00      6,06      1,01      0,00      3,03      6,06      0,00      0,00     71,72
13:41:27          1     13,13      0,00      4,04      0,00      0,00      0,00      0,00      0,00      0,00     82,83
13:41:27          2     12,24      0,00      4,08      0,00      0,00      0,00      0,00      0,00      0,00     83,67
13:41:27          3     14,00      0,00      4,00      1,00      0,00      0,00      0,00      0,00      0,00     81,00

13:41:27        CPU      %usr     %nice      %sys   %iowait    %steal      %irq     %soft    %guest    %gnice     %idle
13:41:28        all      6,03      0,00      2,51      0,00      0,00      0,50      0,50      0,00      0,00     90,45
13:41:28          0      5,15      0,00      2,06      0,00      0,00      1,03      2,06      0,00      0,00     89,69
13:41:28          1      5,94      0,00      2,97      0,00      0,00      0,99      0,00      0,00      0,00     90,10
13:41:28          2      6,00      0,00      3,00      0,00      0,00      0,00      0,00      0,00      0,00     91,00
13:41:28          3      7,00      0,00      2,00      0,00      0,00      0,00      0,00      0,00      0,00     91,00

13:41:28        CPU      %usr     %nice      %sys   %iowait    %steal      %irq     %soft    %guest    %gnice     %idle
13:41:29        all      0,00      0,00      0,50      0,00      0,00      0,00      0,00      0,00      0,00     99,50
13:41:29          0      0,00      0,00      1,00      0,00      0,00      0,00      0,00      0,00      0,00     99,00
13:41:29          1      0,00      0,00      0,00      0,00      0,00      0,00      0,00      0,00      0,00    100,00
13:41:29          2      0,00      0,00      0,00      0,00      0,00      0,00      0,00      0,00      0,00    100,00
13:41:29          3      0,00      0,00      1,00      0,00      0,00      0,00      0,00      0,00      0,00     99,00

13:41:29        CPU      %usr     %nice      %sys   %iowait    %steal      %irq     %soft    %guest    %gnice     %idle
13:41:30        all      0,00      0,00      0,00      0,25      0,00      0,25      0,25      0,00      0,00     99,26
13:41:30          0      0,00      0,00      0,00      0,00      0,00      0,00      0,99      0,00      0,00     99,01
13:41:30          1      0,00      0,00      0,00      0,99      0,00      0,00      0,00      0,00      0,00     99,01
13:41:30          2      0,00      0,00      0,00      0,00      0,00      0,99      0,00      0,00      0,00     99,01
13:41:30          3      0,00      0,00      0,00      0,00      0,00      0,00      0,00      0,00      0,00    100,00

13:41:30        CPU      %usr     %nice      %sys   %iowait    %steal      %irq     %soft    %guest    %gnice     %idle
13:41:31        all     10,97      0,00      3,57      0,00      0,00      0,77      1,02      0,00      0,00     83,67
13:41:31          0     12,24      0,00      4,08      0,00      0,00      3,06      4,08      0,00      0,00     76,53
13:41:31          1     10,10      0,00      4,04      0,00      0,00      0,00      0,00      0,00      0,00     85,86
13:41:31          2     10,31      0,00      3,09      0,00      0,00      0,00      0,00      0,00      0,00     86,60
13:41:31          3     11,22      0,00      3,06      0,00      0,00      0,00      0,00      0,00      0,00     85,71

13:41:31        CPU      %usr     %nice      %sys   %iowait    %steal      %irq     %soft    %guest    %gnice     %idle
13:41:32        all     15,48      0,00      5,58      0,00      0,00      1,02      1,52      0,00      0,00     76,40
13:41:32          0     14,29      0,00      6,12      0,00      0,00      3,06      6,12      0,00      0,00     70,41
13:41:32          1     14,29      0,00      5,10      0,00      0,00      0,00      0,00      0,00      0,00     80,61
13:41:32          2     18,00      0,00      6,00      0,00      0,00      0,00      0,00      0,00      0,00     76,00
13:41:32          3     15,31      0,00      5,10      0,00      0,00      1,02      0,00      0,00      0,00     78,57

13:41:32        CPU      %usr     %nice      %sys   %iowait    %steal      %irq     %soft    %guest    %gnice     %idle
13:41:33        all      7,54      0,00      2,51      0,00      0,00      0,50      0,75      0,00      0,00     88,69
13:41:33          0      7,92      0,00      3,96      0,00      0,00      1,98      2,97      0,00      0,00     83,17
13:41:33          1      7,14      0,00      2,04      0,00      0,00      0,00      0,00      0,00      0,00     90,82
13:41:33          2      7,07      0,00      2,02      0,00      0,00      0,00      0,00      0,00      0,00     90,91
13:41:33          3      8,00      0,00      2,00      0,00      0,00      0,00      0,00      0,00      0,00     90,00

13:41:33        CPU      %usr     %nice      %sys   %iowait    %steal      %irq     %soft    %guest    %gnice     %idle
13:41:34        all      0,75      0,00      0,50      0,00      0,00      0,00      0,00      0,00      0,00     98,75
13:41:34          0      0,00      0,00      0,00      0,00      0,00      0,00      0,00      0,00      0,00    100,00
13:41:34          1      0,99      0,00      0,99      0,00      0,00      0,00      0,00      0,00      0,00     98,02
13:41:34          2      1,00      0,00      0,00      0,00      0,00      0,00      0,00      0,00      0,00     99,00
13:41:34          3      0,99      0,00      0,99      0,00      0,00      0,00      0,00      0,00      0,00     98,02

13:41:34        CPU      %usr     %nice      %sys   %iowait    %steal      %irq     %soft    %guest    %gnice     %idle
13:41:35        all      0,25      0,00      0,25      0,00      0,00      0,00      0,00      0,00      0,00     99,50
13:41:35          0      1,00      0,00      0,00      0,00      0,00      0,00      0,00      0,00      0,00     99,00
13:41:35          1      0,00      0,00      0,00      0,00      0,00      0,00      0,00      0,00      0,00    100,00
13:41:35          2      0,00      0,00      1,00      0,00      0,00      0,00      0,00      0,00      0,00     99,00
13:41:35          3      0,00      0,00      0,00      0,00      0,00      0,00      0,00      0,00      0,00    100,00

13:41:35        CPU      %usr     %nice      %sys   %iowait    %steal      %irq     %soft    %guest    %gnice     %idle
13:41:36        all     10,66      0,00      3,30      0,00      0,00      0,51      1,52      0,00      0,00     84,01
13:41:36          0     11,11      0,00      4,04      0,00      0,00      2,02      5,05      0,00      0,00     77,78
13:41:36          1     10,31      0,00      2,06      0,00      0,00      0,00      1,03      0,00      0,00     86,60
13:41:36          2      9,18      0,00      4,08      0,00      0,00      0,00      0,00      0,00      0,00     86,73
13:41:36          3     12,00      0,00      3,00      0,00      0,00      0,00      0,00      0,00      0,00     85,00

13:41:36        CPU      %usr     %nice      %sys   %iowait    %steal      %irq     %soft    %guest    %gnice     %idle
13:41:37        all     17,29      0,00      5,51      0,00      0,00      1,00      1,50      0,00      0,00     74,69
13:41:37          0     17,82      0,00      5,94      0,00      0,00      3,96      5,94      0,00      0,00     66,34
13:41:37          1     16,83      0,00      5,94      0,00      0,00      0,00      0,00      0,00      0,00     77,23
13:41:37          2     17,17      0,00      5,05      0,00      0,00      0,00      0,00      0,00      0,00     77,78
13:41:37          3     17,35      0,00      5,10      0,00      0,00      0,00      0,00      0,00      0,00     77,55

13:41:37        CPU      %usr     %nice      %sys   %iowait    %steal      %irq     %soft    %guest    %gnice     %idle
13:41:38        all     20,80      0,00      8,52      0,00      0,00      0,75      1,25      0,00      0,00     68,67
13:41:38          0     18,37      0,00      8,16      0,00      0,00      2,04      4,08      0,00      0,00     67,35
13:41:38          1     32,67      0,00     12,87      0,00      0,00      0,99      0,00      0,00      0,00     53,47
13:41:38          2     14,14      0,00      6,06      0,00      0,00      0,00      0,00      0,00      0,00     79,80
13:41:38          3     17,82      0,00      6,93      0,00      0,00      0,00      0,99      0,00      0,00     74,26

13:41:38        CPU      %usr     %nice      %sys   %iowait    %steal      %irq     %soft    %guest    %gnice     %idle
13:41:39        all      0,00      0,00      0,00      0,50      0,00      0,25      0,00      0,00      0,00     99,25
13:41:39          0      0,00      0,00      0,00      1,00      0,00      0,00      0,00      0,00      0,00     99,00
13:41:39          1      0,00      0,00      0,00      1,00      0,00      0,00      0,00      0,00      0,00     99,00
13:41:39          2      0,00      0,00      0,00      0,00      0,00      0,99      0,00      0,00      0,00     99,01
13:41:39          3      0,00      0,00      0,00      0,00      0,00      0,00      0,00      0,00      0,00    100,00

13:41:39        CPU      %usr     %nice      %sys   %iowait    %steal      %irq     %soft    %guest    %gnice     %idle
13:41:40        all      1,00      0,00      0,25      0,00      0,00      0,00      0,00      0,00      0,00     98,75
13:41:40          0      1,00      0,00      1,00      0,00      0,00      0,00      0,00      0,00      0,00     98,00
13:41:40          1      1,01      0,00      0,00      0,00      0,00      0,00      0,00      0,00      0,00     98,99
13:41:40          2      1,00      0,00      0,00      0,00      0,00      0,00      0,00      0,00      0,00     99,00
13:41:40          3      1,00      0,00      0,00      0,00      0,00      0,00      0,00      0,00      0,00     99,00

13:41:40        CPU      %usr     %nice      %sys   %iowait    %steal      %irq     %soft    %guest    %gnice     %idle
13:41:41        all     16,79      0,00      8,40      0,00      0,00      0,76      1,02      0,00      0,00     73,03
13:41:41          0     18,18      0,00      8,08      0,00      0,00      2,02      4,04      0,00      0,00     67,68
13:41:41          1     15,31      0,00      8,16      0,00      0,00      0,00      0,00      0,00      0,00     76,53
13:41:41          2     16,67      0,00      6,25      0,00      0,00      0,00      0,00      0,00      0,00     77,08
13:41:41          3     17,00      0,00     11,00      0,00      0,00      1,00      0,00      0,00      0,00     71,00

13:41:41        CPU      %usr     %nice      %sys   %iowait    %steal      %irq     %soft    %guest    %gnice     %idle
13:41:42        all     18,25      0,00      7,00      0,00      0,00      1,00      1,50      0,00      0,00     72,25
13:41:42          0     18,81      0,00      7,92      0,00      0,00      3,96      5,94      0,00      0,00     63,37
13:41:42          1     18,00      0,00      7,00      0,00      0,00      0,00      0,00      0,00      0,00     75,00
13:41:42          2     19,00      0,00      6,00      0,00      0,00      0,00      0,00      0,00      0,00     75,00
13:41:42          3     17,17      0,00      7,07      0,00      0,00      0,00      0,00      0,00      0,00     75,76

13:41:42        CPU      %usr     %nice      %sys   %iowait    %steal      %irq     %soft    %guest    %gnice     %idle
13:41:43        all     11,11      0,00      4,29      0,00      0,00      0,51      1,01      0,00      0,00     83,08
13:41:43          0     11,00      0,00      4,00      0,00      0,00      2,00      4,00      0,00      0,00     79,00
13:41:43          1     10,20      0,00      3,06      0,00      0,00      0,00      0,00      0,00      0,00     86,73
13:41:43          2     13,13      0,00      6,06      0,00      0,00      0,00      0,00      0,00      0,00     80,81
13:41:43          3     10,10      0,00      4,04      0,00      0,00      0,00      0,00      0,00      0,00     85,86

13:41:43        CPU      %usr     %nice      %sys   %iowait    %steal      %irq     %soft    %guest    %gnice     %idle
13:41:44        all      0,75      0,00      0,50      0,50      0,00      0,00      0,00      0,00      0,00     98,25
13:41:44          0      1,00      0,00      0,00      0,00      0,00      0,00      0,00      0,00      0,00     99,00
13:41:44          1      0,00      0,00      1,00      0,00      0,00      0,00      0,00      0,00      0,00     99,00
13:41:44          2      1,01      0,00      0,00      0,00      0,00      0,00      0,00      0,00      0,00     98,99
13:41:44          3      0,99      0,00      0,99      1,98      0,00      0,00      0,00      0,00      0,00     96,04

13:41:44        CPU      %usr     %nice      %sys   %iowait    %steal      %irq     %soft    %guest    %gnice     %idle
13:41:45        all      0,75      0,00      2,25      0,25      0,00      0,00      0,00      0,00      0,00     96,75
13:41:45          0      0,00      0,00      8,16      0,00      0,00      0,00      0,00      0,00      0,00     91,84
13:41:45          1      0,99      0,00      0,00      0,99      0,00      0,00      0,00      0,00      0,00     98,02
13:41:45          2      1,00      0,00      0,00      0,00      0,00      0,00      0,00      0,00      0,00     99,00
13:41:45          3      0,99      0,00      0,99      0,00      0,00      0,00      0,00      0,00      0,00     98,02

13:41:45        CPU      %usr     %nice      %sys   %iowait    %steal      %irq     %soft    %guest    %gnice     %idle
13:41:46        all     12,22      0,00      4,99      0,00      0,00      0,50      1,25      0,00      0,00     81,05
13:41:46          0     12,87      0,00      5,94      0,00      0,00      1,98      3,96      0,00      0,00     75,25
13:41:46          1     11,22      0,00      5,10      0,00      0,00      0,00      0,00      0,00      0,00     83,67
13:41:46          2     13,59      0,00      3,88      0,00      0,00      0,00      0,97      0,00      0,00     81,55
13:41:46          3     11,11      0,00      5,05      0,00      0,00      0,00      0,00      0,00      0,00     83,84

13:41:46        CPU      %usr     %nice      %sys   %iowait    %steal      %irq     %soft    %guest    %gnice     %idle
13:41:47        all     19,35      0,00      8,54      1,01      0,00      1,26      1,01      0,00      0,00     68,84
13:41:47          0     17,17      0,00      9,09      4,04      0,00      2,02      4,04      0,00      0,00     63,64
13:41:47          1     28,00      0,00     15,00      0,00      0,00      1,00      0,00      0,00      0,00     56,00
13:41:47          2     15,00      0,00      5,00      0,00      0,00      1,00      0,00      0,00      0,00     79,00
13:41:47          3     17,17      0,00      5,05      0,00      0,00      1,01      0,00      0,00      0,00     76,77

13:41:47        CPU      %usr     %nice      %sys   %iowait    %steal      %irq     %soft    %guest    %gnice     %idle
13:41:48        all     14,97      0,00      4,57      0,00      0,00      1,02      1,52      0,00      0,00     77,92
13:41:48          0     16,16      0,00      5,05      0,00      0,00      4,04      6,06      0,00      0,00     68,69
13:41:48          1     14,29      0,00      4,08      0,00      0,00      0,00      0,00      0,00      0,00     81,63
13:41:48          2     15,31      0,00      4,08      0,00      0,00      0,00      0,00      0,00      0,00     80,61
13:41:48          3     14,14      0,00      5,05      0,00      0,00      0,00      0,00      0,00      0,00     80,81

13:41:48        CPU      %usr     %nice      %sys   %iowait    %steal      %irq     %soft    %guest    %gnice     %idle
13:41:49        all      2,01      0,00      0,75      0,00      0,00      0,00      0,00      0,00      0,00     97,24
13:41:49          0      2,00      0,00      1,00      0,00      0,00      0,00      0,00      0,00      0,00     97,00
13:41:49          1      1,01      0,00      1,01      0,00      0,00      0,00      0,00      0,00      0,00     97,98
13:41:49          2      2,97      0,00      0,99      0,00      0,00      0,00      0,00      0,00      0,00     96,04
13:41:49          3      2,02      0,00      0,00      0,00      0,00      0,00      0,00      0,00      0,00     97,98

13:41:49        CPU      %usr     %nice      %sys   %iowait    %steal      %irq     %soft    %guest    %gnice     %idle
13:41:50        all      0,75      0,00      0,50      0,00      0,00      0,00      0,25      0,00      0,00     98,50
13:41:50          0      1,00      0,00      0,00      0,00      0,00      0,00      1,00      0,00      0,00     98,00
13:41:50          1      1,00      0,00      0,00      0,00      0,00      0,00      0,00      0,00      0,00     99,00
13:41:50          2      0,00      0,00      1,00      0,00      0,00      0,00      0,00      0,00      0,00     99,00
13:41:50          3      0,99      0,00      0,99      0,00      0,00      0,00      0,00      0,00      0,00     98,02

13:41:50        CPU      %usr     %nice      %sys   %iowait    %steal      %irq     %soft    %guest    %gnice     %idle
13:41:51        all      9,37      0,00      4,05      0,00      0,00      0,76      1,01      0,00      0,00     84,81
13:41:51          0      9,00      0,00      5,00      0,00      0,00      3,00      4,00      0,00      0,00     79,00
13:41:51          1     10,10      0,00      4,04      0,00      0,00      0,00      0,00      0,00      0,00     85,86
13:41:51          2      9,18      0,00      3,06      0,00      0,00      0,00      0,00      0,00      0,00     87,76
13:41:51          3      9,18      0,00      4,08      0,00      0,00      0,00      0,00      0,00      0,00     86,73

13:41:51        CPU      %usr     %nice      %sys   %iowait    %steal      %irq     %soft    %guest    %gnice     %idle
13:41:52        all      8,63      0,00      3,05      0,00      0,00      0,51      0,76      0,00      0,00     87,06
13:41:52          0      9,09      0,00      4,04      0,00      0,00      2,02      3,03      0,00      0,00     81,82
13:41:52          1      8,16      0,00      3,06      0,00      0,00      0,00      0,00      0,00      0,00     88,78
13:41:52          2      8,16      0,00      2,04      0,00      0,00      0,00      0,00      0,00      0,00     89,80
13:41:52          3      9,09      0,00      3,03      0,00      0,00      0,00      0,00      0,00      0,00     87,88

13:41:52        CPU      %usr     %nice      %sys   %iowait    %steal      %irq     %soft    %guest    %gnice     %idle
13:41:53        all     14,25      0,00      4,75      0,25      0,00      0,75      1,50      0,00      0,00     78,50
13:41:53          0     15,00      0,00      6,00      0,00      0,00      3,00      6,00      0,00      0,00     70,00
13:41:53          1     14,85      0,00      3,96      0,99      0,00      0,00      0,00      0,00      0,00     80,20
13:41:53          2     13,13      0,00      4,04      0,00      0,00      0,00      0,00      0,00      0,00     82,83
13:41:53          3     14,00      0,00      5,00      0,00      0,00      0,00      0,00      0,00      0,00     81,00

13:41:53        CPU      %usr     %nice      %sys   %iowait    %steal      %irq     %soft    %guest    %gnice     %idle
13:41:54        all      2,27      0,00      0,50      0,25      0,00      0,76      0,25      0,00      0,00     95,97
13:41:54          0      2,02      0,00      1,01      0,00      0,00      1,01      1,01      0,00      0,00     94,95
13:41:54          1      3,00      0,00      0,00      1,00      0,00      1,00      0,00      0,00      0,00     95,00
13:41:54          2      2,02      0,00      1,01      0,00      0,00      0,00      0,00      0,00      0,00     96,97
13:41:54          3      2,02      0,00      0,00      0,00      0,00      1,01      0,00      0,00      0,00     96,97

13:41:54        CPU      %usr     %nice      %sys   %iowait    %steal      %irq     %soft    %guest    %gnice     %idle
13:41:55        all      0,99      0,00      0,74      0,00      0,00      0,00      0,25      0,00      0,00     98,02
13:41:55          0      1,00      0,00      0,00      0,00      0,00      0,00      0,00      0,00      0,00     99,00
13:41:55          1      0,98      0,00      0,98      0,00      0,00      0,00      0,98      0,00      0,00     97,06
13:41:55          2      0,99      0,00      0,99      0,00      0,00      0,00      0,00      0,00      0,00     98,02
13:41:55          3      0,98      0,00      0,98      0,00      0,00      0,00      0,00      0,00      0,00     98,04

13:41:55        CPU      %usr     %nice      %sys   %iowait    %steal      %irq     %soft    %guest    %gnice     %idle
13:41:56        all     16,45      0,00      6,43      0,00      0,00      0,77      1,03      0,00      0,00     75,32
13:41:56          0     16,49      0,00      7,22      0,00      0,00      2,06      4,12      0,00      0,00     70,10
13:41:56          1     16,67      0,00      6,25      0,00      0,00      0,00      0,00      0,00      0,00     77,08
13:41:56          2     16,16      0,00      6,06      0,00      0,00      1,01      0,00      0,00      0,00     76,77
13:41:56          3     16,49      0,00      6,19      0,00      0,00      0,00      0,00      0,00      0,00     77,32

13:41:56        CPU      %usr     %nice      %sys   %iowait    %steal      %irq     %soft    %guest    %gnice     %idle
13:41:57        all     12,28      0,00      4,86      0,00      0,00      0,51      1,02      0,00      0,00     81,33
13:41:57          0     12,24      0,00      5,10      0,00      0,00      2,04      4,08      0,00      0,00     76,53
13:41:57          1     12,37      0,00      5,15      0,00      0,00      0,00      0,00      0,00      0,00     82,47
13:41:57          2     12,37      0,00      4,12      0,00      0,00      0,00      0,00      0,00      0,00     83,51
13:41:57          3     12,12      0,00      5,05      0,00      0,00      0,00      0,00      0,00      0,00     82,83

13:41:57        CPU      %usr     %nice      %sys   %iowait    %steal      %irq     %soft    %guest    %gnice     %idle
13:41:58        all     13,10      0,00      4,79      0,00      0,00      0,76      1,76      0,00      0,00     79,60
13:41:58          0     13,00      0,00      7,00      0,00      0,00      3,00      6,00      0,00      0,00     71,00
13:41:58          1     12,24      0,00      4,08      0,00      0,00      0,00      0,00      0,00      0,00     83,67
13:41:58          2     13,27      0,00      3,06      0,00      0,00      0,00      0,00      0,00      0,00     83,67
13:41:58          3     13,86      0,00      4,95      0,00      0,00      0,00      0,99      0,00      0,00     80,20

13:41:58        CPU      %usr     %nice      %sys   %iowait    %steal      %irq     %soft    %guest    %gnice     %idle
13:41:59        all      4,00      0,00      1,50      0,25      0,00      0,50      0,25      0,00      0,00     93,50
13:41:59          0      4,04      0,00      1,01      0,00      0,00      1,01      1,01      0,00      0,00     92,93
13:41:59          1      3,92      0,00      1,96      0,98      0,00      0,00      0,00      0,00      0,00     93,14
13:41:59          2      4,00      0,00      2,00      0,00      0,00      0,00      0,00      0,00      0,00     94,00
13:41:59          3      4,04      0,00      1,01      0,00      0,00      1,01      0,00      0,00      0,00     93,94

13:41:59        CPU      %usr     %nice      %sys   %iowait    %steal      %irq     %soft    %guest    %gnice     %idle
13:42:00        all      0,50      0,00      0,25      0,00      0,00      0,25      0,00      0,00      0,00     99,00
13:42:00          0      0,99      0,00      0,99      0,00      0,00      0,00      0,00      0,00      0,00     98,02
13:42:00          1      0,00      0,00      0,00      0,00      0,00      1,00      0,00      0,00      0,00     99,00
13:42:00          2      0,00      0,00      0,00      0,00      0,00      0,00      0,00      0,00      0,00    100,00
13:42:00          3      0,99      0,00      0,00      0,00      0,00      0,00      0,00      0,00      0,00     99,01

13:42:00        CPU      %usr     %nice      %sys   %iowait    %steal      %irq     %soft    %guest    %gnice     %idle
13:42:01        all      9,05      0,00      2,76      0,00      0,00      0,75      1,01      0,00      0,00     86,43
13:42:01          0      8,08      0,00      3,03      0,00      0,00      3,03      4,04      0,00      0,00     81,82
13:42:01          1     10,00      0,00      2,00      0,00      0,00      0,00      0,00      0,00      0,00     88,00
13:42:01          2      9,00      0,00      3,00      0,00      0,00      0,00      0,00      0,00      0,00     88,00
13:42:01          3      9,09      0,00      3,03      0,00      0,00      0,00      0,00      0,00      0,00     87,88

13:42:01        CPU      %usr     %nice      %sys   %iowait    %steal      %irq     %soft    %guest    %gnice     %idle
13:42:02        all     10,94      0,00      3,31      0,00      0,00      0,76      1,02      0,00      0,00     83,97
13:42:02          0     11,22      0,00      4,08      0,00      0,00      2,04      4,08      0,00      0,00     78,57
13:42:02          1     10,20      0,00      4,08      0,00      0,00      0,00      0,00      0,00      0,00     85,71
13:42:02          2     11,11      0,00      2,02      0,00      0,00      1,01      0,00      0,00      0,00     85,86
13:42:02          3     11,22      0,00      3,06      0,00      0,00      0,00      0,00      0,00      0,00     85,71

13:42:02        CPU      %usr     %nice      %sys   %iowait    %steal      %irq     %soft    %guest    %gnice     %idle
13:42:03        all     14,97      0,00      5,58      0,00      0,00      0,76      1,52      0,00      0,00     77,16
13:42:03          0     14,29      0,00      7,14      0,00      0,00      3,06      6,12      0,00      0,00     69,39
13:42:03          1     15,15      0,00      5,05      0,00      0,00      0,00      0,00      0,00      0,00     79,80
13:42:03          2     15,15      0,00      5,05      0,00      0,00      0,00      0,00      0,00      0,00     79,80
13:42:03          3     15,31      0,00      5,10      0,00      0,00      0,00      0,00      0,00      0,00     79,59

13:42:03        CPU      %usr     %nice      %sys   %iowait    %steal      %irq     %soft    %guest    %gnice     %idle
13:42:04        all      3,55      0,00      1,27      0,00      0,00      0,25      0,25      0,00      0,00     94,67
13:42:04          0      4,04      0,00      2,02      0,00      0,00      1,01      1,01      0,00      0,00     91,92
13:42:04          1      3,06      0,00      1,02      0,00      0,00      0,00      0,00      0,00      0,00     95,92
13:42:04          2      3,06      0,00      1,02      0,00      0,00      0,00      0,00      0,00      0,00     95,92
13:42:04          3      4,04      0,00      1,01      0,00      0,00      0,00      0,00      0,00      0,00     94,95

13:42:04        CPU      %usr     %nice      %sys   %iowait    %steal      %irq     %soft    %guest    %gnice     %idle
13:42:05        all      1,25      0,00      0,25      0,25      0,00      0,00      0,25      0,00      0,00     98,00
13:42:05          0      1,00      0,00      0,00      0,00      0,00      0,00      1,00      0,00      0,00     98,00
13:42:05          1      0,99      0,00      0,00      0,99      0,00      0,00      0,00      0,00      0,00     98,02
13:42:05          2      1,00      0,00      1,00      0,00      0,00      0,00      0,00      0,00      0,00     98,00
13:42:05          3      2,00      0,00      0,00      0,00      0,00      0,00      0,00      0,00      0,00     98,00

13:42:05        CPU      %usr     %nice      %sys   %iowait    %steal      %irq     %soft    %guest    %gnice     %idle
13:42:06        all      6,55      0,00      2,52      0,00      0,00      0,76      0,76      0,00      0,00     89,42
13:42:06          0      7,92      0,00      2,97      0,00      0,00      1,98      2,97      0,00      0,00     84,16
13:42:06          1      6,12      0,00      2,04      0,00      0,00      0,00      0,00      0,00      0,00     91,84
13:42:06          2      5,15      0,00      2,06      0,00      0,00      0,00      0,00      0,00      0,00     92,78
13:42:06          3      6,93      0,00      2,97      0,00      0,00      0,99      0,00      0,00      0,00     89,11

13:42:06        CPU      %usr     %nice      %sys   %iowait    %steal      %irq     %soft    %guest    %gnice     %idle
13:42:07        all      9,82      0,00      3,27      0,00      0,00      0,76      0,76      0,00      0,00     85,39
13:42:07          0     10,00      0,00      5,00      0,00      0,00      2,00      3,00      0,00      0,00     80,00
13:42:07          1     10,00      0,00      4,00      0,00      0,00      1,00      0,00      0,00      0,00     85,00
13:42:07          2      9,18      0,00      2,04      0,00      0,00      0,00      0,00      0,00      0,00     88,78
13:42:07          3     10,10      0,00      2,02      0,00      0,00      0,00      0,00      0,00      0,00     87,88

13:42:07        CPU      %usr     %nice      %sys   %iowait    %steal      %irq     %soft    %guest    %gnice     %idle
13:42:08        all     13,81      0,00      6,14      0,00      0,00      0,77      1,79      0,00      0,00     77,49
13:42:08          0     12,50      0,00     11,46      0,00      0,00      3,12      6,25      0,00      0,00     66,67
13:42:08          1     14,14      0,00      5,05      0,00      0,00      0,00      0,00      0,00      0,00     80,81
13:42:08          2     14,29      0,00      3,06      0,00      0,00      0,00      1,02      0,00      0,00     81,63
13:42:08          3     14,29      0,00      5,10      0,00      0,00      0,00      0,00      0,00      0,00     80,61

13:42:08        CPU      %usr     %nice      %sys   %iowait    %steal      %irq     %soft    %guest    %gnice     %idle
13:42:09        all      5,03      0,00      1,76      0,00      0,00      0,50      0,50      0,00      0,00     92,21
13:42:09          0      6,00      0,00      1,00      0,00      0,00      2,00      2,00      0,00      0,00     89,00
13:42:09          1      5,00      0,00      2,00      0,00      0,00      0,00      0,00      0,00      0,00     93,00
13:42:09          2      4,04      0,00      2,02      0,00      0,00      0,00      0,00      0,00      0,00     93,94
13:42:09          3      5,05      0,00      2,02      0,00      0,00      0,00      0,00      0,00      0,00     92,93

13:42:09        CPU      %usr     %nice      %sys   %iowait    %steal      %irq     %soft    %guest    %gnice     %idle
13:42:10        all      0,75      0,00      0,25      0,00      0,00      0,25      0,00      0,00      0,00     98,75
13:42:10          0      0,00      0,00      1,01      0,00      0,00      0,00      0,00      0,00      0,00     98,99
13:42:10          1      1,98      0,00      0,00      0,00      0,00      0,00      0,00      0,00      0,00     98,02
13:42:10          2      0,00      0,00      0,00      0,00      0,00      1,00      0,00      0,00      0,00     99,00
13:42:10          3      1,00      0,00      0,00      0,00      0,00      0,00      0,00      0,00      0,00     99,00

13:42:10        CPU      %usr     %nice      %sys   %iowait    %steal      %irq     %soft    %guest    %gnice     %idle
13:42:11        all      7,71      0,00      2,49      0,25      0,00      0,50      0,75      0,00      0,00     88,31
13:42:11          0      7,92      0,00      2,97      0,00      0,00      1,98      2,97      0,00      0,00     84,16
13:42:11          1      6,93      0,00      2,97      0,99      0,00      0,00      0,00      0,00      0,00     89,11
13:42:11          2      8,00      0,00      2,00      0,00      0,00      0,00      0,00      0,00      0,00     90,00
13:42:11          3      8,00      0,00      2,00      0,00      0,00      0,00      0,00      0,00      0,00     90,00

13:42:11        CPU      %usr     %nice      %sys   %iowait    %steal      %irq     %soft    %guest    %gnice     %idle
13:42:12        all      6,82      0,00      3,03      0,00      0,00      0,25      0,76      0,00      0,00     89,14
13:42:12          0      8,08      0,00      4,04      0,00      0,00      1,01      3,03      0,00      0,00     83,84
13:42:12          1      7,07      0,00      2,02      0,00      0,00      0,00      0,00      0,00      0,00     90,91
13:42:12          2      6,06      0,00      3,03      0,00      0,00      0,00      0,00      0,00      0,00     90,91
13:42:12          3      6,06      0,00      3,03      0,00      0,00      0,00      0,00      0,00      0,00     90,91

13:42:12        CPU      %usr     %nice      %sys   %iowait    %steal      %irq     %soft    %guest    %gnice     %idle
13:42:13        all     16,54      0,00      6,11      0,76      0,00      1,27      1,53      0,00      0,00     73,79
13:42:13          0     16,16      0,00      8,08      1,01      0,00      4,04      6,06      0,00      0,00     64,65
13:42:13          1     16,16      0,00      6,06      1,01      0,00      0,00      0,00      0,00      0,00     76,77
13:42:13          2     16,49      0,00      5,15      1,03      0,00      0,00      0,00      0,00      0,00     77,32
13:42:13          3     17,35      0,00      5,10      0,00      0,00      1,02      0,00      0,00      0,00     76,53

13:42:13        CPU      %usr     %nice      %sys   %iowait    %steal      %irq     %soft    %guest    %gnice     %idle
13:42:14        all      7,50      0,00      2,75      0,50      0,00      0,50      0,75      0,00      0,00     88,00
13:42:14          0      7,07      0,00      3,03      0,00      0,00      2,02      3,03      0,00      0,00     84,85
13:42:14          1      7,07      0,00      2,02      2,02      0,00      0,00      0,00      0,00      0,00     88,89
13:42:14          2      7,00      0,00      3,00      0,00      0,00      0,00      0,00      0,00      0,00     90,00
13:42:14          3      8,82      0,00      2,94      0,00      0,00      0,00      0,00      0,00      0,00     88,24

13:42:14        CPU      %usr     %nice      %sys   %iowait    %steal      %irq     %soft    %guest    %gnice     %idle
13:42:15        all      0,50      0,00      0,50      0,00      0,00      0,25      0,00      0,00      0,00     98,74
13:42:15          0      0,00      0,00      0,00      0,00      0,00      0,00      0,00      0,00      0,00    100,00
13:42:15          1      0,99      0,00      0,99      0,00      0,00      0,99      0,00      0,00      0,00     97,03
13:42:15          2      0,00      0,00      0,00      0,00      0,00      0,00      0,00      0,00      0,00    100,00
13:42:15          3      1,00      0,00      1,00      0,00      0,00      0,00      0,00      0,00      0,00     98,00

13:42:15        CPU      %usr     %nice      %sys   %iowait    %steal      %irq     %soft    %guest    %gnice     %idle
13:42:16        all      6,82      0,00      1,77      0,00      0,00      0,25      1,01      0,00      0,00     90,15
13:42:16          0      7,00      0,00      2,00      0,00      0,00      1,00      3,00      0,00      0,00     87,00
13:42:16          1      6,06      0,00      2,02      0,00      0,00      0,00      1,01      0,00      0,00     90,91
13:42:16          2      6,12      0,00      2,04      0,00      0,00      0,00      0,00      0,00      0,00     91,84
13:42:16          3      8,08      0,00      1,01      0,00      0,00      0,00      0,00      0,00      0,00     90,91

13:42:16        CPU      %usr     %nice      %sys   %iowait    %steal      %irq     %soft    %guest    %gnice     %idle
13:42:17        all      8,21      0,00      3,48      0,00      0,00      0,75      0,75      0,00      0,00     86,82
13:42:17          0      9,00      0,00      3,00      0,00      0,00      2,00      3,00      0,00      0,00     83,00
13:42:17          1      9,00      0,00      3,00      0,00      0,00      0,00      0,00      0,00      0,00     88,00
13:42:17          2      7,84      0,00      3,92      0,00      0,00      0,98      0,00      0,00      0,00     87,25
13:42:17          3      7,00      0,00      4,00      0,00      0,00      0,00      0,00      0,00      0,00     89,00

Média:         CPU      %usr     %nice      %sys   %iowait    %steal      %irq     %soft    %guest    %gnice     %idle
Média:         all      7,52      0,00      2,92      0,10      0,00      0,48      0,72      0,00      0,00     88,26
Média:           0      7,51      0,00      3,56      0,12      0,00      1,56      2,75      0,00      0,00     84,50
Média:           1      7,71      0,00      2,90      0,22      0,00      0,12      0,05      0,00      0,00     89,00
Média:           2      7,31      0,00      2,50      0,02      0,00      0,12      0,05      0,00      0,00     90,00
Média:           3      7,52      0,00      2,71      0,07      0,00      0,13      0,03      0,00      0,00     89,53
