Linux 5.14.0-503.19.1.el9_5.x86_64 (localhost.localdomain) 	16/04/2025 	_x86_64_	(4 CPU)

13:46:06        CPU      %usr     %nice      %sys   %iowait    %steal      %irq     %soft    %guest    %gnice     %idle
13:46:07        all      0,00      0,00      1,50      0,25      0,00      0,00      0,00      0,00      0,00     98,25
13:46:07          0      0,00      0,00      6,06      0,00      0,00      0,00      0,00      0,00      0,00     93,94
13:46:07          1      0,00      0,00      0,00      0,99      0,00      0,00      0,00      0,00      0,00     99,01
13:46:07          2      0,00      0,00      0,00      0,00      0,00      0,00      0,00      0,00      0,00    100,00
13:46:07          3      0,00      0,00      0,00      0,00      0,00      0,00      0,00      0,00      0,00    100,00

13:46:07        CPU      %usr     %nice      %sys   %iowait    %steal      %irq     %soft    %guest    %gnice     %idle
13:46:08        all      0,00      0,00      0,00      0,00      0,00      0,00      0,00      0,00      0,00    100,00
13:46:08          0      0,00      0,00      0,00      0,00      0,00      0,00      0,00      0,00      0,00    100,00
13:46:08          1      0,00      0,00      0,00      0,00      0,00      0,00      0,00      0,00      0,00    100,00
13:46:08          2      0,00      0,00      0,00      0,00      0,00      0,00      0,00      0,00      0,00    100,00
13:46:08          3      0,00      0,00      0,00      0,00      0,00      0,00      0,00      0,00      0,00    100,00

13:46:08        CPU      %usr     %nice      %sys   %iowait    %steal      %irq     %soft    %guest    %gnice     %idle
13:46:09        all      0,00      0,00      0,00      0,00      0,00      0,00      0,00      0,00      0,00    100,00
13:46:09          0      0,00      0,00      0,00      0,00      0,00      0,00      0,00      0,00      0,00    100,00
13:46:09          1      0,00      0,00      0,00      0,00      0,00      0,00      0,00      0,00      0,00    100,00
13:46:09          2      0,00      0,00      0,00      0,00      0,00      0,00      0,00      0,00      0,00    100,00
13:46:09          3      0,00      0,00      0,00      0,00      0,00      0,00      0,00      0,00      0,00    100,00

13:46:09        CPU      %usr     %nice      %sys   %iowait    %steal      %irq     %soft    %guest    %gnice     %idle
13:46:10        all     11,11      0,00      4,29      0,00      0,00      1,26      1,26      0,00      0,00     82,07
13:46:10          0     10,20      0,00      5,10      0,00      0,00      3,06      5,10      0,00      0,00     76,53
13:46:10          1     11,00      0,00      4,00      0,00      0,00      1,00      0,00      0,00      0,00     84,00
13:46:10          2     12,24      0,00      3,06      0,00      0,00      0,00      0,00      0,00      0,00     84,69
13:46:10          3     11,00      0,00      5,00      0,00      0,00      1,00      0,00      0,00      0,00     83,00

13:46:10        CPU      %usr     %nice      %sys   %iowait    %steal      %irq     %soft    %guest    %gnice     %idle
13:46:11        all     13,85      0,00      4,53      0,00      0,00      0,76      1,26      0,00      0,00     79,60
13:46:11          0     13,27      0,00      6,12      0,00      0,00      3,06      5,10      0,00      0,00     72,45
13:46:11          1     14,14      0,00      4,04      0,00      0,00      0,00      0,00      0,00      0,00     81,82
13:46:11          2     14,85      0,00      3,96      0,00      0,00      0,00      0,00      0,00      0,00     81,19
13:46:11          3     13,13      0,00      4,04      0,00      0,00      0,00      0,00      0,00      0,00     82,83

13:46:11        CPU      %usr     %nice      %sys   %iowait    %steal      %irq     %soft    %guest    %gnice     %idle
13:46:12        all      4,77      0,00      1,51      0,00      0,00      0,50      0,50      0,00      0,00     92,71
13:46:12          0      4,95      0,00      1,98      0,00      0,00      1,98      1,98      0,00      0,00     89,11
13:46:12          1      5,05      0,00      1,01      0,00      0,00      0,00      0,00      0,00      0,00     93,94
13:46:12          2      4,04      0,00      2,02      0,00      0,00      0,00      0,00      0,00      0,00     93,94
13:46:12          3      5,05      0,00      1,01      0,00      0,00      0,00      0,00      0,00      0,00     93,94

13:46:12        CPU      %usr     %nice      %sys   %iowait    %steal      %irq     %soft    %guest    %gnice     %idle
13:46:13        all      0,00      0,00      0,00      0,25      0,00      0,00      0,00      0,00      0,00     99,75
13:46:13          0      0,00      0,00      0,00      0,00      0,00      0,00      0,00      0,00      0,00    100,00
13:46:13          1      0,00      0,00      0,00      0,99      0,00      0,00      0,00      0,00      0,00     99,01
13:46:13          2      0,00      0,00      0,00      0,00      0,00      0,00      0,00      0,00      0,00    100,00
13:46:13          3      0,00      0,00      0,00      0,00      0,00      0,00      0,00      0,00      0,00    100,00

13:46:13        CPU      %usr     %nice      %sys   %iowait    %steal      %irq     %soft    %guest    %gnice     %idle
13:46:14        all      0,00      0,00      0,00      0,00      0,00      0,00      0,00      0,00      0,00    100,00
13:46:14          0      0,00      0,00      0,00      0,00      0,00      0,00      0,00      0,00      0,00    100,00
13:46:14          1      0,00      0,00      0,00      0,00      0,00      0,00      0,00      0,00      0,00    100,00
13:46:14          2      0,00      0,00      0,00      0,00      0,00      0,00      0,00      0,00      0,00    100,00
13:46:14          3      0,00      0,00      0,00      0,00      0,00      0,00      0,00      0,00      0,00    100,00

13:46:14        CPU      %usr     %nice      %sys   %iowait    %steal      %irq     %soft    %guest    %gnice     %idle
13:46:15        all     11,06      0,00      4,52      0,00      0,00      0,50      1,26      0,00      0,00     82,66
13:46:15          0     13,00      0,00      5,00      0,00      0,00      2,00      5,00      0,00      0,00     75,00
13:46:15          1     10,20      0,00      4,08      0,00      0,00      0,00      0,00      0,00      0,00     85,71
13:46:15          2     10,10      0,00      4,04      0,00      0,00      0,00      0,00      0,00      0,00     85,86
13:46:15          3     10,89      0,00      4,95      0,00      0,00      0,00      0,00      0,00      0,00     84,16

13:46:15        CPU      %usr     %nice      %sys   %iowait    %steal      %irq     %soft    %guest    %gnice     %idle
13:46:16        all     24,81      0,00     11,78      0,00      0,00      0,75      1,25      0,00      0,00     61,40
13:46:16          0     24,24      0,00     15,15      0,00      0,00      2,02      4,04      0,00      0,00     54,55
13:46:16          1     19,61      0,00     10,78      0,00      0,00      0,00      0,98      0,00      0,00     68,63
13:46:16          2     32,32      0,00     10,10      0,00      0,00      1,01      0,00      0,00      0,00     56,57
13:46:16          3     23,23      0,00     11,11      0,00      0,00      0,00      0,00      0,00      0,00     65,66

13:46:16        CPU      %usr     %nice      %sys   %iowait    %steal      %irq     %soft    %guest    %gnice     %idle
13:46:17        all     22,28      0,00     10,89      0,00      0,00      0,76      1,01      0,00      0,00     65,06
13:46:17          0     25,74      0,00     14,85      0,00      0,00      2,97      3,96      0,00      0,00     52,48
13:46:17          1     18,56      0,00      8,25      0,00      0,00      0,00      0,00      0,00      0,00     73,20
13:46:17          2     23,47      0,00      8,16      0,00      0,00      0,00      0,00      0,00      0,00     68,37
13:46:17          3     21,21      0,00     12,12      0,00      0,00      0,00      0,00      0,00      0,00     66,67

13:46:17        CPU      %usr     %nice      %sys   %iowait    %steal      %irq     %soft    %guest    %gnice     %idle
13:46:18        all      0,25      0,00      0,25      0,00      0,00      0,00      0,00      0,00      0,00     99,50
13:46:18          0      0,00      0,00      0,00      0,00      0,00      0,00      0,00      0,00      0,00    100,00
13:46:18          1      0,99      0,00      0,00      0,00      0,00      0,00      0,00      0,00      0,00     99,01
13:46:18          2      0,00      0,00      0,99      0,00      0,00      0,00      0,00      0,00      0,00     99,01
13:46:18          3      0,00      0,00      0,00      0,00      0,00      0,00      0,00      0,00      0,00    100,00

13:46:18        CPU      %usr     %nice      %sys   %iowait    %steal      %irq     %soft    %guest    %gnice     %idle
13:46:19        all      0,00      0,00      0,00      0,25      0,00      0,00      0,00      0,00      0,00     99,75
13:46:19          0      0,00      0,00      0,00      0,00      0,00      0,00      0,00      0,00      0,00    100,00
13:46:19          1      0,00      0,00      0,00      1,00      0,00      0,00      0,00      0,00      0,00     99,00
13:46:19          2      0,00      0,00      0,00      0,00      0,00      0,00      0,00      0,00      0,00    100,00
13:46:19          3      0,00      0,00      0,00      0,00      0,00      0,00      0,00      0,00      0,00    100,00

13:46:19        CPU      %usr     %nice      %sys   %iowait    %steal      %irq     %soft    %guest    %gnice     %idle
13:46:20        all     11,11      0,00      3,79      0,00      0,00      0,51      1,26      0,00      0,00     83,33
13:46:20          0     12,87      0,00      4,95      0,00      0,00      1,98      4,95      0,00      0,00     75,25
13:46:20          1     10,20      0,00      4,08      0,00      0,00      0,00      0,00      0,00      0,00     85,71
13:46:20          2     10,20      0,00      3,06      0,00      0,00      0,00      0,00      0,00      0,00     86,73
13:46:20          3     11,11      0,00      3,03      0,00      0,00      0,00      0,00      0,00      0,00     85,86

13:46:20        CPU      %usr     %nice      %sys   %iowait    %steal      %irq     %soft    %guest    %gnice     %idle
13:46:21        all     10,17      0,00      3,23      0,00      0,00      0,74      0,99      0,00      0,00     84,86
13:46:21          0      9,90      0,00      3,96      0,00      0,00      2,97      3,96      0,00      0,00     79,21
13:46:21          1     10,78      0,00      2,94      0,00      0,00      0,00      0,00      0,00      0,00     86,27
13:46:21          2     10,10      0,00      2,02      0,00      0,00      0,00      0,00      0,00      0,00     87,88
13:46:21          3      9,90      0,00      3,96      0,00      0,00      0,00      0,00      0,00      0,00     86,14

13:46:21        CPU      %usr     %nice      %sys   %iowait    %steal      %irq     %soft    %guest    %gnice     %idle
13:46:22        all     11,53      0,00      3,51      0,00      0,00      1,00      1,00      0,00      0,00     82,96
13:46:22          0     13,13      0,00      4,04      0,00      0,00      2,02      4,04      0,00      0,00     76,77
13:46:22          1     10,00      0,00      4,00      0,00      0,00      1,00      0,00      0,00      0,00     85,00
13:46:22          2     10,20      0,00      3,06      0,00      0,00      0,00      0,00      0,00      0,00     86,73
13:46:22          3     12,75      0,00      2,94      0,00      0,00      0,98      0,00      0,00      0,00     83,33

13:46:22        CPU      %usr     %nice      %sys   %iowait    %steal      %irq     %soft    %guest    %gnice     %idle
13:46:23        all      0,50      0,00      0,50      0,00      0,00      0,00      0,25      0,00      0,00     98,76
13:46:23          0      0,00      0,00      0,98      0,00      0,00      0,00      0,98      0,00      0,00     98,04
13:46:23          1      1,00      0,00      0,00      0,00      0,00      0,00      0,00      0,00      0,00     99,00
13:46:23          2      0,00      0,00      1,00      0,00      0,00      0,00      0,00      0,00      0,00     99,00
13:46:23          3      1,00      0,00      0,00      0,00      0,00      0,00      0,00      0,00      0,00     99,00

13:46:23        CPU      %usr     %nice      %sys   %iowait    %steal      %irq     %soft    %guest    %gnice     %idle
13:46:24        all      0,50      0,00      0,00      0,00      0,00      0,00      0,00      0,00      0,00     99,50
13:46:24          0      1,00      0,00      0,00      0,00      0,00      0,00      0,00      0,00      0,00     99,00
13:46:24          1      0,00      0,00      0,00      0,00      0,00      0,00      0,00      0,00      0,00    100,00
13:46:24          2      1,00      0,00      0,00      0,00      0,00      0,00      0,00      0,00      0,00     99,00
13:46:24          3      0,00      0,00      0,00      0,00      0,00      0,00      0,00      0,00      0,00    100,00

13:46:24        CPU      %usr     %nice      %sys   %iowait    %steal      %irq     %soft    %guest    %gnice     %idle
13:46:25        all     13,52      0,00      6,12      0,26      0,00      0,77      1,02      0,00      0,00     78,32
13:46:25          0     13,40      0,00      7,22      0,00      0,00      3,09      4,12      0,00      0,00     72,16
13:46:25          1     15,00      0,00      6,00      1,00      0,00      0,00      0,00      0,00      0,00     78,00
13:46:25          2     12,37      0,00      5,15      0,00      0,00      0,00      0,00      0,00      0,00     82,47
13:46:25          3     13,27      0,00      6,12      0,00      0,00      0,00      0,00      0,00      0,00     80,61

13:46:25        CPU      %usr     %nice      %sys   %iowait    %steal      %irq     %soft    %guest    %gnice     %idle
13:46:26        all     10,28      0,00      2,76      0,25      0,00      0,50      1,25      0,00      0,00     84,96
13:46:26          0     11,88      0,00      2,97      0,00      0,00      1,98      4,95      0,00      0,00     78,22
13:46:26          1     10,00      0,00      3,00      1,00      0,00      0,00      0,00      0,00      0,00     86,00
13:46:26          2     10,10      0,00      2,02      0,00      0,00      0,00      0,00      0,00      0,00     87,88
13:46:26          3      9,09      0,00      3,03      0,00      0,00      0,00      0,00      0,00      0,00     87,88

13:46:26        CPU      %usr     %nice      %sys   %iowait    %steal      %irq     %soft    %guest    %gnice     %idle
13:46:27        all     10,86      0,00      4,04      0,00      0,00      1,01      1,26      0,00      0,00     82,83
13:46:27          0     12,12      0,00      5,05      0,00      0,00      3,03      5,05      0,00      0,00     74,75
13:46:27          1     11,00      0,00      4,00      0,00      0,00      0,00      0,00      0,00      0,00     85,00
13:46:27          2     10,10      0,00      3,03      0,00      0,00      1,01      0,00      0,00      0,00     85,86
13:46:27          3     10,20      0,00      4,08      0,00      0,00      0,00      0,00      0,00      0,00     85,71

13:46:27        CPU      %usr     %nice      %sys   %iowait    %steal      %irq     %soft    %guest    %gnice     %idle
13:46:28        all      0,50      0,00      0,25      0,25      0,00      0,00      0,00      0,00      0,00     99,00
13:46:28          0      1,00      0,00      0,00      0,00      0,00      0,00      0,00      0,00      0,00     99,00
13:46:28          1      0,00      0,00      0,00      1,00      0,00      0,00      0,00      0,00      0,00     99,00
13:46:28          2      0,99      0,00      0,99      0,00      0,00      0,00      0,00      0,00      0,00     98,02
13:46:28          3      0,00      0,00      0,00      0,00      0,00      0,00      0,00      0,00      0,00    100,00

13:46:28        CPU      %usr     %nice      %sys   %iowait    %steal      %irq     %soft    %guest    %gnice     %idle
13:46:29        all      0,25      0,00      2,02      0,00      0,00      0,00      0,00      0,00      0,00     97,73
13:46:29          0      0,00      0,00      8,08      0,00      0,00      0,00      0,00      0,00      0,00     91,92
13:46:29          1      0,00      0,00      0,00      0,00      0,00      0,00      0,00      0,00      0,00    100,00
13:46:29          2      0,00      0,00      0,00      0,00      0,00      0,00      0,00      0,00      0,00    100,00
13:46:29          3      1,00      0,00      0,00      0,00      0,00      0,00      0,00      0,00      0,00     99,00

13:46:29        CPU      %usr     %nice      %sys   %iowait    %steal      %irq     %soft    %guest    %gnice     %idle
13:46:30        all      9,60      0,00      4,55      0,76      0,00      0,76      1,01      0,00      0,00     83,33
13:46:30          0      9,00      0,00      7,00      0,00      0,00      3,00      4,00      0,00      0,00     77,00
13:46:30          1     11,00      0,00      4,00      1,00      0,00      0,00      0,00      0,00      0,00     84,00
13:46:30          2     10,20      0,00      3,06      1,02      0,00      0,00      0,00      0,00      0,00     85,71
13:46:30          3      8,16      0,00      4,08      1,02      0,00      0,00      0,00      0,00      0,00     86,73

13:46:30        CPU      %usr     %nice      %sys   %iowait    %steal      %irq     %soft    %guest    %gnice     %idle
13:46:31        all      9,68      0,00      4,22      0,00      0,00      0,74      1,24      0,00      0,00     84,12
13:46:31          0     10,00      0,00      4,00      0,00      0,00      2,00      5,00      0,00      0,00     79,00
13:46:31          1      8,91      0,00      4,95      0,00      0,00      0,00      0,00      0,00      0,00     86,14
13:46:31          2      9,90      0,00      3,96      0,00      0,00      0,00      0,00      0,00      0,00     86,14
13:46:31          3      9,90      0,00      3,96      0,00      0,00      0,99      0,00      0,00      0,00     85,15

13:46:31        CPU      %usr     %nice      %sys   %iowait    %steal      %irq     %soft    %guest    %gnice     %idle
13:46:32        all      8,16      0,00      3,32      0,00      0,00      0,77      0,77      0,00      0,00     86,99
13:46:32          0      8,33      0,00      3,12      0,00      0,00      2,08      3,12      0,00      0,00     83,33
13:46:32          1      8,08      0,00      3,03      0,00      0,00      1,01      0,00      0,00      0,00     87,88
13:46:32          2      8,16      0,00      3,06      0,00      0,00      0,00      0,00      0,00      0,00     88,78
13:46:32          3      8,08      0,00      4,04      0,00      0,00      0,00      0,00      0,00      0,00     87,88

13:46:32        CPU      %usr     %nice      %sys   %iowait    %steal      %irq     %soft    %guest    %gnice     %idle
13:46:33        all     11,69      0,00      4,73      0,00      0,00      0,50      1,24      0,00      0,00     81,84
13:46:33          0     10,78      0,00      4,90      0,00      0,00      1,96      2,94      0,00      0,00     79,41
13:46:33          1     15,15      0,00      7,07      0,00      0,00      0,00      0,00      0,00      0,00     77,78
13:46:33          2      9,90      0,00      3,96      0,00      0,00      0,00      0,99      0,00      0,00     85,15
13:46:33          3     11,00      0,00      3,00      0,00      0,00      0,00      1,00      0,00      0,00     85,00

13:46:33        CPU      %usr     %nice      %sys   %iowait    %steal      %irq     %soft    %guest    %gnice     %idle
13:46:34        all      0,50      0,00      0,00      0,00      0,00      0,00      0,00      0,00      0,00     99,50
13:46:34          0      0,00      0,00      0,00      0,00      0,00      0,00      0,00      0,00      0,00    100,00
13:46:34          1      1,00      0,00      0,00      0,00      0,00      0,00      0,00      0,00      0,00     99,00
13:46:34          2      1,00      0,00      0,00      0,00      0,00      0,00      0,00      0,00      0,00     99,00
13:46:34          3      0,00      0,00      0,00      0,00      0,00      0,00      0,00      0,00      0,00    100,00

13:46:34        CPU      %usr     %nice      %sys   %iowait    %steal      %irq     %soft    %guest    %gnice     %idle
13:46:35        all     11,19      0,00      3,98      0,00      0,00      0,50      1,24      0,00      0,00     83,08
13:46:35          0     12,87      0,00      3,96      0,00      0,00      1,98      4,95      0,00      0,00     76,24
13:46:35          1     10,10      0,00      4,04      0,00      0,00      0,00      0,00      0,00      0,00     85,86
13:46:35          2     10,00      0,00      4,00      0,00      0,00      0,00      0,00      0,00      0,00     86,00
13:46:35          3     11,76      0,00      3,92      0,00      0,00      0,00      0,00      0,00      0,00     84,31

13:46:35        CPU      %usr     %nice      %sys   %iowait    %steal      %irq     %soft    %guest    %gnice     %idle
13:46:36        all     14,18      0,00      5,32      0,25      0,00      0,76      1,01      0,00      0,00     78,48
13:46:36          0     13,13      0,00      6,06      0,00      0,00      3,03      4,04      0,00      0,00     73,74
13:46:36          1     12,24      0,00      4,08      1,02      0,00      0,00      0,00      0,00      0,00     82,65
13:46:36          2     13,27      0,00      3,06      0,00      0,00      0,00      0,00      0,00      0,00     83,67
13:46:36          3     18,00      0,00      8,00      0,00      0,00      0,00      0,00      0,00      0,00     74,00

13:46:36        CPU      %usr     %nice      %sys   %iowait    %steal      %irq     %soft    %guest    %gnice     %idle
13:46:37        all      8,73      0,00      3,24      0,00      0,00      0,50      1,00      0,00      0,00     86,53
13:46:37          0     10,00      0,00      3,00      0,00      0,00      2,00      4,00      0,00      0,00     81,00
13:46:37          1      8,82      0,00      3,92      0,00      0,00      0,00      0,00      0,00      0,00     87,25
13:46:37          2      9,80      0,00      2,94      0,00      0,00      0,00      0,00      0,00      0,00     87,25
13:46:37          3      6,19      0,00      3,09      0,00      0,00      0,00      0,00      0,00      0,00     90,72

13:46:37        CPU      %usr     %nice      %sys   %iowait    %steal      %irq     %soft    %guest    %gnice     %idle
13:46:38        all      5,75      0,00      2,25      0,00      0,00      0,50      0,50      0,00      0,00     91,00
13:46:38          0      6,93      0,00      1,98      0,00      0,00      0,99      1,98      0,00      0,00     88,12
13:46:38          1      4,12      0,00      2,06      0,00      0,00      0,00      0,00      0,00      0,00     93,81
13:46:38          2      4,95      0,00      2,97      0,00      0,00      0,99      0,00      0,00      0,00     91,09
13:46:38          3      6,93      0,00      1,98      0,00      0,00      0,00      0,00      0,00      0,00     91,09

13:46:38        CPU      %usr     %nice      %sys   %iowait    %steal      %irq     %soft    %guest    %gnice     %idle
13:46:39        all      0,76      0,00      0,50      0,00      0,00      0,00      0,00      0,00      0,00     98,74
13:46:39          0      1,00      0,00      1,00      0,00      0,00      0,00      0,00      0,00      0,00     98,00
13:46:39          1      0,99      0,00      0,99      0,00      0,00      0,00      0,00      0,00      0,00     98,02
13:46:39          2      1,02      0,00      0,00      0,00      0,00      0,00      0,00      0,00      0,00     98,98
13:46:39          3      0,00      0,00      0,00      0,00      0,00      0,00      0,00      0,00      0,00    100,00

13:46:39        CPU      %usr     %nice      %sys   %iowait    %steal      %irq     %soft    %guest    %gnice     %idle
13:46:40        all     10,70      0,00      3,73      0,00      0,00      1,00      1,24      0,00      0,00     83,33
13:46:40          0     11,76      0,00      4,90      0,00      0,00      2,94      3,92      0,00      0,00     76,47
13:46:40          1     10,10      0,00      3,03      0,00      0,00      0,00      1,01      0,00      0,00     85,86
13:46:40          2     10,00      0,00      4,00      0,00      0,00      0,00      0,00      0,00      0,00     86,00
13:46:40          3     10,89      0,00      2,97      0,00      0,00      0,99      0,00      0,00      0,00     85,15

13:46:40        CPU      %usr     %nice      %sys   %iowait    %steal      %irq     %soft    %guest    %gnice     %idle
13:46:41        all     10,08      0,00      3,53      0,00      0,00      0,76      1,26      0,00      0,00     84,38
13:46:41          0     11,11      0,00      3,03      0,00      0,00      2,02      5,05      0,00      0,00     78,79
13:46:41          1      9,90      0,00      3,96      0,00      0,00      0,99      0,00      0,00      0,00     85,15
13:46:41          2      9,18      0,00      3,06      0,00      0,00      0,00      0,00      0,00      0,00     87,76
13:46:41          3     10,10      0,00      4,04      0,00      0,00      0,00      0,00      0,00      0,00     85,86

13:46:41        CPU      %usr     %nice      %sys   %iowait    %steal      %irq     %soft    %guest    %gnice     %idle
13:46:42        all      8,59      0,00      3,79      0,25      0,00      0,76      0,76      0,00      0,00     85,86
13:46:42          0      9,18      0,00      4,08      0,00      0,00      3,06      3,06      0,00      0,00     80,61
13:46:42          1      9,18      0,00      2,04      1,02      0,00      0,00      0,00      0,00      0,00     87,76
13:46:42          2      8,00      0,00      5,00      0,00      0,00      0,00      0,00      0,00      0,00     87,00
13:46:42          3      8,00      0,00      4,00      0,00      0,00      0,00      0,00      0,00      0,00     88,00

13:46:42        CPU      %usr     %nice      %sys   %iowait    %steal      %irq     %soft    %guest    %gnice     %idle
13:46:43        all     15,78      0,00      8,40      0,00      0,00      0,25      0,76      0,00      0,00     74,81
13:46:43          0     12,24      0,00      7,14      0,00      0,00      1,02      3,06      0,00      0,00     76,53
13:46:43          1     14,29      0,00      8,16      0,00      0,00      0,00      0,00      0,00      0,00     77,55
13:46:43          2     13,27      0,00      8,16      0,00      0,00      0,00      0,00      0,00      0,00     78,57
13:46:43          3     23,23      0,00     10,10      0,00      0,00      0,00      0,00      0,00      0,00     66,67

13:46:43        CPU      %usr     %nice      %sys   %iowait    %steal      %irq     %soft    %guest    %gnice     %idle
13:46:44        all      0,75      0,00      0,25      0,00      0,00      0,00      0,00      0,00      0,00     98,99
13:46:44          0      1,01      0,00      0,00      0,00      0,00      0,00      0,00      0,00      0,00     98,99
13:46:44          1      1,01      0,00      0,00      0,00      0,00      0,00      0,00      0,00      0,00     98,99
13:46:44          2      0,00      0,00      0,00      0,00      0,00      0,00      0,00      0,00      0,00    100,00
13:46:44          3      0,99      0,00      0,99      0,00      0,00      0,00      0,00      0,00      0,00     98,02

13:46:44        CPU      %usr     %nice      %sys   %iowait    %steal      %irq     %soft    %guest    %gnice     %idle
13:46:45        all     10,10      0,00      2,78      0,00      0,00      0,76      1,01      0,00      0,00     85,35
13:46:45          0     10,00      0,00      4,00      0,00      0,00      3,00      4,00      0,00      0,00     79,00
13:46:45          1     10,20      0,00      2,04      0,00      0,00      0,00      0,00      0,00      0,00     87,76
13:46:45          2     11,00      0,00      3,00      0,00      0,00      0,00      0,00      0,00      0,00     86,00
13:46:45          3      9,18      0,00      2,04      0,00      0,00      0,00      0,00      0,00      0,00     88,78

13:46:45        CPU      %usr     %nice      %sys   %iowait    %steal      %irq     %soft    %guest    %gnice     %idle
13:46:46        all      9,37      0,00      3,54      0,00      0,00      0,76      1,01      0,00      0,00     85,32
13:46:46          0     10,20      0,00      3,06      0,00      0,00      2,04      4,08      0,00      0,00     80,61
13:46:46          1      9,09      0,00      4,04      0,00      0,00      0,00      0,00      0,00      0,00     86,87
13:46:46          2      8,16      0,00      3,06      0,00      0,00      1,02      0,00      0,00      0,00     87,76
13:46:46          3     10,00      0,00      4,00      0,00      0,00      0,00      0,00      0,00      0,00     86,00

13:46:46        CPU      %usr     %nice      %sys   %iowait    %steal      %irq     %soft    %guest    %gnice     %idle
13:46:47        all      9,55      0,00      3,27      0,00      0,00      1,01      1,01      0,00      0,00     85,18
13:46:47          0      9,09      0,00      4,04      0,00      0,00      3,03      4,04      0,00      0,00     79,80
13:46:47          1     11,00      0,00      2,00      0,00      0,00      0,00      0,00      0,00      0,00     87,00
13:46:47          2      9,00      0,00      4,00      0,00      0,00      0,00      0,00      0,00      0,00     87,00
13:46:47          3      9,09      0,00      3,03      0,00      0,00      1,01      0,00      0,00      0,00     86,87

13:46:47        CPU      %usr     %nice      %sys   %iowait    %steal      %irq     %soft    %guest    %gnice     %idle
13:46:48        all     12,12      0,00      4,55      0,25      0,00      0,51      0,76      0,00      0,00     81,82
13:46:48          0     12,00      0,00      4,00      0,00      0,00      1,00      3,00      0,00      0,00     80,00
13:46:48          1     10,10      0,00      3,03      1,01      0,00      1,01      0,00      0,00      0,00     84,85
13:46:48          2      9,18      0,00      4,08      0,00      0,00      0,00      0,00      0,00      0,00     86,73
13:46:48          3     17,17      0,00      7,07      0,00      0,00      0,00      0,00      0,00      0,00     75,76

13:46:48        CPU      %usr     %nice      %sys   %iowait    %steal      %irq     %soft    %guest    %gnice     %idle
13:46:49        all      0,25      0,00      0,25      0,00      0,00      0,00      0,25      0,00      0,00     99,25
13:46:49          0      0,00      0,00      0,00      0,00      0,00      0,00      1,00      0,00      0,00     99,00
13:46:49          1      0,00      0,00      1,00      0,00      0,00      0,00      0,00      0,00      0,00     99,00
13:46:49          2      0,00      0,00      0,00      0,00      0,00      0,00      0,00      0,00      0,00    100,00
13:46:49          3      1,00      0,00      0,00      0,00      0,00      0,00      0,00      0,00      0,00     99,00

13:46:49        CPU      %usr     %nice      %sys   %iowait    %steal      %irq     %soft    %guest    %gnice     %idle
13:46:50        all      9,60      0,00      3,03      0,00      0,00      0,76      1,01      0,00      0,00     85,61
13:46:50          0      8,16      0,00      3,06      0,00      0,00      3,06      4,08      0,00      0,00     81,63
13:46:50          1     10,20      0,00      2,04      0,00      0,00      0,00      0,00      0,00      0,00     87,76
13:46:50          2      9,00      0,00      4,00      0,00      0,00      0,00      0,00      0,00      0,00     87,00
13:46:50          3     11,00      0,00      3,00      0,00      0,00      0,00      0,00      0,00      0,00     86,00

13:46:50        CPU      %usr     %nice      %sys   %iowait    %steal      %irq     %soft    %guest    %gnice     %idle
13:46:51        all     13,92      0,00      6,08      0,00      0,00      0,51      1,01      0,00      0,00     78,48
13:46:51          0     13,27      0,00      8,16      0,00      0,00      2,04      4,08      0,00      0,00     72,45
13:46:51          1     14,14      0,00      5,05      0,00      0,00      0,00      0,00      0,00      0,00     80,81
13:46:51          2     14,14      0,00      5,05      0,00      0,00      0,00      0,00      0,00      0,00     80,81
13:46:51          3     14,14      0,00      6,06      0,00      0,00      0,00      0,00      0,00      0,00     79,80

13:46:51        CPU      %usr     %nice      %sys   %iowait    %steal      %irq     %soft    %guest    %gnice     %idle
13:46:52        all      7,81      0,00      4,53      0,00      0,00      0,76      0,76      0,00      0,00     86,15
13:46:52          0      8,08      0,00     10,10      0,00      0,00      2,02      3,03      0,00      0,00     76,77
13:46:52          1      8,00      0,00      3,00      0,00      0,00      0,00      0,00      0,00      0,00     89,00
13:46:52          2      8,91      0,00      2,97      0,00      0,00      0,00      0,00      0,00      0,00     88,12
13:46:52          3      6,19      0,00      2,06      0,00      0,00      1,03      0,00      0,00      0,00     90,72

13:46:52        CPU      %usr     %nice      %sys   %iowait    %steal      %irq     %soft    %guest    %gnice     %idle
13:46:53        all      7,12      0,00      2,80      0,25      0,00      0,51      0,76      0,00      0,00     88,55
13:46:53          0      8,00      0,00      4,00      1,00      0,00      2,00      3,00      0,00      0,00     82,00
13:46:53          1      7,14      0,00      3,06      0,00      0,00      0,00      0,00      0,00      0,00     89,80
13:46:53          2      6,19      0,00      2,06      0,00      0,00      0,00      0,00      0,00      0,00     91,75
13:46:53          3      7,14      0,00      2,04      0,00      0,00      0,00      0,00      0,00      0,00     90,82

13:46:53        CPU      %usr     %nice      %sys   %iowait    %steal      %irq     %soft    %guest    %gnice     %idle
13:46:54        all      0,75      0,00      0,25      0,25      0,00      0,00      0,00      0,00      0,00     98,75
13:46:54          0      0,00      0,00      0,00      0,00      0,00      0,00      0,00      0,00      0,00    100,00
13:46:54          1      0,99      0,00      0,00      0,99      0,00      0,00      0,00      0,00      0,00     98,02
13:46:54          2      1,00      0,00      1,00      0,00      0,00      0,00      0,00      0,00      0,00     98,00
13:46:54          3      1,00      0,00      0,00      0,00      0,00      0,00      0,00      0,00      0,00     99,00

13:46:54        CPU      %usr     %nice      %sys   %iowait    %steal      %irq     %soft    %guest    %gnice     %idle
13:46:55        all      8,31      0,00      3,27      0,00      0,00      1,01      1,26      0,00      0,00     86,15
13:46:55          0      9,09      0,00      3,03      0,00      0,00      2,02      4,04      0,00      0,00     81,82
13:46:55          1      8,08      0,00      4,04      0,00      0,00      1,01      0,00      0,00      0,00     86,87
13:46:55          2      7,14      0,00      2,04      0,00      0,00      1,02      0,00      0,00      0,00     89,80
13:46:55          3      8,91      0,00      3,96      0,00      0,00      0,00      0,99      0,00      0,00     86,14

13:46:55        CPU      %usr     %nice      %sys   %iowait    %steal      %irq     %soft    %guest    %gnice     %idle
13:46:56        all     10,33      0,00      3,78      0,50      0,00      0,76      1,26      0,00      0,00     83,38
13:46:56          0     10,10      0,00      4,04      0,00      0,00      3,03      4,04      0,00      0,00     78,79
13:46:56          1      9,18      0,00      4,08      0,00      0,00      0,00      0,00      0,00      0,00     86,73
13:46:56          2     11,76      0,00      3,92      0,98      0,00      0,00      0,98      0,00      0,00     82,35
13:46:56          3     10,20      0,00      3,06      1,02      0,00      0,00      0,00      0,00      0,00     85,71

13:46:56        CPU      %usr     %nice      %sys   %iowait    %steal      %irq     %soft    %guest    %gnice     %idle
13:46:57        all      7,05      0,00      2,02      0,00      0,00      0,50      0,76      0,00      0,00     89,67
13:46:57          0      6,12      0,00      2,04      0,00      0,00      2,04      3,06      0,00      0,00     86,73
13:46:57          1      7,00      0,00      2,00      0,00      0,00      0,00      0,00      0,00      0,00     91,00
13:46:57          2      7,07      0,00      2,02      0,00      0,00      0,00      0,00      0,00      0,00     90,91
13:46:57          3      8,00      0,00      2,00      0,00      0,00      0,00      0,00      0,00      0,00     90,00

13:46:57        CPU      %usr     %nice      %sys   %iowait    %steal      %irq     %soft    %guest    %gnice     %idle
13:46:58        all      9,80      0,00      3,27      0,25      0,00      0,50      1,01      0,00      0,00     85,18
13:46:58          0     10,20      0,00      3,06      0,00      0,00      2,04      4,08      0,00      0,00     80,61
13:46:58          1     10,00      0,00      3,00      1,00      0,00      0,00      0,00      0,00      0,00     86,00
13:46:58          2      9,00      0,00      3,00      0,00      0,00      0,00      0,00      0,00      0,00     88,00
13:46:58          3     10,00      0,00      4,00      0,00      0,00      0,00      0,00      0,00      0,00     86,00

13:46:58        CPU      %usr     %nice      %sys   %iowait    %steal      %irq     %soft    %guest    %gnice     %idle
13:46:59        all      0,25      0,00      0,25      0,00      0,00      0,00      0,00      0,00      0,00     99,50
13:46:59          0      0,99      0,00      0,99      0,00      0,00      0,00      0,00      0,00      0,00     98,02
13:46:59          1      0,00      0,00      0,00      0,00      0,00      0,00      0,00      0,00      0,00    100,00
13:46:59          2      0,00      0,00      0,00      0,00      0,00      0,00      0,00      0,00      0,00    100,00
13:46:59          3      0,00      0,00      0,00      0,00      0,00      0,00      0,00      0,00      0,00    100,00

13:46:59        CPU      %usr     %nice      %sys   %iowait    %steal      %irq     %soft    %guest    %gnice     %idle
13:47:00        all      9,00      0,00      3,25      0,00      0,00      0,75      1,25      0,00      0,00     85,75
13:47:00          0      8,16      0,00      3,06      0,00      0,00      2,04      4,08      0,00      0,00     82,65
13:47:00          1      9,71      0,00      3,88      0,00      0,00      0,97      0,97      0,00      0,00     84,47
13:47:00          2      9,09      0,00      3,03      0,00      0,00      0,00      0,00      0,00      0,00     87,88
13:47:00          3      9,00      0,00      3,00      0,00      0,00      0,00      0,00      0,00      0,00     88,00

13:47:00        CPU      %usr     %nice      %sys   %iowait    %steal      %irq     %soft    %guest    %gnice     %idle
13:47:01        all     13,90      0,00      5,71      1,74      0,00      0,99      0,99      0,00      0,00     76,67
13:47:01          0     13,73      0,00      6,86      0,00      0,00      2,94      3,92      0,00      0,00     72,55
13:47:01          1     13,86      0,00      5,94      2,97      0,00      0,00      0,00      0,00      0,00     77,23
13:47:01          2     14,00      0,00      5,00      2,00      0,00      0,00      0,00      0,00      0,00     79,00
13:47:01          3     14,00      0,00      5,00      2,00      0,00      1,00      0,00      0,00      0,00     78,00

13:47:01        CPU      %usr     %nice      %sys   %iowait    %steal      %irq     %soft    %guest    %gnice     %idle
13:47:02        all      7,89      0,00      3,31      0,00      0,00      0,25      0,76      0,00      0,00     87,79
13:47:02          0      8,16      0,00      3,06      0,00      0,00      1,02      3,06      0,00      0,00     84,69
13:47:02          1      9,18      0,00      4,08      0,00      0,00      0,00      0,00      0,00      0,00     86,73
13:47:02          2      7,14      0,00      3,06      0,00      0,00      0,00      0,00      0,00      0,00     89,80
13:47:02          3      7,07      0,00      3,03      0,00      0,00      0,00      0,00      0,00      0,00     89,90

13:47:02        CPU      %usr     %nice      %sys   %iowait    %steal      %irq     %soft    %guest    %gnice     %idle
13:47:03        all      9,80      0,00      3,27      0,00      0,00      1,01      1,01      0,00      0,00     84,92
13:47:03          0     10,00      0,00      4,00      0,00      0,00      3,00      4,00      0,00      0,00     79,00
13:47:03          1      9,18      0,00      3,06      0,00      0,00      0,00      0,00      0,00      0,00     87,76
13:47:03          2      9,09      0,00      2,02      0,00      0,00      1,01      0,00      0,00      0,00     87,88
13:47:03          3     10,89      0,00      3,96      0,00      0,00      0,00      0,00      0,00      0,00     85,15

13:47:03        CPU      %usr     %nice      %sys   %iowait    %steal      %irq     %soft    %guest    %gnice     %idle
13:47:04        all      1,00      0,00      0,00      0,25      0,00      0,00      0,00      0,00      0,00     98,75
13:47:04          0      1,01      0,00      0,00      0,00      0,00      0,00      0,00      0,00      0,00     98,99
13:47:04          1      0,99      0,00      0,00      0,99      0,00      0,00      0,00      0,00      0,00     98,02
13:47:04          2      1,01      0,00      0,00      0,00      0,00      0,00      0,00      0,00      0,00     98,99
13:47:04          3      1,00      0,00      0,00      0,00      0,00      0,00      0,00      0,00      0,00     99,00

13:47:04        CPU      %usr     %nice      %sys   %iowait    %steal      %irq     %soft    %guest    %gnice     %idle
13:47:05        all     10,10      0,00      3,79      0,00      0,00      0,51      1,01      0,00      0,00     84,60
13:47:05          0     10,20      0,00      3,06      0,00      0,00      2,04      4,08      0,00      0,00     80,61
13:47:05          1     12,00      0,00      5,00      0,00      0,00      0,00      0,00      0,00      0,00     83,00
13:47:05          2      8,08      0,00      4,04      0,00      0,00      0,00      0,00      0,00      0,00     87,88
13:47:05          3     10,10      0,00      3,03      0,00      0,00      0,00      0,00      0,00      0,00     86,87

13:47:05        CPU      %usr     %nice      %sys   %iowait    %steal      %irq     %soft    %guest    %gnice     %idle
13:47:06        all     11,11      0,00      3,28      0,25      0,00      0,76      1,01      0,00      0,00     83,59
13:47:06          0     12,75      0,00      3,92      0,98      0,00      2,94      3,92      0,00      0,00     75,49
13:47:06          1     11,22      0,00      3,06      0,00      0,00      0,00      0,00      0,00      0,00     85,71
13:47:06          2     10,20      0,00      3,06      0,00      0,00      0,00      0,00      0,00      0,00     86,73
13:47:06          3     10,20      0,00      3,06      0,00      0,00      0,00      0,00      0,00      0,00     86,73

Média:         CPU      %usr     %nice      %sys   %iowait    %steal      %irq     %soft    %guest    %gnice     %idle
Média:         all      7,70      0,00      3,05      0,11      0,00      0,49      0,72      0,00      0,00     87,92
Média:           0      7,89      0,00      3,72      0,03      0,00      1,62      2,78      0,00      0,00     83,95
Média:           1      7,55      0,00      2,85      0,27      0,00      0,12      0,05      0,00      0,00     89,17
Média:           2      7,50      0,00      2,67      0,07      0,00      0,10      0,03      0,00      0,00     89,63
Média:           3      7,85      0,00      2,98      0,07      0,00      0,12      0,03      0,00      0,00     88,95
