Linux 5.14.0-503.19.1.el9_5.x86_64 (localhost.localdomain) 	16/04/2025 	_x86_64_	(4 CPU)

13:42:53        CPU      %usr     %nice      %sys   %iowait    %steal      %irq     %soft    %guest    %gnice     %idle
13:42:54        all      0,00      0,00      0,00      0,25      0,00      0,00      0,00      0,00      0,00     99,75
13:42:54          0      0,00      0,00      0,00      0,00      0,00      0,00      0,00      0,00      0,00    100,00
13:42:54          1      0,00      0,00      0,00      0,99      0,00      0,00      0,00      0,00      0,00     99,01
13:42:54          2      0,00      0,00      0,00      0,00      0,00      0,00      0,00      0,00      0,00    100,00
13:42:54          3      0,00      0,00      0,00      0,00      0,00      0,00      0,00      0,00      0,00    100,00

13:42:54        CPU      %usr     %nice      %sys   %iowait    %steal      %irq     %soft    %guest    %gnice     %idle
13:42:55        all      0,00      0,00      0,00      0,00      0,00      0,00      0,00      0,00      0,00    100,00
13:42:55          0      0,00      0,00      0,00      0,00      0,00      0,00      0,00      0,00      0,00    100,00
13:42:55          1      0,00      0,00      0,00      0,00      0,00      0,00      0,00      0,00      0,00    100,00
13:42:55          2      0,00      0,00      0,00      0,00      0,00      0,00      0,00      0,00      0,00    100,00
13:42:55          3      0,00      0,00      0,00      0,00      0,00      0,00      0,00      0,00      0,00    100,00

13:42:55        CPU      %usr     %nice      %sys   %iowait    %steal      %irq     %soft    %guest    %gnice     %idle
13:42:56        all      0,25      0,00      0,50      0,00      0,00      0,00      0,00      0,00      0,00     99,25
13:42:56          0      1,00      0,00      0,00      0,00      0,00      0,00      0,00      0,00      0,00     99,00
13:42:56          1      0,00      0,00      1,01      0,00      0,00      0,00      0,00      0,00      0,00     98,99
13:42:56          2      0,00      0,00      1,00      0,00      0,00      0,00      0,00      0,00      0,00     99,00
13:42:56          3      0,00      0,00      0,00      0,00      0,00      0,00      0,00      0,00      0,00    100,00

13:42:56        CPU      %usr     %nice      %sys   %iowait    %steal      %irq     %soft    %guest    %gnice     %idle
13:42:57        all     10,69      0,00      5,09      0,00      0,00      0,51      1,27      0,00      0,00     82,44
13:42:57          0     11,22      0,00      5,10      0,00      0,00      2,04      5,10      0,00      0,00     76,53
13:42:57          1     10,10      0,00      5,05      0,00      0,00      0,00      0,00      0,00      0,00     84,85
13:42:57          2     10,20      0,00      5,10      0,00      0,00      0,00      0,00      0,00      0,00     84,69
13:42:57          3     11,22      0,00      5,10      0,00      0,00      0,00      0,00      0,00      0,00     83,67

13:42:57        CPU      %usr     %nice      %sys   %iowait    %steal      %irq     %soft    %guest    %gnice     %idle
13:42:58        all     12,15      0,00      4,81      0,25      0,00      0,76      1,52      0,00      0,00     80,51
13:42:58          0     12,37      0,00      5,15      0,00      0,00      3,09      5,15      0,00      0,00     74,23
13:42:58          1     12,87      0,00      4,95      0,99      0,00      0,00      0,99      0,00      0,00     80,20
13:42:58          2     11,11      0,00      5,05      0,00      0,00      0,00      0,00      0,00      0,00     83,84
13:42:58          3     12,24      0,00      4,08      0,00      0,00      0,00      0,00      0,00      0,00     83,67

13:42:58        CPU      %usr     %nice      %sys   %iowait    %steal      %irq     %soft    %guest    %gnice     %idle
13:42:59        all      4,28      0,00      1,51      0,00      0,00      0,50      0,50      0,00      0,00     93,20
13:42:59          0      5,88      0,00      1,96      0,00      0,00      1,96      1,96      0,00      0,00     88,24
13:42:59          1      4,04      0,00      1,01      0,00      0,00      0,00      0,00      0,00      0,00     94,95
13:42:59          2      4,08      0,00      1,02      0,00      0,00      0,00      0,00      0,00      0,00     94,90
13:42:59          3      3,06      0,00      2,04      0,00      0,00      0,00      0,00      0,00      0,00     94,90

13:42:59        CPU      %usr     %nice      %sys   %iowait    %steal      %irq     %soft    %guest    %gnice     %idle
13:43:00        all      0,25      0,00      0,00      0,00      0,00      0,00      0,00      0,00      0,00     99,75
13:43:00          0      0,00      0,00      0,00      0,00      0,00      0,00      0,00      0,00      0,00    100,00
13:43:00          1      0,00      0,00      0,00      0,00      0,00      0,00      0,00      0,00      0,00    100,00
13:43:00          2      0,00      0,00      0,00      0,00      0,00      0,00      0,00      0,00      0,00    100,00
13:43:00          3      0,99      0,00      0,00      0,00      0,00      0,00      0,00      0,00      0,00     99,01

13:43:00        CPU      %usr     %nice      %sys   %iowait    %steal      %irq     %soft    %guest    %gnice     %idle
13:43:01        all      0,00      0,00      0,00      0,00      0,00      0,00      0,00      0,00      0,00    100,00
13:43:01          0      0,00      0,00      0,00      0,00      0,00      0,00      0,00      0,00      0,00    100,00
13:43:01          1      0,00      0,00      0,00      0,00      0,00      0,00      0,00      0,00      0,00    100,00
13:43:01          2      0,00      0,00      0,00      0,00      0,00      0,00      0,00      0,00      0,00    100,00
13:43:01          3      0,00      0,00      0,00      0,00      0,00      0,00      0,00      0,00      0,00    100,00

13:43:01        CPU      %usr     %nice      %sys   %iowait    %steal      %irq     %soft    %guest    %gnice     %idle
13:43:02        all     10,78      0,00      5,01      0,25      0,00      1,00      1,25      0,00      0,00     81,70
13:43:02          0     13,00      0,00      5,00      0,00      0,00      3,00      5,00      0,00      0,00     74,00
13:43:02          1     10,00      0,00      5,00      0,00      0,00      1,00      0,00      0,00      0,00     84,00
13:43:02          2     10,00      0,00      5,00      1,00      0,00      0,00      0,00      0,00      0,00     84,00
13:43:02          3     10,10      0,00      5,05      0,00      0,00      0,00      0,00      0,00      0,00     84,85

13:43:02        CPU      %usr     %nice      %sys   %iowait    %steal      %irq     %soft    %guest    %gnice     %idle
13:43:03        all     11,90      0,00      4,56      0,00      0,00      1,01      1,52      0,00      0,00     81,01
13:43:03          0     12,12      0,00      5,05      0,00      0,00      3,03      6,06      0,00      0,00     73,74
13:43:03          1     12,12      0,00      4,04      0,00      0,00      0,00      0,00      0,00      0,00     83,84
13:43:03          2     11,34      0,00      4,12      0,00      0,00      0,00      0,00      0,00      0,00     84,54
13:43:03          3     12,00      0,00      5,00      0,00      0,00      1,00      0,00      0,00      0,00     82,00

13:43:03        CPU      %usr     %nice      %sys   %iowait    %steal      %irq     %soft    %guest    %gnice     %idle
13:43:04        all      5,56      0,00      2,53      0,00      0,00      0,25      0,51      0,00      0,00     91,16
13:43:04          0      6,12      0,00      3,06      0,00      0,00      1,02      2,04      0,00      0,00     87,76
13:43:04          1      5,05      0,00      2,02      0,00      0,00      0,00      0,00      0,00      0,00     92,93
13:43:04          2      5,94      0,00      2,97      0,00      0,00      0,00      0,00      0,00      0,00     91,09
13:43:04          3      5,10      0,00      2,04      0,00      0,00      0,00      0,00      0,00      0,00     92,86

13:43:04        CPU      %usr     %nice      %sys   %iowait    %steal      %irq     %soft    %guest    %gnice     %idle
13:43:05        all      0,00      0,00      0,00      0,00      0,00      0,00      0,00      0,00      0,00    100,00
13:43:05          0      0,00      0,00      0,00      0,00      0,00      0,00      0,00      0,00      0,00    100,00
13:43:05          1      0,00      0,00      0,00      0,00      0,00      0,00      0,00      0,00      0,00    100,00
13:43:05          2      0,00      0,00      0,00      0,00      0,00      0,00      0,00      0,00      0,00    100,00
13:43:05          3      0,00      0,00      0,00      0,00      0,00      0,00      0,00      0,00      0,00    100,00

13:43:05        CPU      %usr     %nice      %sys   %iowait    %steal      %irq     %soft    %guest    %gnice     %idle
13:43:06        all      0,50      0,00      0,00      0,25      0,00      0,00      0,00      0,00      0,00     99,25
13:43:06          0      0,00      0,00      0,00      0,00      0,00      0,00      0,00      0,00      0,00    100,00
13:43:06          1      0,98      0,00      0,00      0,98      0,00      0,00      0,00      0,00      0,00     98,04
13:43:06          2      0,99      0,00      0,00      0,00      0,00      0,00      0,00      0,00      0,00     99,01
13:43:06          3      0,00      0,00      0,00      0,00      0,00      0,00      0,00      0,00      0,00    100,00

13:43:06        CPU      %usr     %nice      %sys   %iowait    %steal      %irq     %soft    %guest    %gnice     %idle
13:43:07        all     12,66      0,00      4,96      0,00      0,00      0,74      0,74      0,00      0,00     80,89
13:43:07          0     12,87      0,00      4,95      0,00      0,00      1,98      2,97      0,00      0,00     77,23
13:43:07          1     12,00      0,00      5,00      0,00      0,00      0,00      0,00      0,00      0,00     83,00
13:43:07          2     12,75      0,00      5,88      0,00      0,00      0,98      0,00      0,00      0,00     80,39
13:43:07          3     13,00      0,00      4,00      0,00      0,00      0,00      0,00      0,00      0,00     83,00

13:43:07        CPU      %usr     %nice      %sys   %iowait    %steal      %irq     %soft    %guest    %gnice     %idle
13:43:08        all     19,95      0,00      9,21      0,00      0,00      0,77      1,79      0,00      0,00     68,29
13:43:08          0     18,37      0,00      8,16      0,00      0,00      3,06      7,14      0,00      0,00     63,27
13:43:08          1     17,35      0,00      9,18      0,00      0,00      0,00      0,00      0,00      0,00     73,47
13:43:08          2     27,84      0,00     12,37      0,00      0,00      0,00      0,00      0,00      0,00     59,79
13:43:08          3     16,33      0,00      7,14      0,00      0,00      0,00      0,00      0,00      0,00     76,53

13:43:08        CPU      %usr     %nice      %sys   %iowait    %steal      %irq     %soft    %guest    %gnice     %idle
13:43:09        all      7,59      0,00      3,04      0,00      0,00      0,51      0,76      0,00      0,00     88,10
13:43:09          0      9,00      0,00      4,00      0,00      0,00      2,00      3,00      0,00      0,00     82,00
13:43:09          1      8,00      0,00      3,00      0,00      0,00      0,00      0,00      0,00      0,00     89,00
13:43:09          2      8,08      0,00      2,02      0,00      0,00      0,00      0,00      0,00      0,00     89,90
13:43:09          3      5,21      0,00      3,12      0,00      0,00      0,00      0,00      0,00      0,00     91,67

13:43:09        CPU      %usr     %nice      %sys   %iowait    %steal      %irq     %soft    %guest    %gnice     %idle
13:43:10        all      0,25      0,00      0,25      0,00      0,00      0,25      0,25      0,00      0,00     99,00
13:43:10          0      0,98      0,00      0,00      0,00      0,00      0,98      0,98      0,00      0,00     97,06
13:43:10          1      0,00      0,00      0,00      0,00      0,00      0,00      0,00      0,00      0,00    100,00
13:43:10          2      0,00      0,00      1,00      0,00      0,00      0,00      0,00      0,00      0,00     99,00
13:43:10          3      0,00      0,00      0,00      0,00      0,00      0,00      0,00      0,00      0,00    100,00

13:43:10        CPU      %usr     %nice      %sys   %iowait    %steal      %irq     %soft    %guest    %gnice     %idle
13:43:11        all      0,00      0,00      0,00      0,00      0,00      0,00      0,25      0,00      0,00     99,75
13:43:11          0      0,00      0,00      0,00      0,00      0,00      0,00      0,00      0,00      0,00    100,00
13:43:11          1      0,00      0,00      0,00      0,00      0,00      0,00      0,00      0,00      0,00    100,00
13:43:11          2      0,00      0,00      0,00      0,00      0,00      0,00      0,00      0,00      0,00    100,00
13:43:11          3      0,00      0,00      0,00      0,00      0,00      0,00      0,99      0,00      0,00     99,01

13:43:11        CPU      %usr     %nice      %sys   %iowait    %steal      %irq     %soft    %guest    %gnice     %idle
13:43:12        all      7,27      0,00      4,51      0,00      0,00      0,50      0,50      0,00      0,00     87,22
13:43:12          0      7,14      0,00     11,22      0,00      0,00      1,02      2,04      0,00      0,00     78,57
13:43:12          1      7,92      0,00      2,97      0,00      0,00      0,00      0,00      0,00      0,00     89,11
13:43:12          2      7,07      0,00      1,01      0,00      0,00      0,00      0,00      0,00      0,00     91,92
13:43:12          3      6,93      0,00      2,97      0,00      0,00      0,99      0,00      0,00      0,00     89,11

13:43:12        CPU      %usr     %nice      %sys   %iowait    %steal      %irq     %soft    %guest    %gnice     %idle
13:43:13        all     24,44      0,00      9,98      0,00      0,00      1,25      1,50      0,00      0,00     62,84
13:43:13          0     21,21      0,00     12,12      0,00      0,00      4,04      6,06      0,00      0,00     56,57
13:43:13          1     25,74      0,00      7,92      0,00      0,00      0,99      0,00      0,00      0,00     65,35
13:43:13          2     25,00      0,00     10,00      0,00      0,00      0,00      0,00      0,00      0,00     65,00
13:43:13          3     25,74      0,00      9,90      0,00      0,00      0,00      0,00      0,00      0,00     64,36

13:43:13        CPU      %usr     %nice      %sys   %iowait    %steal      %irq     %soft    %guest    %gnice     %idle
13:43:14        all     10,39      0,00      5,19      0,00      0,00      0,52      1,30      0,00      0,00     82,60
13:43:14          0     10,42      0,00      5,21      0,00      0,00      2,08      5,21      0,00      0,00     77,08
13:43:14          1      9,28      0,00      4,12      0,00      0,00      0,00      0,00      0,00      0,00     86,60
13:43:14          2      9,38      0,00      5,21      0,00      0,00      0,00      0,00      0,00      0,00     85,42
13:43:14          3     12,50      0,00      6,25      0,00      0,00      0,00      0,00      0,00      0,00     81,25

13:43:14        CPU      %usr     %nice      %sys   %iowait    %steal      %irq     %soft    %guest    %gnice     %idle
13:43:15        all      0,25      0,00      0,00      0,25      0,00      0,00      0,00      0,00      0,00     99,50
13:43:15          0      0,00      0,00      0,00      0,00      0,00      0,00      0,00      0,00      0,00    100,00
13:43:15          1      0,00      0,00      0,00      1,00      0,00      0,00      0,00      0,00      0,00     99,00
13:43:15          2      1,00      0,00      0,00      0,00      0,00      0,00      0,00      0,00      0,00     99,00
13:43:15          3      0,00      0,00      0,00      0,00      0,00      0,00      0,00      0,00      0,00    100,00

13:43:15        CPU      %usr     %nice      %sys   %iowait    %steal      %irq     %soft    %guest    %gnice     %idle
13:43:16        all      0,25      0,00      0,00      0,00      0,00      0,00      0,00      0,00      0,00     99,75
13:43:16          0      0,99      0,00      0,00      0,00      0,00      0,00      0,00      0,00      0,00     99,01
13:43:16          1      0,00      0,00      0,00      0,00      0,00      0,00      0,00      0,00      0,00    100,00
13:43:16          2      0,00      0,00      0,00      0,00      0,00      0,00      0,00      0,00      0,00    100,00
13:43:16          3      0,00      0,00      0,00      0,00      0,00      0,00      0,00      0,00      0,00    100,00

13:43:16        CPU      %usr     %nice      %sys   %iowait    %steal      %irq     %soft    %guest    %gnice     %idle
13:43:17        all      7,23      0,00      2,49      0,00      0,00      0,75      0,75      0,00      0,00     88,78
13:43:17          0      6,00      0,00      3,00      0,00      0,00      2,00      3,00      0,00      0,00     86,00
13:43:17          1      8,00      0,00      2,00      0,00      0,00      0,00      0,00      0,00      0,00     90,00
13:43:17          2      7,00      0,00      2,00      0,00      0,00      1,00      0,00      0,00      0,00     90,00
13:43:17          3      7,92      0,00      2,97      0,00      0,00      0,00      0,00      0,00      0,00     89,11

13:43:17        CPU      %usr     %nice      %sys   %iowait    %steal      %irq     %soft    %guest    %gnice     %idle
13:43:18        all     14,68      0,00      4,81      0,25      0,00      0,76      1,52      0,00      0,00     77,97
13:43:18          0     15,46      0,00      5,15      0,00      0,00      3,09      6,19      0,00      0,00     70,10
13:43:18          1     14,00      0,00      5,00      1,00      0,00      0,00      0,00      0,00      0,00     80,00
13:43:18          2     15,00      0,00      4,00      0,00      0,00      0,00      0,00      0,00      0,00     81,00
13:43:18          3     14,29      0,00      5,10      0,00      0,00      0,00      0,00      0,00      0,00     80,61

13:43:18        CPU      %usr     %nice      %sys   %iowait    %steal      %irq     %soft    %guest    %gnice     %idle
13:43:19        all     13,42      0,00      3,80      0,00      0,00      0,76      1,01      0,00      0,00     81,01
13:43:19          0     15,15      0,00      4,04      0,00      0,00      3,03      4,04      0,00      0,00     73,74
13:43:19          1     13,13      0,00      4,04      0,00      0,00      0,00      0,00      0,00      0,00     82,83
13:43:19          2     13,27      0,00      3,06      0,00      0,00      0,00      0,00      0,00      0,00     83,67
13:43:19          3     12,12      0,00      4,04      0,00      0,00      0,00      0,00      0,00      0,00     83,84

13:43:19        CPU      %usr     %nice      %sys   %iowait    %steal      %irq     %soft    %guest    %gnice     %idle
13:43:20        all      0,50      0,00      0,50      0,25      0,00      0,00      0,25      0,00      0,00     98,50
13:43:20          0      0,00      0,00      0,00      0,00      0,00      0,00      1,00      0,00      0,00     99,00
13:43:20          1      1,00      0,00      0,00      1,00      0,00      0,00      0,00      0,00      0,00     98,00
13:43:20          2      1,00      0,00      1,00      0,00      0,00      0,00      0,00      0,00      0,00     98,00
13:43:20          3      0,00      0,00      1,00      0,00      0,00      0,00      0,00      0,00      0,00     99,00

13:43:20        CPU      %usr     %nice      %sys   %iowait    %steal      %irq     %soft    %guest    %gnice     %idle
13:43:21        all      0,25      0,00      0,25      0,25      0,00      0,00      0,00      0,00      0,00     99,25
13:43:21          0      0,00      0,00      1,00      0,00      0,00      0,00      0,00      0,00      0,00     99,00
13:43:21          1      0,00      0,00      0,00      1,00      0,00      0,00      0,00      0,00      0,00     99,00
13:43:21          2      0,99      0,00      0,00      0,00      0,00      0,00      0,00      0,00      0,00     99,01
13:43:21          3      0,00      0,00      0,00      0,00      0,00      0,00      0,00      0,00      0,00    100,00

13:43:21        CPU      %usr     %nice      %sys   %iowait    %steal      %irq     %soft    %guest    %gnice     %idle
13:43:22        all      6,50      0,00      2,00      0,00      0,00      0,75      0,75      0,00      0,00     90,00
13:43:22          0      7,92      0,00      1,98      0,00      0,00      1,98      1,98      0,00      0,00     86,14
13:43:22          1      6,06      0,00      2,02      0,00      0,00      0,00      0,00      0,00      0,00     91,92
13:43:22          2      5,00      0,00      3,00      0,00      0,00      0,00      1,00      0,00      0,00     91,00
13:43:22          3      7,00      0,00      1,00      0,00      0,00      1,00      0,00      0,00      0,00     91,00

13:43:22        CPU      %usr     %nice      %sys   %iowait    %steal      %irq     %soft    %guest    %gnice     %idle
13:43:23        all     18,94      0,00      7,58      0,00      0,00      1,01      1,52      0,00      0,00     70,96
13:43:23          0     19,00      0,00      8,00      0,00      0,00      3,00      6,00      0,00      0,00     64,00
13:43:23          1     21,21      0,00      8,08      0,00      0,00      1,01      0,00      0,00      0,00     69,70
13:43:23          2     16,33      0,00      7,14      0,00      0,00      0,00      0,00      0,00      0,00     76,53
13:43:23          3     19,19      0,00      7,07      0,00      0,00      0,00      0,00      0,00      0,00     73,74

13:43:23        CPU      %usr     %nice      %sys   %iowait    %steal      %irq     %soft    %guest    %gnice     %idle
13:43:24        all      9,60      0,00      3,28      0,00      0,00      0,51      0,76      0,00      0,00     85,86
13:43:24          0     11,11      0,00      4,04      0,00      0,00      2,02      3,03      0,00      0,00     79,80
13:43:24          1     10,00      0,00      3,00      0,00      0,00      0,00      0,00      0,00      0,00     87,00
13:43:24          2      9,09      0,00      3,03      0,00      0,00      0,00      0,00      0,00      0,00     87,88
13:43:24          3      8,16      0,00      3,06      0,00      0,00      0,00      0,00      0,00      0,00     88,78

13:43:24        CPU      %usr     %nice      %sys   %iowait    %steal      %irq     %soft    %guest    %gnice     %idle
13:43:25        all      6,00      0,00      2,00      0,00      0,00      0,25      1,00      0,00      0,00     90,75
13:43:25          0      6,93      0,00      1,98      0,00      0,00      0,99      2,97      0,00      0,00     87,13
13:43:25          1      5,00      0,00      2,00      0,00      0,00      0,00      1,00      0,00      0,00     92,00
13:43:25          2      5,00      0,00      3,00      0,00      0,00      0,00      0,00      0,00      0,00     92,00
13:43:25          3      7,07      0,00      1,01      0,00      0,00      0,00      0,00      0,00      0,00     91,92

13:43:25        CPU      %usr     %nice      %sys   %iowait    %steal      %irq     %soft    %guest    %gnice     %idle
13:43:26        all      0,50      0,00      0,50      0,00      0,00      0,25      0,00      0,00      0,00     98,75
13:43:26          0      0,00      0,00      0,00      0,00      0,00      0,00      0,00      0,00      0,00    100,00
13:43:26          1      0,00      0,00      1,00      0,00      0,00      0,00      0,00      0,00      0,00     99,00
13:43:26          2      0,99      0,00      0,00      0,00      0,00      0,99      0,00      0,00      0,00     98,02
13:43:26          3      0,99      0,00      0,99      0,00      0,00      0,00      0,00      0,00      0,00     98,02

13:43:26        CPU      %usr     %nice      %sys   %iowait    %steal      %irq     %soft    %guest    %gnice     %idle
13:43:27        all      7,30      0,00      2,02      0,25      0,00      0,25      0,50      0,00      0,00     89,67
13:43:27          0      8,00      0,00      2,00      0,00      0,00      1,00      2,00      0,00      0,00     87,00
13:43:27          1      7,00      0,00      3,00      1,00      0,00      0,00      0,00      0,00      0,00     89,00
13:43:27          2      7,07      0,00      2,02      0,00      0,00      0,00      0,00      0,00      0,00     90,91
13:43:27          3      7,14      0,00      1,02      0,00      0,00      0,00      0,00      0,00      0,00     91,84

13:43:27        CPU      %usr     %nice      %sys   %iowait    %steal      %irq     %soft    %guest    %gnice     %idle
13:43:28        all     20,76      0,00      9,11      0,00      0,00      1,27      1,52      0,00      0,00     67,34
13:43:28          0     20,20      0,00      9,09      0,00      0,00      4,04      6,06      0,00      0,00     60,61
13:43:28          1     20,41      0,00      6,12      0,00      0,00      0,00      0,00      0,00      0,00     73,47
13:43:28          2     19,39      0,00      9,18      0,00      0,00      0,00      0,00      0,00      0,00     71,43
13:43:28          3     23,00      0,00     12,00      0,00      0,00      1,00      0,00      0,00      0,00     64,00

13:43:28        CPU      %usr     %nice      %sys   %iowait    %steal      %irq     %soft    %guest    %gnice     %idle
13:43:29        all     22,59      0,00     10,15      0,25      0,00      0,51      0,76      0,00      0,00     65,74
13:43:29          0     17,35      0,00      9,18      0,00      0,00      2,04      3,06      0,00      0,00     68,37
13:43:29          1     24,24      0,00     10,10      1,01      0,00      0,00      0,00      0,00      0,00     64,65
13:43:29          2     15,31      0,00      8,16      0,00      0,00      0,00      0,00      0,00      0,00     76,53
13:43:29          3     33,33      0,00     13,13      0,00      0,00      0,00      0,00      0,00      0,00     53,54

13:43:29        CPU      %usr     %nice      %sys   %iowait    %steal      %irq     %soft    %guest    %gnice     %idle
13:43:30        all     11,56      0,00      4,77      0,00      0,00      0,75      1,01      0,00      0,00     81,91
13:43:30          0     12,00      0,00      6,00      0,00      0,00      1,00      4,00      0,00      0,00     77,00
13:43:30          1     11,11      0,00      4,04      0,00      0,00      1,01      0,00      0,00      0,00     83,84
13:43:30          2     11,88      0,00      4,95      0,00      0,00      0,99      0,00      0,00      0,00     82,18
13:43:30          3     11,22      0,00      4,08      0,00      0,00      0,00      0,00      0,00      0,00     84,69

13:43:30        CPU      %usr     %nice      %sys   %iowait    %steal      %irq     %soft    %guest    %gnice     %idle
13:43:31        all      0,00      0,00      0,00      0,00      0,00      0,00      0,00      0,00      0,00    100,00
13:43:31          0      0,00      0,00      0,00      0,00      0,00      0,00      0,00      0,00      0,00    100,00
13:43:31          1      0,00      0,00      0,00      0,00      0,00      0,00      0,00      0,00      0,00    100,00
13:43:31          2      0,00      0,00      0,00      0,00      0,00      0,00      0,00      0,00      0,00    100,00
13:43:31          3      0,00      0,00      0,00      0,00      0,00      0,00      0,00      0,00      0,00    100,00

13:43:31        CPU      %usr     %nice      %sys   %iowait    %steal      %irq     %soft    %guest    %gnice     %idle
13:43:32        all      6,00      0,00      2,50      0,00      0,00      0,50      1,00      0,00      0,00     90,00
13:43:32          0      5,94      0,00      2,97      0,00      0,00      1,98      2,97      0,00      0,00     86,14
13:43:32          1      7,07      0,00      1,01      0,00      0,00      0,00      0,00      0,00      0,00     91,92
13:43:32          2      6,00      0,00      3,00      0,00      0,00      0,00      0,00      0,00      0,00     91,00
13:43:32          3      5,00      0,00      3,00      0,00      0,00      0,00      1,00      0,00      0,00     91,00

13:43:32        CPU      %usr     %nice      %sys   %iowait    %steal      %irq     %soft    %guest    %gnice     %idle
13:43:33        all     19,13      0,00      9,69      0,51      0,00      0,77      1,28      0,00      0,00     68,62
13:43:33          0     20,20      0,00     11,11      2,02      0,00      3,03      5,05      0,00      0,00     58,59
13:43:33          1     18,95      0,00      8,42      0,00      0,00      0,00      0,00      0,00      0,00     72,63
13:43:33          2     18,37      0,00      9,18      0,00      0,00      0,00      0,00      0,00      0,00     72,45
13:43:33          3     19,00      0,00     10,00      0,00      0,00      0,00      0,00      0,00      0,00     71,00

13:43:33        CPU      %usr     %nice      %sys   %iowait    %steal      %irq     %soft    %guest    %gnice     %idle
13:43:34        all      9,05      0,00      5,03      0,00      0,00      0,75      1,01      0,00      0,00     84,17
13:43:34          0      8,00      0,00     12,00      0,00      0,00      2,00      4,00      0,00      0,00     74,00
13:43:34          1      9,09      0,00      3,03      0,00      0,00      0,00      0,00      0,00      0,00     87,88
13:43:34          2      9,00      0,00      3,00      0,00      0,00      0,00      0,00      0,00      0,00     88,00
13:43:34          3     10,10      0,00      2,02      0,00      0,00      1,01      0,00      0,00      0,00     86,87

13:43:34        CPU      %usr     %nice      %sys   %iowait    %steal      %irq     %soft    %guest    %gnice     %idle
13:43:35        all      8,46      0,00      2,74      0,50      0,00      0,50      0,75      0,00      0,00     87,06
13:43:35          0      9,00      0,00      3,00      0,00      0,00      2,00      3,00      0,00      0,00     83,00
13:43:35          1      7,77      0,00      3,88      0,97      0,00      0,00      0,00      0,00      0,00     87,38
13:43:35          2      8,08      0,00      2,02      1,01      0,00      0,00      0,00      0,00      0,00     88,89
13:43:35          3      9,00      0,00      2,00      0,00      0,00      0,00      0,00      0,00      0,00     89,00

13:43:35        CPU      %usr     %nice      %sys   %iowait    %steal      %irq     %soft    %guest    %gnice     %idle
13:43:36        all      1,75      0,00      0,25      0,00      0,00      0,00      0,00      0,00      0,00     98,00
13:43:36          0      2,00      0,00      0,00      0,00      0,00      0,00      0,00      0,00      0,00     98,00
13:43:36          1      1,01      0,00      0,00      0,00      0,00      0,00      0,00      0,00      0,00     98,99
13:43:36          2      1,96      0,00      0,98      0,00      0,00      0,00      0,00      0,00      0,00     97,06
13:43:36          3      2,00      0,00      0,00      0,00      0,00      0,00      0,00      0,00      0,00     98,00

13:43:36        CPU      %usr     %nice      %sys   %iowait    %steal      %irq     %soft    %guest    %gnice     %idle
13:43:37        all      5,54      0,00      2,52      0,00      0,00      0,50      0,76      0,00      0,00     90,68
13:43:37          0      5,00      0,00      3,00      0,00      0,00      2,00      3,00      0,00      0,00     87,00
13:43:37          1      6,06      0,00      2,02      0,00      0,00      0,00      0,00      0,00      0,00     91,92
13:43:37          2      6,06      0,00      2,02      0,00      0,00      0,00      0,00      0,00      0,00     91,92
13:43:37          3      5,05      0,00      3,03      0,00      0,00      0,00      0,00      0,00      0,00     91,92

13:43:37        CPU      %usr     %nice      %sys   %iowait    %steal      %irq     %soft    %guest    %gnice     %idle
13:43:38        all     13,32      0,00      4,27      0,00      0,00      1,01      1,26      0,00      0,00     80,15
13:43:38          0     15,15      0,00      4,04      0,00      0,00      3,03      5,05      0,00      0,00     72,73
13:43:38          1     13,73      0,00      3,92      0,00      0,00      0,98      0,00      0,00      0,00     81,37
13:43:38          2     11,22      0,00      5,10      0,00      0,00      0,00      0,00      0,00      0,00     83,67
13:43:38          3     13,13      0,00      4,04      0,00      0,00      0,00      0,00      0,00      0,00     82,83

13:43:38        CPU      %usr     %nice      %sys   %iowait    %steal      %irq     %soft    %guest    %gnice     %idle
13:43:39        all     13,78      0,00      5,76      0,00      0,00      1,00      1,00      0,00      0,00     78,45
13:43:39          0     12,24      0,00      6,12      0,00      0,00      2,04      4,08      0,00      0,00     75,51
13:43:39          1     15,00      0,00      6,00      0,00      0,00      0,00      0,00      0,00      0,00     79,00
13:43:39          2     14,00      0,00      5,00      0,00      0,00      1,00      0,00      0,00      0,00     80,00
13:43:39          3     13,86      0,00      5,94      0,00      0,00      0,99      0,00      0,00      0,00     79,21

13:43:39        CPU      %usr     %nice      %sys   %iowait    %steal      %irq     %soft    %guest    %gnice     %idle
13:43:40        all      8,79      0,00      2,51      0,00      0,00      0,50      0,75      0,00      0,00     87,44
13:43:40          0     10,10      0,00      3,03      0,00      0,00      2,02      3,03      0,00      0,00     81,82
13:43:40          1      8,00      0,00      3,00      0,00      0,00      0,00      0,00      0,00      0,00     89,00
13:43:40          2      8,08      0,00      2,02      0,00      0,00      0,00      0,00      0,00      0,00     89,90
13:43:40          3      9,00      0,00      2,00      0,00      0,00      0,00      0,00      0,00      0,00     89,00

13:43:40        CPU      %usr     %nice      %sys   %iowait    %steal      %irq     %soft    %guest    %gnice     %idle
13:43:41        all      0,25      0,00      0,50      0,25      0,00      0,00      0,50      0,00      0,00     98,50
13:43:41          0      0,00      0,00      0,00      0,00      0,00      0,00      1,00      0,00      0,00     99,00
13:43:41          1      0,00      0,00      0,00      1,01      0,00      0,00      0,00      0,00      0,00     98,99
13:43:41          2      0,98      0,00      0,98      0,00      0,00      0,00      0,98      0,00      0,00     97,06
13:43:41          3      0,00      0,00      1,00      0,00      0,00      0,00      0,00      0,00      0,00     99,00

13:43:41        CPU      %usr     %nice      %sys   %iowait    %steal      %irq     %soft    %guest    %gnice     %idle
13:43:42        all      8,08      0,00      2,53      0,00      0,00      0,51      0,76      0,00      0,00     88,13
13:43:42          0      6,06      0,00      4,04      0,00      0,00      2,02      3,03      0,00      0,00     84,85
13:43:42          1      8,91      0,00      2,97      0,00      0,00      0,00      0,00      0,00      0,00     88,12
13:43:42          2      9,18      0,00      1,02      0,00      0,00      0,00      0,00      0,00      0,00     89,80
13:43:42          3      8,16      0,00      2,04      0,00      0,00      0,00      0,00      0,00      0,00     89,80

13:43:42        CPU      %usr     %nice      %sys   %iowait    %steal      %irq     %soft    %guest    %gnice     %idle
13:43:43        all      6,05      0,00      2,27      0,76      0,00      0,25      0,50      0,00      0,00     90,18
13:43:43          0      5,15      0,00      2,06      0,00      0,00      1,03      2,06      0,00      0,00     89,69
13:43:43          1      6,06      0,00      2,02      0,00      0,00      0,00      0,00      0,00      0,00     91,92
13:43:43          2      5,94      0,00      2,97      0,00      0,00      0,00      0,00      0,00      0,00     91,09
13:43:43          3      7,00      0,00      2,00      3,00      0,00      0,00      0,00      0,00      0,00     88,00

13:43:43        CPU      %usr     %nice      %sys   %iowait    %steal      %irq     %soft    %guest    %gnice     %idle
13:43:44        all     13,20      0,00      4,31      0,00      0,00      0,76      1,52      0,00      0,00     80,20
13:43:44          0     13,13      0,00      6,06      0,00      0,00      3,03      5,05      0,00      0,00     72,73
13:43:44          1     13,00      0,00      4,00      0,00      0,00      0,00      1,00      0,00      0,00     82,00
13:43:44          2     13,40      0,00      3,09      0,00      0,00      0,00      0,00      0,00      0,00     83,51
13:43:44          3     13,27      0,00      4,08      0,00      0,00      0,00      0,00      0,00      0,00     82,65

13:43:44        CPU      %usr     %nice      %sys   %iowait    %steal      %irq     %soft    %guest    %gnice     %idle
13:43:45        all     14,18      0,00      4,48      0,00      0,00      1,00      1,24      0,00      0,00     79,10
13:43:45          0     13,00      0,00      6,00      0,00      0,00      3,00      5,00      0,00      0,00     73,00
13:43:45          1     15,00      0,00      4,00      0,00      0,00      0,00      0,00      0,00      0,00     81,00
13:43:45          2     14,71      0,00      3,92      0,00      0,00      0,98      0,00      0,00      0,00     80,39
13:43:45          3     14,00      0,00      4,00      0,00      0,00      0,00      0,00      0,00      0,00     82,00

13:43:45        CPU      %usr     %nice      %sys   %iowait    %steal      %irq     %soft    %guest    %gnice     %idle
13:43:46        all      0,75      0,00      0,25      0,00      0,00      0,25      0,00      0,00      0,00     98,75
13:43:46          0      1,01      0,00      0,00      0,00      0,00      0,00      0,00      0,00      0,00     98,99
13:43:46          1      0,00      0,00      0,00      0,00      0,00      1,00      0,00      0,00      0,00     99,00
13:43:46          2      1,00      0,00      0,00      0,00      0,00      0,00      0,00      0,00      0,00     99,00
13:43:46          3      0,99      0,00      0,99      0,00      0,00      0,00      0,00      0,00      0,00     98,02

13:43:46        CPU      %usr     %nice      %sys   %iowait    %steal      %irq     %soft    %guest    %gnice     %idle
13:43:47        all      7,98      0,00      3,49      0,00      0,00      0,50      0,75      0,00      0,00     87,28
13:43:47          0      8,91      0,00      3,96      0,00      0,00      0,99      2,97      0,00      0,00     83,17
13:43:47          1      8,00      0,00      4,00      0,00      0,00      0,00      0,00      0,00      0,00     88,00
13:43:47          2      8,00      0,00      3,00      0,00      0,00      0,00      0,00      0,00      0,00     89,00
13:43:47          3      7,00      0,00      3,00      0,00      0,00      1,00      0,00      0,00      0,00     89,00

13:43:47        CPU      %usr     %nice      %sys   %iowait    %steal      %irq     %soft    %guest    %gnice     %idle
13:43:48        all      5,84      0,00      2,03      0,00      0,00      0,51      0,51      0,00      0,00     91,12
13:43:48          0      6,12      0,00      2,04      0,00      0,00      2,04      2,04      0,00      0,00     87,76
13:43:48          1      6,06      0,00      2,02      0,00      0,00      0,00      0,00      0,00      0,00     91,92
13:43:48          2      6,00      0,00      3,00      0,00      0,00      0,00      0,00      0,00      0,00     91,00
13:43:48          3      5,15      0,00      1,03      0,00      0,00      0,00      0,00      0,00      0,00     93,81

13:43:48        CPU      %usr     %nice      %sys   %iowait    %steal      %irq     %soft    %guest    %gnice     %idle
13:43:49        all     23,81      0,00     10,53      0,25      0,00      0,75      1,50      0,00      0,00     63,16
13:43:49          0     21,21      0,00     13,13      0,00      0,00      3,03      6,06      0,00      0,00     56,57
13:43:49          1     23,00      0,00     12,00      1,00      0,00      0,00      0,00      0,00      0,00     64,00
13:43:49          2     26,00      0,00     10,00      0,00      0,00      0,00      0,00      0,00      0,00     64,00
13:43:49          3     25,00      0,00      7,00      0,00      0,00      0,00      0,00      0,00      0,00     68,00

13:43:49        CPU      %usr     %nice      %sys   %iowait    %steal      %irq     %soft    %guest    %gnice     %idle
13:43:50        all     29,26      0,00     12,21      0,00      0,00      0,51      1,27      0,00      0,00     56,74
13:43:50          0     25,51      0,00     12,24      0,00      0,00      2,04      5,10      0,00      0,00     55,10
13:43:50          1     29,29      0,00     10,10      0,00      0,00      0,00      0,00      0,00      0,00     60,61
13:43:50          2     37,76      0,00     18,37      0,00      0,00      0,00      0,00      0,00      0,00     43,88
13:43:50          3     24,49      0,00      8,16      0,00      0,00      0,00      0,00      0,00      0,00     67,35

13:43:50        CPU      %usr     %nice      %sys   %iowait    %steal      %irq     %soft    %guest    %gnice     %idle
13:43:51        all      1,25      0,00      0,00      0,00      0,00      0,25      0,25      0,00      0,00     98,25
13:43:51          0      1,00      0,00      0,00      0,00      0,00      1,00      0,00      0,00      0,00     98,00
13:43:51          1      1,01      0,00      0,00      0,00      0,00      0,00      0,00      0,00      0,00     98,99
13:43:51          2      1,00      0,00      0,00      0,00      0,00      0,00      0,00      0,00      0,00     99,00
13:43:51          3      1,98      0,00      0,00      0,00      0,00      0,00      0,99      0,00      0,00     97,03

13:43:51        CPU      %usr     %nice      %sys   %iowait    %steal      %irq     %soft    %guest    %gnice     %idle
13:43:52        all      8,17      0,00      3,22      0,00      0,00      0,25      0,74      0,00      0,00     87,62
13:43:52          0      8,82      0,00      3,92      0,00      0,00      0,98      2,94      0,00      0,00     83,33
13:43:52          1      7,00      0,00      3,00      0,00      0,00      0,00      0,00      0,00      0,00     90,00
13:43:52          2      8,00      0,00      3,00      0,00      0,00      0,00      0,00      0,00      0,00     89,00
13:43:52          3      8,82      0,00      2,94      0,00      0,00      0,00      0,00      0,00      0,00     88,24

13:43:52        CPU      %usr     %nice      %sys   %iowait    %steal      %irq     %soft    %guest    %gnice     %idle
13:43:53        all      7,50      0,00      2,00      1,00      0,00      1,00      0,50      0,00      0,00     88,00
13:43:53          0      8,08      0,00      2,02      0,00      0,00      1,01      2,02      0,00      0,00     86,87
13:43:53          1      7,00      0,00      2,00      4,00      0,00      1,00      0,00      0,00      0,00     86,00
13:43:53          2      7,92      0,00      1,98      0,00      0,00      0,99      0,00      0,00      0,00     89,11
13:43:53          3      7,00      0,00      2,00      0,00      0,00      1,00      0,00      0,00      0,00     90,00

Média:         CPU      %usr     %nice      %sys   %iowait    %steal      %irq     %soft    %guest    %gnice     %idle
Média:         all      8,16      0,00      3,28      0,10      0,00      0,47      0,71      0,00      0,00     87,28
Média:           0      8,10      0,00      3,77      0,03      0,00      1,53      2,72      0,00      0,00     83,86
Média:           1      8,11      0,00      3,05      0,27      0,00      0,12      0,05      0,00      0,00     88,41
Média:           2      8,21      0,00      3,25      0,03      0,00      0,12      0,03      0,00      0,00     88,36
Média:           3      8,23      0,00      3,05      0,05      0,00      0,13      0,05      0,00      0,00     88,48
