Linux 5.14.0-503.19.1.el9_5.x86_64 (localhost.localdomain) 	16/04/2025 	_x86_64_	(4 CPU)

13:50:09        CPU      %usr     %nice      %sys   %iowait    %steal      %irq     %soft    %guest    %gnice     %idle
13:50:10        all      0,00      0,00      1,00      0,00      0,00      0,00      0,00      0,00      0,00     99,00
13:50:10          0      0,00      0,00      3,96      0,00      0,00      0,00      0,00      0,00      0,00     96,04
13:50:10          1      0,00      0,00      0,00      0,00      0,00      0,00      0,00      0,00      0,00    100,00
13:50:10          2      0,00      0,00      0,00      0,00      0,00      0,00      0,00      0,00      0,00    100,00
13:50:10          3      0,00      0,00      0,00      0,00      0,00      0,00      0,00      0,00      0,00    100,00

13:50:10        CPU      %usr     %nice      %sys   %iowait    %steal      %irq     %soft    %guest    %gnice     %idle
13:50:11        all      0,00      0,00      0,00      0,00      0,00      0,00      0,00      0,00      0,00    100,00
13:50:11          0      0,00      0,00      0,00      0,00      0,00      0,00      0,00      0,00      0,00    100,00
13:50:11          1      0,00      0,00      0,00      0,00      0,00      0,00      0,00      0,00      0,00    100,00
13:50:11          2      0,00      0,00      0,00      0,00      0,00      0,00      0,00      0,00      0,00    100,00
13:50:11          3      0,00      0,00      0,00      0,00      0,00      0,00      0,00      0,00      0,00    100,00

13:50:11        CPU      %usr     %nice      %sys   %iowait    %steal      %irq     %soft    %guest    %gnice     %idle
13:50:12        all      0,00      0,00      0,00      0,00      0,00      0,00      0,00      0,00      0,00    100,00
13:50:12          0      0,00      0,00      0,00      0,00      0,00      0,00      0,00      0,00      0,00    100,00
13:50:12          1      0,00      0,00      0,00      0,00      0,00      0,00      0,00      0,00      0,00    100,00
13:50:12          2      0,00      0,00      0,00      0,00      0,00      0,00      0,00      0,00      0,00    100,00
13:50:12          3      0,00      0,00      0,00      0,00      0,00      0,00      0,00      0,00      0,00    100,00

13:50:12        CPU      %usr     %nice      %sys   %iowait    %steal      %irq     %soft    %guest    %gnice     %idle
13:50:13        all      0,00      0,00      0,00      0,25      0,00      0,50      1,25      0,00      0,00     98,00
13:50:13          0      0,00      0,00      0,00      0,00      0,00      2,02      5,05      0,00      0,00     92,93
13:50:13          1      0,00      0,00      0,00      0,99      0,00      0,00      0,00      0,00      0,00     99,01
13:50:13          2      0,00      0,00      0,00      0,00      0,00      0,00      0,00      0,00      0,00    100,00
13:50:13          3      0,00      0,00      0,00      0,00      0,00      0,00      0,00      0,00      0,00    100,00

13:50:13        CPU      %usr     %nice      %sys   %iowait    %steal      %irq     %soft    %guest    %gnice     %idle
13:50:14        all      0,00      0,00      0,00      0,00      0,00      0,75      1,50      0,00      0,00     97,76
13:50:14          0      0,00      0,00      0,00      0,00      0,00      2,97      5,94      0,00      0,00     91,09
13:50:14          1      0,00      0,00      0,00      0,00      0,00      0,00      0,00      0,00      0,00    100,00
13:50:14          2      0,00      0,00      0,00      0,00      0,00      0,00      0,00      0,00      0,00    100,00
13:50:14          3      0,00      0,00      0,00      0,00      0,00      0,00      0,00      0,00      0,00    100,00

13:50:14        CPU      %usr     %nice      %sys   %iowait    %steal      %irq     %soft    %guest    %gnice     %idle
13:50:15        all      0,00      0,00      0,00      0,00      0,00      0,25      0,25      0,00      0,00     99,50
13:50:15          0      0,00      0,00      0,00      0,00      0,00      1,01      1,01      0,00      0,00     97,98
13:50:15          1      0,00      0,00      0,00      0,00      0,00      0,00      0,00      0,00      0,00    100,00
13:50:15          2      0,00      0,00      0,00      0,00      0,00      0,00      0,00      0,00      0,00    100,00
13:50:15          3      0,00      0,00      0,00      0,00      0,00      0,00      0,00      0,00      0,00    100,00

13:50:15        CPU      %usr     %nice      %sys   %iowait    %steal      %irq     %soft    %guest    %gnice     %idle
13:50:16        all      0,00      0,00      0,00      0,00      0,00      0,00      0,00      0,00      0,00    100,00
13:50:16          0      0,00      0,00      0,00      0,00      0,00      0,00      0,00      0,00      0,00    100,00
13:50:16          1      0,00      0,00      0,00      0,00      0,00      0,00      0,00      0,00      0,00    100,00
13:50:16          2      0,00      0,00      0,00      0,00      0,00      0,00      0,00      0,00      0,00    100,00
13:50:16          3      0,00      0,00      0,00      0,00      0,00      0,00      0,00      0,00      0,00    100,00

13:50:16        CPU      %usr     %nice      %sys   %iowait    %steal      %irq     %soft    %guest    %gnice     %idle
13:50:17        all      0,00      0,00      0,00      0,00      0,00      0,00      0,00      0,00      0,00    100,00
13:50:17          0      0,00      0,00      0,00      0,00      0,00      0,00      0,00      0,00      0,00    100,00
13:50:17          1      0,00      0,00      0,00      0,00      0,00      0,00      0,00      0,00      0,00    100,00
13:50:17          2      0,00      0,00      0,00      0,00      0,00      0,00      0,00      0,00      0,00    100,00
13:50:17          3      0,00      0,00      0,00      0,00      0,00      0,00      0,00      0,00      0,00    100,00

13:50:17        CPU      %usr     %nice      %sys   %iowait    %steal      %irq     %soft    %guest    %gnice     %idle
13:50:18        all      0,00      0,00      0,00      0,00      0,00      0,50      0,75      0,00      0,00     98,75
13:50:18          0      0,00      0,00      0,00      0,00      0,00      2,00      3,00      0,00      0,00     95,00
13:50:18          1      0,00      0,00      0,00      0,00      0,00      0,00      0,00      0,00      0,00    100,00
13:50:18          2      0,00      0,00      0,00      0,00      0,00      0,00      0,00      0,00      0,00    100,00
13:50:18          3      0,00      0,00      0,00      0,00      0,00      0,00      0,00      0,00      0,00    100,00

13:50:18        CPU      %usr     %nice      %sys   %iowait    %steal      %irq     %soft    %guest    %gnice     %idle
13:50:19        all      0,00      0,00      0,00      0,25      0,00      0,50      1,50      0,00      0,00     97,74
13:50:19          0      0,00      0,00      0,00      0,00      0,00      2,02      6,06      0,00      0,00     91,92
13:50:19          1      0,00      0,00      0,00      1,00      0,00      0,00      0,00      0,00      0,00     99,00
13:50:19          2      0,00      0,00      0,00      0,00      0,00      0,00      0,00      0,00      0,00    100,00
13:50:19          3      0,00      0,00      0,00      0,00      0,00      0,00      0,00      0,00      0,00    100,00

13:50:19        CPU      %usr     %nice      %sys   %iowait    %steal      %irq     %soft    %guest    %gnice     %idle
13:50:20        all      0,00      0,00      0,25      0,00      0,00      0,50      0,75      0,00      0,00     98,50
13:50:20          0      0,00      0,00      0,00      0,00      0,00      2,00      3,00      0,00      0,00     95,00
13:50:20          1      0,00      0,00      0,99      0,00      0,00      0,00      0,00      0,00      0,00     99,01
13:50:20          2      0,00      0,00      0,00      0,00      0,00      0,00      0,00      0,00      0,00    100,00
13:50:20          3      0,00      0,00      0,00      0,00      0,00      0,00      0,00      0,00      0,00    100,00

13:50:20        CPU      %usr     %nice      %sys   %iowait    %steal      %irq     %soft    %guest    %gnice     %idle
13:50:21        all      0,00      0,00      0,00      0,00      0,00      0,00      0,00      0,00      0,00    100,00
13:50:21          0      0,00      0,00      0,00      0,00      0,00      0,00      0,00      0,00      0,00    100,00
13:50:21          1      0,00      0,00      0,00      0,00      0,00      0,00      0,00      0,00      0,00    100,00
13:50:21          2      0,00      0,00      0,00      0,00      0,00      0,00      0,00      0,00      0,00    100,00
13:50:21          3      0,00      0,00      0,00      0,00      0,00      0,00      0,00      0,00      0,00    100,00

13:50:21        CPU      %usr     %nice      %sys   %iowait    %steal      %irq     %soft    %guest    %gnice     %idle
13:50:22        all      0,25      0,00      0,00      0,00      0,00      0,00      0,00      0,00      0,00     99,75
13:50:22          0      0,00      0,00      0,00      0,00      0,00      0,00      0,00      0,00      0,00    100,00
13:50:22          1      1,00      0,00      0,00      0,00      0,00      0,00      0,00      0,00      0,00     99,00
13:50:22          2      0,00      0,00      0,00      0,00      0,00      0,00      0,00      0,00      0,00    100,00
13:50:22          3      0,00      0,00      0,00      0,00      0,00      0,00      0,00      0,00      0,00    100,00

13:50:22        CPU      %usr     %nice      %sys   %iowait    %steal      %irq     %soft    %guest    %gnice     %idle
13:50:23        all      6,84      0,00      3,04      0,25      0,00      0,51      1,27      0,00      0,00     88,10
13:50:23          0      8,00      0,00      3,00      0,00      0,00      2,00      5,00      0,00      0,00     82,00
13:50:23          1      6,12      0,00      3,06      1,02      0,00      0,00      0,00      0,00      0,00     89,80
13:50:23          2      6,12      0,00      3,06      0,00      0,00      0,00      0,00      0,00      0,00     90,82
13:50:23          3      7,07      0,00      3,03      0,00      0,00      0,00      0,00      0,00      0,00     89,90

13:50:23        CPU      %usr     %nice      %sys   %iowait    %steal      %irq     %soft    %guest    %gnice     %idle
13:50:24        all     12,94      0,00      5,08      0,25      0,00      1,02      2,54      0,00      0,00     78,17
13:50:24          0     13,27      0,00      6,12      0,00      0,00      3,06     10,20      0,00      0,00     67,35
13:50:24          1     13,13      0,00      5,05      1,01      0,00      0,00      0,00      0,00      0,00     80,81
13:50:24          2     13,00      0,00      5,00      0,00      0,00      1,00      0,00      0,00      0,00     81,00
13:50:24          3     12,37      0,00      4,12      0,00      0,00      0,00      0,00      0,00      0,00     83,51

13:50:24        CPU      %usr     %nice      %sys   %iowait    %steal      %irq     %soft    %guest    %gnice     %idle
13:50:25        all     10,67      0,00      3,72      0,00      0,00      0,99      1,99      0,00      0,00     82,63
13:50:25          0     11,11      0,00      3,03      0,00      0,00      3,03      7,07      0,00      0,00     75,76
13:50:25          1     10,78      0,00      3,92      0,00      0,00      0,98      0,98      0,00      0,00     83,33
13:50:25          2     10,89      0,00      3,96      0,00      0,00      0,00      0,00      0,00      0,00     85,15
13:50:25          3      9,90      0,00      3,96      0,00      0,00      0,00      0,00      0,00      0,00     86,14

13:50:25        CPU      %usr     %nice      %sys   %iowait    %steal      %irq     %soft    %guest    %gnice     %idle
13:50:26        all      0,00      0,00      0,25      0,75      0,00      0,00      0,00      0,00      0,00     99,00
13:50:26          0      0,00      0,00      0,00      0,00      0,00      0,00      0,00      0,00      0,00    100,00
13:50:26          1      0,00      0,00      0,00      0,00      0,00      0,00      0,00      0,00      0,00    100,00
13:50:26          2      0,00      0,00      0,99      2,97      0,00      0,00      0,00      0,00      0,00     96,04
13:50:26          3      0,00      0,00      0,00      0,00      0,00      0,00      0,00      0,00      0,00    100,00

13:50:26        CPU      %usr     %nice      %sys   %iowait    %steal      %irq     %soft    %guest    %gnice     %idle
13:50:27        all      0,25      0,00      0,00      0,00      0,00      0,00      0,00      0,00      0,00     99,75
13:50:27          0      0,00      0,00      0,00      0,00      0,00      0,00      0,00      0,00      0,00    100,00
13:50:27          1      1,00      0,00      0,00      0,00      0,00      0,00      0,00      0,00      0,00     99,00
13:50:27          2      0,00      0,00      0,00      0,00      0,00      0,00      0,00      0,00      0,00    100,00
13:50:27          3      0,00      0,00      0,00      0,00      0,00      0,00      0,00      0,00      0,00    100,00

13:50:27        CPU      %usr     %nice      %sys   %iowait    %steal      %irq     %soft    %guest    %gnice     %idle
13:50:28        all      6,55      0,00      3,27      0,00      0,00      0,76      1,26      0,00      0,00     88,16
13:50:28          0      7,00      0,00      4,00      0,00      0,00      2,00      5,00      0,00      0,00     82,00
13:50:28          1      6,06      0,00      3,03      0,00      0,00      0,00      0,00      0,00      0,00     90,91
13:50:28          2      7,07      0,00      3,03      0,00      0,00      0,00      0,00      0,00      0,00     89,90
13:50:28          3      6,06      0,00      3,03      0,00      0,00      1,01      0,00      0,00      0,00     89,90

13:50:28        CPU      %usr     %nice      %sys   %iowait    %steal      %irq     %soft    %guest    %gnice     %idle
13:50:29        all     16,75      0,00      5,33      0,25      0,00      0,76      2,54      0,00      0,00     74,37
13:50:29          0     15,46      0,00      6,19      0,00      0,00      3,09     10,31      0,00      0,00     64,95
13:50:29          1     17,17      0,00      5,05      1,01      0,00      0,00      0,00      0,00      0,00     76,77
13:50:29          2     17,17      0,00      4,04      0,00      0,00      0,00      0,00      0,00      0,00     78,79
13:50:29          3     17,17      0,00      6,06      0,00      0,00      0,00      0,00      0,00      0,00     76,77

13:50:29        CPU      %usr     %nice      %sys   %iowait    %steal      %irq     %soft    %guest    %gnice     %idle
13:50:30        all     12,37      0,00      4,80      0,00      0,00      0,76      2,27      0,00      0,00     79,80
13:50:30          0     11,22      0,00      7,14      0,00      0,00      3,06      8,16      0,00      0,00     70,41
13:50:30          1     12,12      0,00      4,04      0,00      0,00      0,00      0,00      0,00      0,00     83,84
13:50:30          2     12,87      0,00      4,95      0,00      0,00      0,00      0,99      0,00      0,00     81,19
13:50:30          3     13,27      0,00      3,06      0,00      0,00      0,00      0,00      0,00      0,00     83,67

13:50:30        CPU      %usr     %nice      %sys   %iowait    %steal      %irq     %soft    %guest    %gnice     %idle
13:50:31        all      0,75      0,00      0,50      0,00      0,00      0,00      0,25      0,00      0,00     98,50
13:50:31          0      0,99      0,00      0,99      0,00      0,00      0,00      0,99      0,00      0,00     97,03
13:50:31          1      0,00      0,00      1,00      0,00      0,00      0,00      0,00      0,00      0,00     99,00
13:50:31          2      1,00      0,00      0,00      0,00      0,00      0,00      0,00      0,00      0,00     99,00
13:50:31          3      1,00      0,00      0,00      0,00      0,00      0,00      0,00      0,00      0,00     99,00

13:50:31        CPU      %usr     %nice      %sys   %iowait    %steal      %irq     %soft    %guest    %gnice     %idle
13:50:32        all      1,51      0,00      2,51      0,75      0,00      0,25      0,25      0,00      0,00     94,72
13:50:32          0      1,01      0,00      8,08      0,00      0,00      1,01      1,01      0,00      0,00     88,89
13:50:32          1      2,00      0,00      0,00      0,00      0,00      0,00      0,00      0,00      0,00     98,00
13:50:32          2      2,00      0,00      1,00      0,00      0,00      0,00      0,00      0,00      0,00     97,00
13:50:32          3      1,01      0,00      1,01      3,03      0,00      0,00      0,00      0,00      0,00     94,95

13:50:32        CPU      %usr     %nice      %sys   %iowait    %steal      %irq     %soft    %guest    %gnice     %idle
13:50:33        all      7,05      0,00      3,27      0,00      0,00      0,76      1,26      0,00      0,00     87,66
13:50:33          0      7,07      0,00      3,03      0,00      0,00      2,02      5,05      0,00      0,00     82,83
13:50:33          1      6,12      0,00      4,08      0,00      0,00      0,00      0,00      0,00      0,00     89,80
13:50:33          2      7,00      0,00      3,00      0,00      0,00      1,00      0,00      0,00      0,00     89,00
13:50:33          3      8,00      0,00      3,00      0,00      0,00      0,00      0,00      0,00      0,00     89,00

13:50:33        CPU      %usr     %nice      %sys   %iowait    %steal      %irq     %soft    %guest    %gnice     %idle
13:50:34        all      8,54      0,00      3,27      0,00      0,00      1,01      1,51      0,00      0,00     85,68
13:50:34          0      8,16      0,00      4,08      0,00      0,00      2,04      6,12      0,00      0,00     79,59
13:50:34          1      9,00      0,00      2,00      0,00      0,00      1,00      0,00      0,00      0,00     88,00
13:50:34          2      8,08      0,00      3,03      0,00      0,00      0,00      0,00      0,00      0,00     88,89
13:50:34          3      8,91      0,00      3,96      0,00      0,00      0,99      0,00      0,00      0,00     86,14

13:50:34        CPU      %usr     %nice      %sys   %iowait    %steal      %irq     %soft    %guest    %gnice     %idle
13:50:35        all     13,01      0,00      4,08      0,00      0,00      0,51      2,04      0,00      0,00     80,36
13:50:35          0     12,37      0,00      5,15      0,00      0,00      2,06      7,22      0,00      0,00     73,20
13:50:35          1     11,46      0,00      4,17      0,00      0,00      0,00      0,00      0,00      0,00     84,38
13:50:35          2     14,29      0,00      3,06      0,00      0,00      0,00      0,00      0,00      0,00     82,65
13:50:35          3     13,86      0,00      3,96      0,00      0,00      0,00      0,99      0,00      0,00     81,19

13:50:35        CPU      %usr     %nice      %sys   %iowait    %steal      %irq     %soft    %guest    %gnice     %idle
13:50:36        all      5,28      0,00      2,51      0,25      0,00      0,50      1,01      0,00      0,00     90,45
13:50:36          0      4,95      0,00      2,97      0,00      0,00      1,98      3,96      0,00      0,00     86,14
13:50:36          1      5,00      0,00      3,00      1,00      0,00      0,00      0,00      0,00      0,00     91,00
13:50:36          2      6,06      0,00      2,02      0,00      0,00      0,00      0,00      0,00      0,00     91,92
13:50:36          3      5,10      0,00      2,04      0,00      0,00      0,00      0,00      0,00      0,00     92,86

13:50:36        CPU      %usr     %nice      %sys   %iowait    %steal      %irq     %soft    %guest    %gnice     %idle
13:50:37        all      1,24      0,00      0,25      0,00      0,00      0,00      0,25      0,00      0,00     98,26
13:50:37          0      0,99      0,00      0,00      0,00      0,00      0,00      0,99      0,00      0,00     98,02
13:50:37          1      1,98      0,00      0,00      0,00      0,00      0,00      0,00      0,00      0,00     98,02
13:50:37          2      0,99      0,00      0,99      0,00      0,00      0,00      0,00      0,00      0,00     98,02
13:50:37          3      1,01      0,00      0,00      0,00      0,00      0,00      0,00      0,00      0,00     98,99

13:50:37        CPU      %usr     %nice      %sys   %iowait    %steal      %irq     %soft    %guest    %gnice     %idle
13:50:38        all      8,35      0,00      2,28      0,00      0,00      0,51      1,27      0,00      0,00     87,59
13:50:38          0      7,14      0,00      3,06      0,00      0,00      2,04      5,10      0,00      0,00     82,65
13:50:38          1      8,16      0,00      2,04      0,00      0,00      0,00      0,00      0,00      0,00     89,80
13:50:38          2     10,10      0,00      1,01      0,00      0,00      0,00      0,00      0,00      0,00     88,89
13:50:38          3      8,00      0,00      3,00      0,00      0,00      0,00      0,00      0,00      0,00     89,00

13:50:38        CPU      %usr     %nice      %sys   %iowait    %steal      %irq     %soft    %guest    %gnice     %idle
13:50:39        all      9,55      0,00      3,77      0,00      0,00      0,50      1,51      0,00      0,00     84,67
13:50:39          0      8,08      0,00      5,05      0,00      0,00      2,02      6,06      0,00      0,00     78,79
13:50:39          1     10,10      0,00      3,03      0,00      0,00      0,00      0,00      0,00      0,00     86,87
13:50:39          2      9,90      0,00      3,96      0,00      0,00      0,00      0,00      0,00      0,00     86,14
13:50:39          3     10,10      0,00      3,03      0,00      0,00      0,00      0,00      0,00      0,00     86,87

13:50:39        CPU      %usr     %nice      %sys   %iowait    %steal      %irq     %soft    %guest    %gnice     %idle
13:50:40        all      9,34      0,00      3,54      0,00      0,00      1,01      1,52      0,00      0,00     84,60
13:50:40          0      8,16      0,00      5,10      0,00      0,00      2,04      6,12      0,00      0,00     78,57
13:50:40          1      9,90      0,00      3,96      0,00      0,00      0,99      0,00      0,00      0,00     85,15
13:50:40          2     10,00      0,00      3,00      0,00      0,00      1,00      0,00      0,00      0,00     86,00
13:50:40          3      9,28      0,00      2,06      0,00      0,00      0,00      0,00      0,00      0,00     88,66

13:50:40        CPU      %usr     %nice      %sys   %iowait    %steal      %irq     %soft    %guest    %gnice     %idle
13:50:41        all     10,83      0,00      3,27      0,00      0,00      0,50      1,51      0,00      0,00     83,88
13:50:41          0      9,18      0,00      4,08      0,00      0,00      2,04      6,12      0,00      0,00     78,57
13:50:41          1     11,11      0,00      3,03      0,00      0,00      0,00      0,00      0,00      0,00     85,86
13:50:41          2     12,12      0,00      2,02      0,00      0,00      0,00      0,00      0,00      0,00     85,86
13:50:41          3     10,89      0,00      3,96      0,00      0,00      0,00      0,00      0,00      0,00     85,15

13:50:41        CPU      %usr     %nice      %sys   %iowait    %steal      %irq     %soft    %guest    %gnice     %idle
13:50:42        all      0,25      0,00      0,25      0,25      0,00      0,50      0,25      0,00      0,00     98,50
13:50:42          0      0,00      0,00      0,00      0,00      0,00      1,00      1,00      0,00      0,00     98,00
13:50:42          1      0,00      0,00      0,99      0,99      0,00      0,00      0,00      0,00      0,00     98,02
13:50:42          2      1,00      0,00      0,00      0,00      0,00      0,00      0,00      0,00      0,00     99,00
13:50:42          3      0,00      0,00      0,00      0,00      0,00      1,00      0,00      0,00      0,00     99,00

13:50:42        CPU      %usr     %nice      %sys   %iowait    %steal      %irq     %soft    %guest    %gnice     %idle
13:50:43        all      7,59      0,00      2,53      0,00      0,00      0,25      1,27      0,00      0,00     88,35
13:50:43          0      8,00      0,00      4,00      0,00      0,00      1,00      5,00      0,00      0,00     82,00
13:50:43          1      7,14      0,00      2,04      0,00      0,00      0,00      0,00      0,00      0,00     90,82
13:50:43          2      8,08      0,00      2,02      0,00      0,00      0,00      0,00      0,00      0,00     89,90
13:50:43          3      7,14      0,00      2,04      0,00      0,00      0,00      0,00      0,00      0,00     90,82

13:50:43        CPU      %usr     %nice      %sys   %iowait    %steal      %irq     %soft    %guest    %gnice     %idle
13:50:44        all     16,46      0,00      6,08      0,00      0,00      0,76      2,28      0,00      0,00     74,43
13:50:44          0     14,14      0,00      7,07      0,00      0,00      3,03      9,09      0,00      0,00     66,67
13:50:44          1     17,00      0,00      7,00      0,00      0,00      0,00      0,00      0,00      0,00     76,00
13:50:44          2     18,18      0,00      5,05      0,00      0,00      0,00      0,00      0,00      0,00     76,77
13:50:44          3     16,49      0,00      5,15      0,00      0,00      0,00      0,00      0,00      0,00     78,35

13:50:44        CPU      %usr     %nice      %sys   %iowait    %steal      %irq     %soft    %guest    %gnice     %idle
13:50:45        all      9,80      0,00      3,77      0,00      0,00      0,75      1,51      0,00      0,00     84,17
13:50:45          0      9,09      0,00      5,05      0,00      0,00      3,03      6,06      0,00      0,00     76,77
13:50:45          1     11,00      0,00      3,00      0,00      0,00      0,00      0,00      0,00      0,00     86,00
13:50:45          2      8,25      0,00      3,09      0,00      0,00      0,00      0,00      0,00      0,00     88,66
13:50:45          3     10,78      0,00      3,92      0,00      0,00      0,00      0,00      0,00      0,00     85,29

13:50:45        CPU      %usr     %nice      %sys   %iowait    %steal      %irq     %soft    %guest    %gnice     %idle
13:50:46        all      9,16      0,00      3,31      0,00      0,00      0,51      1,53      0,00      0,00     85,50
13:50:46          0     10,10      0,00      4,04      0,00      0,00      2,02      6,06      0,00      0,00     77,78
13:50:46          1      9,18      0,00      3,06      0,00      0,00      0,00      0,00      0,00      0,00     87,76
13:50:46          2      9,00      0,00      4,00      0,00      0,00      0,00      0,00      0,00      0,00     87,00
13:50:46          3      8,33      0,00      2,08      0,00      0,00      0,00      0,00      0,00      0,00     89,58

13:50:46        CPU      %usr     %nice      %sys   %iowait    %steal      %irq     %soft    %guest    %gnice     %idle
13:50:47        all      1,26      0,00      1,01      0,00      0,00      0,00      0,25      0,00      0,00     97,48
13:50:47          0      1,01      0,00      1,01      0,00      0,00      0,00      1,01      0,00      0,00     96,97
13:50:47          1      1,01      0,00      1,01      0,00      0,00      0,00      0,00      0,00      0,00     97,98
13:50:47          2      2,00      0,00      1,00      0,00      0,00      0,00      0,00      0,00      0,00     97,00
13:50:47          3      1,01      0,00      1,01      0,00      0,00      0,00      0,00      0,00      0,00     97,98

13:50:47        CPU      %usr     %nice      %sys   %iowait    %steal      %irq     %soft    %guest    %gnice     %idle
13:50:48        all      7,52      0,00      2,26      0,00      0,00      1,00      1,50      0,00      0,00     87,72
13:50:48          0      8,00      0,00      3,00      0,00      0,00      2,00      5,00      0,00      0,00     82,00
13:50:48          1      7,00      0,00      2,00      0,00      0,00      1,00      1,00      0,00      0,00     89,00
13:50:48          2      7,07      0,00      2,02      0,00      0,00      1,01      0,00      0,00      0,00     89,90
13:50:48          3      8,00      0,00      2,00      0,00      0,00      0,00      0,00      0,00      0,00     90,00

13:50:48        CPU      %usr     %nice      %sys   %iowait    %steal      %irq     %soft    %guest    %gnice     %idle
13:50:49        all     10,70      0,00      3,73      0,00      0,00      0,75      1,49      0,00      0,00     83,33
13:50:49          0      9,90      0,00      3,96      0,00      0,00      2,97      5,94      0,00      0,00     77,23
13:50:49          1     11,00      0,00      3,00      0,00      0,00      0,00      0,00      0,00      0,00     86,00
13:50:49          2      9,90      0,00      4,95      0,00      0,00      0,00      0,00      0,00      0,00     85,15
13:50:49          3     12,00      0,00      3,00      0,00      0,00      0,00      0,00      0,00      0,00     85,00

13:50:49        CPU      %usr     %nice      %sys   %iowait    %steal      %irq     %soft    %guest    %gnice     %idle
13:50:50        all     12,24      0,00      5,10      0,26      0,00      0,77      2,04      0,00      0,00     79,59
13:50:50          0     11,22      0,00      7,14      0,00      0,00      2,04      8,16      0,00      0,00     71,43
13:50:50          1     14,14      0,00      4,04      1,01      0,00      0,00      0,00      0,00      0,00     80,81
13:50:50          2     11,34      0,00      4,12      0,00      0,00      0,00      0,00      0,00      0,00     84,54
13:50:50          3     12,24      0,00      5,10      0,00      0,00      1,02      0,00      0,00      0,00     81,63

13:50:50        CPU      %usr     %nice      %sys   %iowait    %steal      %irq     %soft    %guest    %gnice     %idle
13:50:51        all      6,55      0,00      3,53      0,00      0,00      0,50      1,26      0,00      0,00     88,16
13:50:51          0      7,00      0,00      4,00      0,00      0,00      2,00      5,00      0,00      0,00     82,00
13:50:51          1      5,10      0,00      3,06      0,00      0,00      0,00      0,00      0,00      0,00     91,84
13:50:51          2      7,07      0,00      3,03      0,00      0,00      0,00      0,00      0,00      0,00     89,90
13:50:51          3      7,00      0,00      4,00      0,00      0,00      0,00      0,00      0,00      0,00     89,00

13:50:51        CPU      %usr     %nice      %sys   %iowait    %steal      %irq     %soft    %guest    %gnice     %idle
13:50:52        all      3,74      0,00      1,75      0,00      0,00      0,25      1,00      0,00      0,00     93,27
13:50:52          0      3,92      0,00      1,96      0,00      0,00      0,98      2,94      0,00      0,00     90,20
13:50:52          1      4,00      0,00      2,00      0,00      0,00      0,00      0,00      0,00      0,00     94,00
13:50:52          2      3,00      0,00      2,00      0,00      0,00      0,00      1,00      0,00      0,00     94,00
13:50:52          3      4,04      0,00      1,01      0,00      0,00      0,00      0,00      0,00      0,00     94,95

13:50:52        CPU      %usr     %nice      %sys   %iowait    %steal      %irq     %soft    %guest    %gnice     %idle
13:50:53        all      8,08      0,00      2,78      0,00      0,00      0,51      1,01      0,00      0,00     87,63
13:50:53          0      7,14      0,00      3,06      0,00      0,00      2,04      4,08      0,00      0,00     83,67
13:50:53          1      9,00      0,00      3,00      0,00      0,00      0,00      0,00      0,00      0,00     88,00
13:50:53          2      9,00      0,00      2,00      0,00      0,00      0,00      0,00      0,00      0,00     89,00
13:50:53          3      7,14      0,00      3,06      0,00      0,00      0,00      0,00      0,00      0,00     89,80

13:50:53        CPU      %usr     %nice      %sys   %iowait    %steal      %irq     %soft    %guest    %gnice     %idle
13:50:54        all      9,39      0,00      4,06      0,00      0,00      0,51      1,52      0,00      0,00     84,52
13:50:54          0      9,00      0,00      8,00      0,00      0,00      2,00      6,00      0,00      0,00     75,00
13:50:54          1     10,20      0,00      2,04      0,00      0,00      0,00      0,00      0,00      0,00     87,76
13:50:54          2     10,10      0,00      3,03      0,00      0,00      0,00      0,00      0,00      0,00     86,87
13:50:54          3      8,25      0,00      3,09      0,00      0,00      0,00      0,00      0,00      0,00     88,66

13:50:54        CPU      %usr     %nice      %sys   %iowait    %steal      %irq     %soft    %guest    %gnice     %idle
13:50:55        all      9,73      0,00      4,24      0,00      0,00      1,25      2,00      0,00      0,00     82,79
13:50:55          0      9,00      0,00      8,00      0,00      0,00      3,00      7,00      0,00      0,00     73,00
13:50:55          1     10,68      0,00      3,88      0,00      0,00      0,97      0,00      0,00      0,00     84,47
13:50:55          2     10,10      0,00      3,03      0,00      0,00      0,00      0,00      0,00      0,00     86,87
13:50:55          3      9,09      0,00      2,02      0,00      0,00      1,01      1,01      0,00      0,00     86,87

13:50:55        CPU      %usr     %nice      %sys   %iowait    %steal      %irq     %soft    %guest    %gnice     %idle
13:50:56        all      9,25      0,00      3,00      0,25      0,00      0,75      1,25      0,00      0,00     85,50
13:50:56          0      9,18      0,00      2,04      0,00      0,00      2,04      5,10      0,00      0,00     81,63
13:50:56          1      9,00      0,00      3,00      1,00      0,00      0,00      0,00      0,00      0,00     87,00
13:50:56          2      9,71      0,00      3,88      0,00      0,00      0,97      0,00      0,00      0,00     85,44
13:50:56          3      9,09      0,00      3,03      0,00      0,00      0,00      0,00      0,00      0,00     87,88

13:50:56        CPU      %usr     %nice      %sys   %iowait    %steal      %irq     %soft    %guest    %gnice     %idle
13:50:57        all      4,98      0,00      1,74      0,00      0,00      0,25      0,75      0,00      0,00     92,29
13:50:57          0      5,00      0,00      2,00      0,00      0,00      1,00      3,00      0,00      0,00     89,00
13:50:57          1      5,00      0,00      1,00      0,00      0,00      0,00      0,00      0,00      0,00     94,00
13:50:57          2      4,95      0,00      1,98      0,00      0,00      0,00      0,00      0,00      0,00     93,07
13:50:57          3      4,95      0,00      1,98      0,00      0,00      0,00      0,00      0,00      0,00     93,07

13:50:57        CPU      %usr     %nice      %sys   %iowait    %steal      %irq     %soft    %guest    %gnice     %idle
13:50:58        all      7,09      0,00      2,03      0,00      0,00      0,25      1,01      0,00      0,00     89,62
13:50:58          0      7,07      0,00      3,03      0,00      0,00      1,01      4,04      0,00      0,00     84,85
13:50:58          1      6,12      0,00      2,04      0,00      0,00      0,00      0,00      0,00      0,00     91,84
13:50:58          2      7,07      0,00      2,02      0,00      0,00      0,00      0,00      0,00      0,00     90,91
13:50:58          3      8,08      0,00      1,01      0,00      0,00      0,00      0,00      0,00      0,00     90,91

13:50:58        CPU      %usr     %nice      %sys   %iowait    %steal      %irq     %soft    %guest    %gnice     %idle
13:50:59        all      8,84      0,00      3,79      0,00      0,00      0,76      1,52      0,00      0,00     85,10
13:50:59          0      8,91      0,00      4,95      0,00      0,00      2,97      5,94      0,00      0,00     77,23
13:50:59          1      7,22      0,00      3,09      0,00      0,00      0,00      0,00      0,00      0,00     89,69
13:50:59          2     10,10      0,00      3,03      0,00      0,00      0,00      0,00      0,00      0,00     86,87
13:50:59          3      9,09      0,00      4,04      0,00      0,00      0,00      0,00      0,00      0,00     86,87

13:50:59        CPU      %usr     %nice      %sys   %iowait    %steal      %irq     %soft    %guest    %gnice     %idle
13:51:00        all      9,34      0,00      3,28      0,00      0,00      0,51      1,52      0,00      0,00     85,35
13:51:00          0      9,90      0,00      4,95      0,00      0,00      1,98      5,94      0,00      0,00     77,23
13:51:00          1      9,18      0,00      3,06      0,00      0,00      0,00      0,00      0,00      0,00     87,76
13:51:00          2      8,25      0,00      2,06      0,00      0,00      0,00      0,00      0,00      0,00     89,69
13:51:00          3     10,00      0,00      3,00      0,00      0,00      0,00      0,00      0,00      0,00     87,00

13:51:00        CPU      %usr     %nice      %sys   %iowait    %steal      %irq     %soft    %guest    %gnice     %idle
13:51:01        all      8,82      0,00      3,02      0,00      0,00      0,50      1,51      0,00      0,00     86,15
13:51:01          0      8,16      0,00      4,08      0,00      0,00      2,04      6,12      0,00      0,00     79,59
13:51:01          1      9,09      0,00      2,02      0,00      0,00      0,00      0,00      0,00      0,00     88,89
13:51:01          2      9,00      0,00      3,00      0,00      0,00      0,00      0,00      0,00      0,00     88,00
13:51:01          3      9,00      0,00      3,00      0,00      0,00      0,00      0,00      0,00      0,00     88,00

13:51:01        CPU      %usr     %nice      %sys   %iowait    %steal      %irq     %soft    %guest    %gnice     %idle
13:51:02        all      4,00      0,00      1,75      0,25      0,00      0,25      0,75      0,00      0,00     93,00
13:51:02          0      4,95      0,00      1,98      0,00      0,00      0,99      2,97      0,00      0,00     89,11
13:51:02          1      3,96      0,00      1,98      0,99      0,00      0,00      0,00      0,00      0,00     93,07
13:51:02          2      3,03      0,00      2,02      0,00      0,00      0,00      0,00      0,00      0,00     94,95
13:51:02          3      4,04      0,00      1,01      0,00      0,00      0,00      0,00      0,00      0,00     94,95

13:51:02        CPU      %usr     %nice      %sys   %iowait    %steal      %irq     %soft    %guest    %gnice     %idle
13:51:03        all      7,54      0,00      2,51      1,01      0,00      0,75      1,26      0,00      0,00     86,93
13:51:03          0      7,92      0,00      2,97      0,00      0,00      1,98      4,95      0,00      0,00     82,18
13:51:03          1      8,08      0,00      2,02      0,00      0,00      0,00      0,00      0,00      0,00     89,90
13:51:03          2      7,14      0,00      2,04      0,00      0,00      0,00      0,00      0,00      0,00     90,82
13:51:03          3      7,00      0,00      3,00      4,00      0,00      1,00      0,00      0,00      0,00     85,00

13:51:03        CPU      %usr     %nice      %sys   %iowait    %steal      %irq     %soft    %guest    %gnice     %idle
13:51:04        all      8,86      0,00      3,04      0,00      0,00      0,76      1,52      0,00      0,00     85,82
13:51:04          0     10,10      0,00      3,03      0,00      0,00      2,02      6,06      0,00      0,00     78,79
13:51:04          1      7,14      0,00      3,06      0,00      0,00      1,02      0,00      0,00      0,00     88,78
13:51:04          2      9,09      0,00      3,03      0,00      0,00      0,00      0,00      0,00      0,00     87,88
13:51:04          3      9,09      0,00      3,03      0,00      0,00      0,00      0,00      0,00      0,00     87,88

13:51:04        CPU      %usr     %nice      %sys   %iowait    %steal      %irq     %soft    %guest    %gnice     %idle
13:51:05        all      8,08      0,00      3,03      0,00      0,00      0,76      1,52      0,00      0,00     86,62
13:51:05          0      7,00      0,00      4,00      0,00      0,00      2,00      6,00      0,00      0,00     81,00
13:51:05          1      7,22      0,00      3,09      0,00      0,00      0,00      0,00      0,00      0,00     89,69
13:51:05          2      8,08      0,00      2,02      0,00      0,00      1,01      0,00      0,00      0,00     88,89
13:51:05          3     10,00      0,00      3,00      0,00      0,00      0,00      0,00      0,00      0,00     87,00

13:51:05        CPU      %usr     %nice      %sys   %iowait    %steal      %irq     %soft    %guest    %gnice     %idle
13:51:06        all      8,65      0,00      2,54      0,00      0,00      0,76      1,53      0,00      0,00     86,51
13:51:06          0      7,14      0,00      4,08      0,00      0,00      3,06      6,12      0,00      0,00     79,59
13:51:06          1      8,25      0,00      2,06      0,00      0,00      0,00      0,00      0,00      0,00     89,69
13:51:06          2      9,09      0,00      2,02      0,00      0,00      0,00      0,00      0,00      0,00     88,89
13:51:06          3     10,10      0,00      2,02      0,00      0,00      0,00      0,00      0,00      0,00     87,88

13:51:06        CPU      %usr     %nice      %sys   %iowait    %steal      %irq     %soft    %guest    %gnice     %idle
13:51:07        all      4,55      0,00      1,77      0,00      0,00      0,25      0,76      0,00      0,00     92,68
13:51:07          0      4,04      0,00      2,02      0,00      0,00      1,01      3,03      0,00      0,00     89,90
13:51:07          1      4,08      0,00      1,02      0,00      0,00      0,00      0,00      0,00      0,00     94,90
13:51:07          2      5,05      0,00      2,02      0,00      0,00      0,00      0,00      0,00      0,00     92,93
13:51:07          3      5,00      0,00      2,00      0,00      0,00      0,00      0,00      0,00      0,00     93,00

13:51:07        CPU      %usr     %nice      %sys   %iowait    %steal      %irq     %soft    %guest    %gnice     %idle
13:51:08        all      8,29      0,00      3,52      0,25      0,00      0,50      1,26      0,00      0,00     86,18
13:51:08          0      8,00      0,00      5,00      0,00      0,00      2,00      5,00      0,00      0,00     80,00
13:51:08          1      9,00      0,00      3,00      1,00      0,00      0,00      0,00      0,00      0,00     87,00
13:51:08          2      7,14      0,00      3,06      0,00      0,00      0,00      0,00      0,00      0,00     89,80
13:51:08          3      9,00      0,00      3,00      0,00      0,00      0,00      0,00      0,00      0,00     88,00

13:51:08        CPU      %usr     %nice      %sys   %iowait    %steal      %irq     %soft    %guest    %gnice     %idle
13:51:09        all      8,98      0,00      3,24      0,00      0,00      0,75      1,75      0,00      0,00     85,29
13:51:09          0      7,07      0,00      4,04      0,00      0,00      2,02      6,06      0,00      0,00     80,81
13:51:09          1      9,80      0,00      2,94      0,00      0,00      0,00      0,98      0,00      0,00     86,27
13:51:09          2      9,00      0,00      3,00      0,00      0,00      0,00      0,00      0,00      0,00     88,00
13:51:09          3     10,00      0,00      3,00      0,00      0,00      1,00      0,00      0,00      0,00     86,00

Média:         CPU      %usr     %nice      %sys   %iowait    %steal      %irq     %soft    %guest    %gnice     %idle
Média:         all      6,01      0,00      2,30      0,09      0,00      0,49      1,11      0,00      0,00     89,99
Média:           0      5,75      0,00      3,05      0,00      0,00      1,64      4,34      0,00      0,00     85,22
Média:           1      6,02      0,00      2,08      0,18      0,00      0,10      0,05      0,00      0,00     91,57
Média:           2      6,14      0,00      2,04      0,05      0,00      0,10      0,03      0,00      0,00     91,63
Média:           3      6,14      0,00      2,05      0,12      0,00      0,12      0,03      0,00      0,00     91,55
