Linux 5.14.0-503.19.1.el9_5.x86_64 (localhost.localdomain) 	16/04/2025 	_x86_64_	(4 CPU)

13:44:30        CPU      %usr     %nice      %sys   %iowait    %steal      %irq     %soft    %guest    %gnice     %idle
13:44:31        all      0,00      0,00      0,00      0,25      0,00      0,00      0,00      0,00      0,00     99,75
13:44:31          0      0,00      0,00      0,00      0,00      0,00      0,00      0,00      0,00      0,00    100,00
13:44:31          1      0,00      0,00      0,00      1,00      0,00      0,00      0,00      0,00      0,00     99,00
13:44:31          2      0,00      0,00      0,00      0,00      0,00      0,00      0,00      0,00      0,00    100,00
13:44:31          3      0,00      0,00      0,00      0,00      0,00      0,00      0,00      0,00      0,00    100,00

13:44:31        CPU      %usr     %nice      %sys   %iowait    %steal      %irq     %soft    %guest    %gnice     %idle
13:44:32        all      0,00      0,00      0,00      0,00      0,00      0,00      0,00      0,00      0,00    100,00
13:44:32          0      0,00      0,00      0,00      0,00      0,00      0,00      0,00      0,00      0,00    100,00
13:44:32          1      0,00      0,00      0,00      0,00      0,00      0,00      0,00      0,00      0,00    100,00
13:44:32          2      0,00      0,00      0,00      0,00      0,00      0,00      0,00      0,00      0,00    100,00
13:44:32          3      0,00      0,00      0,00      0,00      0,00      0,00      0,00      0,00      0,00    100,00

13:44:32        CPU      %usr     %nice      %sys   %iowait    %steal      %irq     %soft    %guest    %gnice     %idle
13:44:33        all      0,25      0,00      0,00      0,00      0,00      0,00      0,00      0,00      0,00     99,75
13:44:33          0      0,00      0,00      0,00      0,00      0,00      0,00      0,00      0,00      0,00    100,00
13:44:33          1      0,00      0,00      0,00      0,00      0,00      0,00      0,00      0,00      0,00    100,00
13:44:33          2      0,00      0,00      0,00      0,00      0,00      0,00      0,00      0,00      0,00    100,00
13:44:33          3      0,99      0,00      0,00      0,00      0,00      0,00      0,00      0,00      0,00     99,01

13:44:33        CPU      %usr     %nice      %sys   %iowait    %steal      %irq     %soft    %guest    %gnice     %idle
13:44:34        all     12,03      0,00      5,26      0,00      0,00      1,00      1,25      0,00      0,00     80,45
13:44:34          0     12,00      0,00      6,00      0,00      0,00      3,00      5,00      0,00      0,00     74,00
13:44:34          1     13,00      0,00      4,00      0,00      0,00      0,00      0,00      0,00      0,00     83,00
13:44:34          2     11,11      0,00      5,05      0,00      0,00      1,01      0,00      0,00      0,00     82,83
13:44:34          3     12,00      0,00      6,00      0,00      0,00      0,00      0,00      0,00      0,00     82,00

13:44:34        CPU      %usr     %nice      %sys   %iowait    %steal      %irq     %soft    %guest    %gnice     %idle
13:44:35        all     13,14      0,00      3,87      0,00      0,00      0,77      1,29      0,00      0,00     80,93
13:44:35          0     13,54      0,00      5,21      0,00      0,00      3,12      5,21      0,00      0,00     72,92
13:44:35          1     14,43      0,00      2,06      0,00      0,00      0,00      0,00      0,00      0,00     83,51
13:44:35          2     12,24      0,00      4,08      0,00      0,00      0,00      0,00      0,00      0,00     83,67
13:44:35          3     12,37      0,00      4,12      0,00      0,00      0,00      0,00      0,00      0,00     83,51

13:44:35        CPU      %usr     %nice      %sys   %iowait    %steal      %irq     %soft    %guest    %gnice     %idle
13:44:36        all      4,24      0,00      1,50      0,00      0,00      0,25      0,50      0,00      0,00     93,52
13:44:36          0      4,00      0,00      1,00      0,00      0,00      1,00      2,00      0,00      0,00     92,00
13:44:36          1      4,00      0,00      2,00      0,00      0,00      0,00      0,00      0,00      0,00     94,00
13:44:36          2      4,00      0,00      2,00      0,00      0,00      0,00      0,00      0,00      0,00     94,00
13:44:36          3      4,95      0,00      0,99      0,00      0,00      0,00      0,00      0,00      0,00     94,06

13:44:36        CPU      %usr     %nice      %sys   %iowait    %steal      %irq     %soft    %guest    %gnice     %idle
13:44:37        all      0,00      0,00      0,00      0,25      0,00      0,00      0,00      0,00      0,00     99,75
13:44:37          0      0,00      0,00      0,00      0,00      0,00      0,00      0,00      0,00      0,00    100,00
13:44:37          1      0,00      0,00      0,00      0,99      0,00      0,00      0,00      0,00      0,00     99,01
13:44:37          2      0,00      0,00      0,00      0,00      0,00      0,00      0,00      0,00      0,00    100,00
13:44:37          3      0,00      0,00      0,00      0,00      0,00      0,00      0,00      0,00      0,00    100,00

13:44:37        CPU      %usr     %nice      %sys   %iowait    %steal      %irq     %soft    %guest    %gnice     %idle
13:44:38        all      0,00      0,00      0,25      0,00      0,00      0,00      0,00      0,00      0,00     99,75
13:44:38          0      0,00      0,00      0,00      0,00      0,00      0,00      0,00      0,00      0,00    100,00
13:44:38          1      0,00      0,00      1,00      0,00      0,00      0,00      0,00      0,00      0,00     99,00
13:44:38          2      0,00      0,00      0,00      0,00      0,00      0,00      0,00      0,00      0,00    100,00
13:44:38          3      0,00      0,00      0,00      0,00      0,00      0,00      0,00      0,00      0,00    100,00

13:44:38        CPU      %usr     %nice      %sys   %iowait    %steal      %irq     %soft    %guest    %gnice     %idle
13:44:39        all      8,54      0,00      2,51      0,25      0,00      0,50      1,01      0,00      0,00     87,19
13:44:39          0      8,91      0,00      3,96      0,99      0,00      1,98      3,96      0,00      0,00     80,20
13:44:39          1      8,08      0,00      2,02      0,00      0,00      0,00      0,00      0,00      0,00     89,90
13:44:39          2      8,08      0,00      2,02      0,00      0,00      0,00      0,00      0,00      0,00     89,90
13:44:39          3      9,09      0,00      2,02      0,00      0,00      0,00      0,00      0,00      0,00     88,89

13:44:39        CPU      %usr     %nice      %sys   %iowait    %steal      %irq     %soft    %guest    %gnice     %idle
13:44:40        all     14,81      0,00      5,93      0,00      0,00      0,99      1,23      0,00      0,00     77,04
13:44:40          0     14,29      0,00      7,14      0,00      0,00      3,06      5,10      0,00      0,00     70,41
13:44:40          1     15,69      0,00      4,90      0,00      0,00      0,00      0,00      0,00      0,00     79,41
13:44:40          2     15,53      0,00      5,83      0,00      0,00      0,00      0,00      0,00      0,00     78,64
13:44:40          3     13,73      0,00      5,88      0,00      0,00      0,98      0,00      0,00      0,00     79,41

13:44:40        CPU      %usr     %nice      %sys   %iowait    %steal      %irq     %soft    %guest    %gnice     %idle
13:44:41        all      7,79      0,00      2,76      0,00      0,00      0,50      1,26      0,00      0,00     87,69
13:44:41          0      7,00      0,00      4,00      0,00      0,00      2,00      4,00      0,00      0,00     83,00
13:44:41          1      8,08      0,00      2,02      0,00      0,00      0,00      0,00      0,00      0,00     89,90
13:44:41          2      7,07      0,00      3,03      0,00      0,00      0,00      0,00      0,00      0,00     89,90
13:44:41          3      9,00      0,00      2,00      0,00      0,00      0,00      1,00      0,00      0,00     88,00

13:44:41        CPU      %usr     %nice      %sys   %iowait    %steal      %irq     %soft    %guest    %gnice     %idle
13:44:42        all      0,25      0,00      2,51      0,00      0,00      0,00      0,00      0,00      0,00     97,24
13:44:42          0      0,00      0,00      8,08      0,00      0,00      0,00      0,00      0,00      0,00     91,92
13:44:42          1      0,99      0,00      0,99      0,00      0,00      0,00      0,00      0,00      0,00     98,02
13:44:42          2      0,00      0,00      0,00      0,00      0,00      0,00      0,00      0,00      0,00    100,00
13:44:42          3      0,00      0,00      1,00      0,00      0,00      0,00      0,00      0,00      0,00     99,00

13:44:42        CPU      %usr     %nice      %sys   %iowait    %steal      %irq     %soft    %guest    %gnice     %idle
13:44:43        all      0,00      0,00      0,00      0,00      0,00      0,00      0,00      0,00      0,00    100,00
13:44:43          0      0,00      0,00      0,00      0,00      0,00      0,00      0,00      0,00      0,00    100,00
13:44:43          1      0,00      0,00      0,00      0,00      0,00      0,00      0,00      0,00      0,00    100,00
13:44:43          2      0,00      0,00      0,00      0,00      0,00      0,00      0,00      0,00      0,00    100,00
13:44:43          3      0,00      0,00      0,00      0,00      0,00      0,00      0,00      0,00      0,00    100,00

13:44:43        CPU      %usr     %nice      %sys   %iowait    %steal      %irq     %soft    %guest    %gnice     %idle
13:44:44        all      7,59      0,00      3,04      0,00      0,00      0,76      1,01      0,00      0,00     87,59
13:44:44          0      7,07      0,00      4,04      0,00      0,00      2,02      4,04      0,00      0,00     82,83
13:44:44          1      9,00      0,00      2,00      0,00      0,00      1,00      0,00      0,00      0,00     88,00
13:44:44          2      6,19      0,00      3,09      0,00      0,00      0,00      0,00      0,00      0,00     90,72
13:44:44          3      8,08      0,00      3,03      0,00      0,00      0,00      0,00      0,00      0,00     88,89

13:44:44        CPU      %usr     %nice      %sys   %iowait    %steal      %irq     %soft    %guest    %gnice     %idle
13:44:45        all     13,53      0,00      4,26      0,25      0,00      0,75      1,25      0,00      0,00     79,95
13:44:45          0     15,15      0,00      4,04      0,00      0,00      3,03      5,05      0,00      0,00     72,73
13:44:45          1     13,00      0,00      4,00      1,00      0,00      0,00      0,00      0,00      0,00     82,00
13:44:45          2     13,00      0,00      4,00      0,00      0,00      0,00      0,00      0,00      0,00     83,00
13:44:45          3     13,00      0,00      5,00      0,00      0,00      0,00      0,00      0,00      0,00     82,00

13:44:45        CPU      %usr     %nice      %sys   %iowait    %steal      %irq     %soft    %guest    %gnice     %idle
13:44:46        all      9,07      0,00      3,78      0,00      0,00      1,01      1,01      0,00      0,00     85,14
13:44:46          0     10,00      0,00      5,00      0,00      0,00      3,00      4,00      0,00      0,00     78,00
13:44:46          1      9,00      0,00      4,00      0,00      0,00      0,00      0,00      0,00      0,00     87,00
13:44:46          2      9,00      0,00      3,00      0,00      0,00      1,00      0,00      0,00      0,00     87,00
13:44:46          3      8,25      0,00      3,09      0,00      0,00      0,00      0,00      0,00      0,00     88,66

13:44:46        CPU      %usr     %nice      %sys   %iowait    %steal      %irq     %soft    %guest    %gnice     %idle
13:44:47        all      0,50      0,00      0,50      0,00      0,00      0,00      0,00      0,00      0,00     99,00
13:44:47          0      1,00      0,00      0,00      0,00      0,00      0,00      0,00      0,00      0,00     99,00
13:44:47          1      0,00      0,00      0,00      0,00      0,00      0,00      0,00      0,00      0,00    100,00
13:44:47          2      0,00      0,00      1,00      0,00      0,00      0,00      0,00      0,00      0,00     99,00
13:44:47          3      0,98      0,00      0,98      0,00      0,00      0,00      0,00      0,00      0,00     98,04

13:44:47        CPU      %usr     %nice      %sys   %iowait    %steal      %irq     %soft    %guest    %gnice     %idle
13:44:48        all      0,25      0,00      0,25      0,00      0,00      0,00      0,25      0,00      0,00     99,25
13:44:48          0      0,00      0,00      0,99      0,00      0,00      0,00      0,99      0,00      0,00     98,02
13:44:48          1      0,00      0,00      0,00      0,00      0,00      0,00      0,00      0,00      0,00    100,00
13:44:48          2      1,00      0,00      0,00      0,00      0,00      0,00      0,00      0,00      0,00     99,00
13:44:48          3      0,00      0,00      0,00      0,00      0,00      0,00      0,00      0,00      0,00    100,00

13:44:48        CPU      %usr     %nice      %sys   %iowait    %steal      %irq     %soft    %guest    %gnice     %idle
13:44:49        all      9,05      0,00      3,02      0,25      0,00      0,50      0,75      0,00      0,00     86,43
13:44:49          0      8,25      0,00      3,09      0,00      0,00      2,06      3,09      0,00      0,00     83,51
13:44:49          1      9,00      0,00      3,00      1,00      0,00      0,00      0,00      0,00      0,00     87,00
13:44:49          2      9,90      0,00      2,97      0,00      0,00      0,00      0,00      0,00      0,00     87,13
13:44:49          3      9,00      0,00      3,00      0,00      0,00      0,00      0,00      0,00      0,00     88,00

13:44:49        CPU      %usr     %nice      %sys   %iowait    %steal      %irq     %soft    %guest    %gnice     %idle
13:44:50        all     11,68      0,00      3,55      0,00      0,00      1,02      1,27      0,00      0,00     82,49
13:44:50          0     12,12      0,00      5,05      0,00      0,00      3,03      5,05      0,00      0,00     74,75
13:44:50          1     11,22      0,00      3,06      0,00      0,00      0,00      0,00      0,00      0,00     85,71
13:44:50          2     11,34      0,00      3,09      0,00      0,00      0,00      0,00      0,00      0,00     85,57
13:44:50          3     12,00      0,00      3,00      0,00      0,00      1,00      0,00      0,00      0,00     84,00

13:44:50        CPU      %usr     %nice      %sys   %iowait    %steal      %irq     %soft    %guest    %gnice     %idle
13:44:51        all     24,05      0,00     11,14      0,00      0,00      0,76      1,77      0,00      0,00     62,28
13:44:51          0     22,00      0,00      9,00      0,00      0,00      3,00      6,00      0,00      0,00     60,00
13:44:51          1     21,43      0,00     10,20      0,00      0,00      0,00      1,02      0,00      0,00     67,35
13:44:51          2     33,00      0,00     16,00      0,00      0,00      0,00      0,00      0,00      0,00     51,00
13:44:51          3     19,59      0,00      9,28      0,00      0,00      0,00      0,00      0,00      0,00     71,13

13:44:51        CPU      %usr     %nice      %sys   %iowait    %steal      %irq     %soft    %guest    %gnice     %idle
13:44:52        all      0,50      0,00      0,25      0,00      0,00      0,00      0,00      0,00      0,00     99,25
13:44:52          0      0,00      0,00      0,00      0,00      0,00      0,00      0,00      0,00      0,00    100,00
13:44:52          1      0,99      0,00      0,99      0,00      0,00      0,00      0,00      0,00      0,00     98,02
13:44:52          2      1,00      0,00      0,00      0,00      0,00      0,00      0,00      0,00      0,00     99,00
13:44:52          3      0,00      0,00      0,00      0,00      0,00      0,00      0,00      0,00      0,00    100,00

13:44:52        CPU      %usr     %nice      %sys   %iowait    %steal      %irq     %soft    %guest    %gnice     %idle
13:44:53        all      1,00      0,00      0,50      0,00      0,00      0,00      0,00      0,00      0,00     98,50
13:44:53          0      1,00      0,00      1,00      0,00      0,00      0,00      0,00      0,00      0,00     98,00
13:44:53          1      1,00      0,00      0,00      0,00      0,00      0,00      0,00      0,00      0,00     99,00
13:44:53          2      0,99      0,00      0,99      0,00      0,00      0,00      0,00      0,00      0,00     98,02
13:44:53          3      1,00      0,00      0,00      0,00      0,00      0,00      0,00      0,00      0,00     99,00

13:44:53        CPU      %usr     %nice      %sys   %iowait    %steal      %irq     %soft    %guest    %gnice     %idle
13:44:54        all      9,34      0,00      3,28      0,00      0,00      0,76      1,01      0,00      0,00     85,61
13:44:54          0     10,00      0,00      4,00      0,00      0,00      2,00      4,00      0,00      0,00     80,00
13:44:54          1     10,10      0,00      2,02      0,00      0,00      1,01      0,00      0,00      0,00     86,87
13:44:54          2      8,16      0,00      3,06      0,00      0,00      0,00      0,00      0,00      0,00     88,78
13:44:54          3      9,09      0,00      4,04      0,00      0,00      0,00      0,00      0,00      0,00     86,87

13:44:54        CPU      %usr     %nice      %sys   %iowait    %steal      %irq     %soft    %guest    %gnice     %idle
13:44:55        all     19,70      0,00      8,48      0,00      0,00      1,00      1,25      0,00      0,00     69,58
13:44:55          0     20,59      0,00      9,80      0,00      0,00      2,94      4,90      0,00      0,00     61,76
13:44:55          1     20,00      0,00      8,00      0,00      0,00      0,00      0,00      0,00      0,00     72,00
13:44:55          2     19,80      0,00      8,91      0,00      0,00      0,99      0,00      0,00      0,00     70,30
13:44:55          3     18,37      0,00      7,14      0,00      0,00      0,00      0,00      0,00      0,00     74,49

13:44:55        CPU      %usr     %nice      %sys   %iowait    %steal      %irq     %soft    %guest    %gnice     %idle
13:44:56        all     10,45      0,00      3,48      0,00      0,00      0,50      1,00      0,00      0,00     84,58
13:44:56          0     11,00      0,00      4,00      0,00      0,00      2,00      3,00      0,00      0,00     80,00
13:44:56          1      9,18      0,00      3,06      0,00      0,00      0,00      0,00      0,00      0,00     87,76
13:44:56          2     10,78      0,00      2,94      0,00      0,00      0,00      0,98      0,00      0,00     85,29
13:44:56          3     10,78      0,00      3,92      0,00      0,00      0,00      0,00      0,00      0,00     85,29

13:44:56        CPU      %usr     %nice      %sys   %iowait    %steal      %irq     %soft    %guest    %gnice     %idle
13:44:57        all      3,75      0,00      1,50      0,00      0,00      0,50      0,50      0,00      0,00     93,75
13:44:57          0      4,95      0,00      0,99      0,00      0,00      0,99      1,98      0,00      0,00     91,09
13:44:57          1      3,96      0,00      1,98      0,00      0,00      0,00      0,00      0,00      0,00     94,06
13:44:57          2      3,06      0,00      1,02      0,00      0,00      0,00      0,00      0,00      0,00     95,92
13:44:57          3      3,00      0,00      2,00      0,00      0,00      1,00      0,00      0,00      0,00     94,00

13:44:57        CPU      %usr     %nice      %sys   %iowait    %steal      %irq     %soft    %guest    %gnice     %idle
13:44:58        all      0,25      0,00      0,00      0,25      0,00      0,00      0,00      0,00      0,00     99,49
13:44:58          0      1,01      0,00      0,00      0,00      0,00      0,00      0,00      0,00      0,00     98,99
13:44:58          1      0,00      0,00      0,00      1,01      0,00      0,00      0,00      0,00      0,00     98,99
13:44:58          2      0,00      0,00      0,00      0,00      0,00      0,00      0,00      0,00      0,00    100,00
13:44:58          3      0,00      0,00      0,00      0,00      0,00      0,00      0,00      0,00      0,00    100,00

13:44:58        CPU      %usr     %nice      %sys   %iowait    %steal      %irq     %soft    %guest    %gnice     %idle
13:44:59        all      8,82      0,00      3,27      0,00      0,00      0,50      1,01      0,00      0,00     86,40
13:44:59          0      9,00      0,00      4,00      0,00      0,00      2,00      4,00      0,00      0,00     81,00
13:44:59          1      8,08      0,00      3,03      0,00      0,00      0,00      0,00      0,00      0,00     88,89
13:44:59          2     10,00      0,00      3,00      0,00      0,00      0,00      0,00      0,00      0,00     87,00
13:44:59          3      8,16      0,00      3,06      0,00      0,00      0,00      0,00      0,00      0,00     88,78

13:44:59        CPU      %usr     %nice      %sys   %iowait    %steal      %irq     %soft    %guest    %gnice     %idle
13:45:00        all     11,53      0,00      4,26      0,00      0,00      0,75      1,25      0,00      0,00     82,21
13:45:00          0     11,22      0,00      4,08      0,00      0,00      3,06      5,10      0,00      0,00     76,53
13:45:00          1     12,00      0,00      4,00      0,00      0,00      0,00      0,00      0,00      0,00     84,00
13:45:00          2     10,10      0,00      5,05      0,00      0,00      0,00      0,00      0,00      0,00     84,85
13:45:00          3     12,75      0,00      3,92      0,00      0,00      0,00      0,00      0,00      0,00     83,33

13:45:00        CPU      %usr     %nice      %sys   %iowait    %steal      %irq     %soft    %guest    %gnice     %idle
13:45:01        all     11,31      0,00      3,52      0,00      0,00      0,50      1,01      0,00      0,00     83,67
13:45:01          0     11,88      0,00      4,95      0,00      0,00      1,98      3,96      0,00      0,00     77,23
13:45:01          1     12,00      0,00      3,00      0,00      0,00      0,00      0,00      0,00      0,00     85,00
13:45:01          2     10,20      0,00      3,06      0,00      0,00      0,00      0,00      0,00      0,00     86,73
13:45:01          3     11,11      0,00      3,03      0,00      0,00      0,00      0,00      0,00      0,00     85,86

13:45:01        CPU      %usr     %nice      %sys   %iowait    %steal      %irq     %soft    %guest    %gnice     %idle
13:45:02        all      5,79      0,00      2,02      0,00      0,00      0,76      0,50      0,00      0,00     90,93
13:45:02          0      6,06      0,00      2,02      0,00      0,00      2,02      2,02      0,00      0,00     87,88
13:45:02          1      6,00      0,00      2,00      0,00      0,00      1,00      0,00      0,00      0,00     91,00
13:45:02          2      5,05      0,00      2,02      0,00      0,00      0,00      0,00      0,00      0,00     92,93
13:45:02          3      6,06      0,00      2,02      0,00      0,00      0,00      0,00      0,00      0,00     91,92

13:45:02        CPU      %usr     %nice      %sys   %iowait    %steal      %irq     %soft    %guest    %gnice     %idle
13:45:03        all      0,75      0,00      2,01      0,00      0,00      0,00      0,00      0,00      0,00     97,24
13:45:03          0      1,00      0,00      8,00      0,00      0,00      0,00      0,00      0,00      0,00     91,00
13:45:03          1      0,00      0,00      0,00      0,00      0,00      0,00      0,00      0,00      0,00    100,00
13:45:03          2      1,00      0,00      0,00      0,00      0,00      0,00      0,00      0,00      0,00     99,00
13:45:03          3      1,00      0,00      0,00      0,00      0,00      0,00      0,00      0,00      0,00     99,00

13:45:03        CPU      %usr     %nice      %sys   %iowait    %steal      %irq     %soft    %guest    %gnice     %idle
13:45:04        all      8,79      0,00      3,52      0,25      0,00      0,75      1,01      0,00      0,00     85,68
13:45:04          0      9,90      0,00      4,95      0,00      0,00      1,98      3,96      0,00      0,00     79,21
13:45:04          1      8,16      0,00      2,04      1,02      0,00      0,00      0,00      0,00      0,00     88,78
13:45:04          2      9,09      0,00      3,03      0,00      0,00      0,00      0,00      0,00      0,00     87,88
13:45:04          3      8,00      0,00      4,00      0,00      0,00      1,00      0,00      0,00      0,00     87,00

13:45:04        CPU      %usr     %nice      %sys   %iowait    %steal      %irq     %soft    %guest    %gnice     %idle
13:45:05        all     11,63      0,00      4,21      0,99      0,00      0,99      1,49      0,00      0,00     80,69
13:45:05          0     12,75      0,00      4,90      0,98      0,00      2,94      4,90      0,00      0,00     73,53
13:45:05          1     10,89      0,00      4,95      0,00      0,00      0,00      0,00      0,00      0,00     84,16
13:45:05          2     11,88      0,00      3,96      2,97      0,00      0,99      0,00      0,00      0,00     80,20
13:45:05          3     11,00      0,00      3,00      0,00      0,00      0,00      1,00      0,00      0,00     85,00

13:45:05        CPU      %usr     %nice      %sys   %iowait    %steal      %irq     %soft    %guest    %gnice     %idle
13:45:06        all     16,75      0,00      9,39      0,00      0,00      0,51      1,02      0,00      0,00     72,34
13:45:06          0     14,43      0,00      8,25      0,00      0,00      2,06      4,12      0,00      0,00     71,13
13:45:06          1     18,37      0,00     10,20      0,00      0,00      0,00      0,00      0,00      0,00     71,43
13:45:06          2     19,00      0,00     10,00      0,00      0,00      0,00      0,00      0,00      0,00     71,00
13:45:06          3     15,15      0,00      9,09      0,00      0,00      0,00      0,00      0,00      0,00     75,76

13:45:06        CPU      %usr     %nice      %sys   %iowait    %steal      %irq     %soft    %guest    %gnice     %idle
13:45:07        all      7,48      0,00      2,24      0,00      0,00      0,25      0,50      0,00      0,00     89,53
13:45:07          0      8,00      0,00      3,00      0,00      0,00      1,00      2,00      0,00      0,00     86,00
13:45:07          1      7,92      0,00      1,98      0,00      0,00      0,00      0,00      0,00      0,00     90,10
13:45:07          2      7,07      0,00      1,01      0,00      0,00      0,00      0,00      0,00      0,00     91,92
13:45:07          3      6,93      0,00      2,97      0,00      0,00      0,00      0,00      0,00      0,00     90,10

13:45:07        CPU      %usr     %nice      %sys   %iowait    %steal      %irq     %soft    %guest    %gnice     %idle
13:45:08        all      0,00      0,00      0,25      0,25      0,00      0,00      0,25      0,00      0,00     99,25
13:45:08          0      0,00      0,00      0,00      0,00      0,00      0,00      1,00      0,00      0,00     99,00
13:45:08          1      0,00      0,00      0,99      0,99      0,00      0,00      0,00      0,00      0,00     98,02
13:45:08          2      0,00      0,00      0,00      0,00      0,00      0,00      0,00      0,00      0,00    100,00
13:45:08          3      0,00      0,00      0,00      0,00      0,00      0,00      0,00      0,00      0,00    100,00

13:45:08        CPU      %usr     %nice      %sys   %iowait    %steal      %irq     %soft    %guest    %gnice     %idle
13:45:09        all     29,85      0,00     14,80      0,00      0,00      1,02      1,79      0,00      0,00     52,55
13:45:09          0     27,55      0,00     16,33      0,00      0,00      4,08      6,12      0,00      0,00     45,92
13:45:09          1     37,00      0,00     19,00      0,00      0,00      0,00      1,00      0,00      0,00     43,00
13:45:09          2     26,26      0,00     12,12      0,00      0,00      0,00      0,00      0,00      0,00     61,62
13:45:09          3     28,42      0,00     11,58      0,00      0,00      0,00      0,00      0,00      0,00     60,00

13:45:09        CPU      %usr     %nice      %sys   %iowait    %steal      %irq     %soft    %guest    %gnice     %idle
13:45:10        all     17,93      0,00      9,34      0,00      0,00      1,52      1,52      0,00      0,00     69,70
13:45:10          0     19,39      0,00     10,20      0,00      0,00      4,08      6,12      0,00      0,00     60,20
13:45:10          1     17,17      0,00     10,10      0,00      0,00      1,01      0,00      0,00      0,00     71,72
13:45:10          2     18,37      0,00      8,16      0,00      0,00      0,00      0,00      0,00      0,00     73,47
13:45:10          3     16,83      0,00      8,91      0,00      0,00      0,99      0,00      0,00      0,00     73,27

13:45:10        CPU      %usr     %nice      %sys   %iowait    %steal      %irq     %soft    %guest    %gnice     %idle
13:45:11        all     17,47      0,00      8,61      0,00      0,00      1,27      1,52      0,00      0,00     71,14
13:45:11          0     17,53      0,00     10,31      0,00      0,00      4,12      6,19      0,00      0,00     61,86
13:45:11          1     17,17      0,00      8,08      0,00      0,00      0,00      0,00      0,00      0,00     74,75
13:45:11          2     18,81      0,00      7,92      0,00      0,00      0,99      0,00      0,00      0,00     72,28
13:45:11          3     16,33      0,00      8,16      0,00      0,00      0,00      0,00      0,00      0,00     75,51

13:45:11        CPU      %usr     %nice      %sys   %iowait    %steal      %irq     %soft    %guest    %gnice     %idle
13:45:12        all      8,25      0,00      3,00      0,00      0,00      0,50      1,00      0,00      0,00     87,25
13:45:12          0      8,91      0,00      3,96      0,00      0,00      1,98      3,96      0,00      0,00     81,19
13:45:12          1      8,16      0,00      2,04      0,00      0,00      0,00      0,00      0,00      0,00     89,80
13:45:12          2      7,00      0,00      3,00      0,00      0,00      0,00      0,00      0,00      0,00     90,00
13:45:12          3      8,91      0,00      2,97      0,00      0,00      0,00      0,00      0,00      0,00     88,12

13:45:12        CPU      %usr     %nice      %sys   %iowait    %steal      %irq     %soft    %guest    %gnice     %idle
13:45:13        all      0,76      0,00      0,50      0,00      0,00      0,00      0,00      0,00      0,00     98,74
13:45:13          0      1,01      0,00      0,00      0,00      0,00      0,00      0,00      0,00      0,00     98,99
13:45:13          1      0,00      0,00      1,01      0,00      0,00      0,00      0,00      0,00      0,00     98,99
13:45:13          2      1,01      0,00      0,00      0,00      0,00      0,00      0,00      0,00      0,00     98,99
13:45:13          3      1,00      0,00      1,00      0,00      0,00      0,00      0,00      0,00      0,00     98,00

13:45:13        CPU      %usr     %nice      %sys   %iowait    %steal      %irq     %soft    %guest    %gnice     %idle
13:45:14        all      7,81      0,00      2,77      0,00      0,00      0,50      1,01      0,00      0,00     87,91
13:45:14          0      8,08      0,00      3,03      0,00      0,00      2,02      4,04      0,00      0,00     82,83
13:45:14          1      7,14      0,00      2,04      0,00      0,00      0,00      0,00      0,00      0,00     90,82
13:45:14          2      7,00      0,00      4,00      0,00      0,00      0,00      0,00      0,00      0,00     89,00
13:45:14          3      9,00      0,00      2,00      0,00      0,00      0,00      0,00      0,00      0,00     89,00

13:45:14        CPU      %usr     %nice      %sys   %iowait    %steal      %irq     %soft    %guest    %gnice     %idle
13:45:15        all     12,81      0,00      4,02      0,00      0,00      0,75      1,01      0,00      0,00     81,41
13:45:15          0     13,00      0,00      4,00      0,00      0,00      3,00      4,00      0,00      0,00     76,00
13:45:15          1     12,12      0,00      4,04      0,00      0,00      0,00      0,00      0,00      0,00     83,84
13:45:15          2     13,86      0,00      3,96      0,00      0,00      0,00      0,00      0,00      0,00     82,18
13:45:15          3     12,24      0,00      4,08      0,00      0,00      0,00      0,00      0,00      0,00     83,67

13:45:15        CPU      %usr     %nice      %sys   %iowait    %steal      %irq     %soft    %guest    %gnice     %idle
13:45:16        all      9,55      0,00      3,27      0,25      0,00      0,50      1,01      0,00      0,00     85,43
13:45:16          0     11,00      0,00      3,00      0,00      0,00      2,00      3,00      0,00      0,00     81,00
13:45:16          1      9,09      0,00      3,03      1,01      0,00      0,00      0,00      0,00      0,00     86,87
13:45:16          2      9,90      0,00      3,96      0,00      0,00      0,00      0,99      0,00      0,00     85,15
13:45:16          3      8,16      0,00      3,06      0,00      0,00      0,00      0,00      0,00      0,00     88,78

13:45:16        CPU      %usr     %nice      %sys   %iowait    %steal      %irq     %soft    %guest    %gnice     %idle
13:45:17        all      8,02      0,00      3,26      0,00      0,00      0,50      1,00      0,00      0,00     87,22
13:45:17          0      8,00      0,00      4,00      0,00      0,00      2,00      4,00      0,00      0,00     82,00
13:45:17          1      7,14      0,00      2,04      0,00      0,00      0,00      0,00      0,00      0,00     90,82
13:45:17          2      7,92      0,00      3,96      0,00      0,00      0,00      0,00      0,00      0,00     88,12
13:45:17          3      9,00      0,00      3,00      0,00      0,00      0,00      0,00      0,00      0,00     88,00

13:45:17        CPU      %usr     %nice      %sys   %iowait    %steal      %irq     %soft    %guest    %gnice     %idle
13:45:18        all      2,50      0,00      0,75      0,00      0,00      0,25      0,00      0,00      0,00     96,50
13:45:18          0      2,02      0,00      1,01      0,00      0,00      0,00      0,00      0,00      0,00     96,97
13:45:18          1      3,00      0,00      0,00      0,00      0,00      1,00      0,00      0,00      0,00     96,00
13:45:18          2      2,97      0,00      0,99      0,00      0,00      0,00      0,00      0,00      0,00     96,04
13:45:18          3      2,00      0,00      1,00      0,00      0,00      0,00      0,00      0,00      0,00     97,00

13:45:18        CPU      %usr     %nice      %sys   %iowait    %steal      %irq     %soft    %guest    %gnice     %idle
13:45:19        all      7,56      0,00      2,77      0,00      0,00      0,50      1,01      0,00      0,00     88,16
13:45:19          0      7,00      0,00      4,00      0,00      0,00      2,00      4,00      0,00      0,00     83,00
13:45:19          1      7,07      0,00      2,02      0,00      0,00      0,00      0,00      0,00      0,00     90,91
13:45:19          2      8,16      0,00      2,04      0,00      0,00      0,00      0,00      0,00      0,00     89,80
13:45:19          3      8,00      0,00      3,00      0,00      0,00      0,00      0,00      0,00      0,00     89,00

13:45:19        CPU      %usr     %nice      %sys   %iowait    %steal      %irq     %soft    %guest    %gnice     %idle
13:45:20        all     10,25      0,00      3,75      1,25      0,00      0,75      1,00      0,00      0,00     83,00
13:45:20          0     10,78      0,00      4,90      2,94      0,00      1,96      3,92      0,00      0,00     75,49
13:45:20          1     10,10      0,00      4,04      2,02      0,00      0,00      0,00      0,00      0,00     83,84
13:45:20          2     10,10      0,00      3,03      0,00      0,00      0,00      0,00      0,00      0,00     86,87
13:45:20          3     10,00      0,00      3,00      0,00      0,00      1,00      0,00      0,00      0,00     86,00

13:45:20        CPU      %usr     %nice      %sys   %iowait    %steal      %irq     %soft    %guest    %gnice     %idle
13:45:21        all     10,45      0,00      2,99      0,00      0,00      1,00      1,00      0,00      0,00     84,58
13:45:21          0     11,00      0,00      3,00      0,00      0,00      3,00      4,00      0,00      0,00     79,00
13:45:21          1     10,89      0,00      2,97      0,00      0,00      0,00      0,00      0,00      0,00     86,14
13:45:21          2      9,00      0,00      3,00      0,00      0,00      1,00      0,00      0,00      0,00     87,00
13:45:21          3     10,89      0,00      2,97      0,00      0,00      0,00      0,00      0,00      0,00     86,14

13:45:21        CPU      %usr     %nice      %sys   %iowait    %steal      %irq     %soft    %guest    %gnice     %idle
13:45:22        all      9,14      0,00      3,30      0,25      0,00      0,51      0,76      0,00      0,00     86,04
13:45:22          0      9,18      0,00      3,06      0,00      0,00      2,04      3,06      0,00      0,00     82,65
13:45:22          1      8,08      0,00      4,04      1,01      0,00      0,00      0,00      0,00      0,00     86,87
13:45:22          2      9,18      0,00      3,06      0,00      0,00      0,00      0,00      0,00      0,00     87,76
13:45:22          3     10,10      0,00      3,03      0,00      0,00      0,00      0,00      0,00      0,00     86,87

13:45:22        CPU      %usr     %nice      %sys   %iowait    %steal      %irq     %soft    %guest    %gnice     %idle
13:45:23        all      2,25      0,00      0,75      0,00      0,00      0,00      0,25      0,00      0,00     96,75
13:45:23          0      2,00      0,00      1,00      0,00      0,00      0,00      1,00      0,00      0,00     96,00
13:45:23          1      2,02      0,00      0,00      0,00      0,00      0,00      0,00      0,00      0,00     97,98
13:45:23          2      2,97      0,00      0,99      0,00      0,00      0,00      0,00      0,00      0,00     96,04
13:45:23          3      2,00      0,00      1,00      0,00      0,00      0,00      0,00      0,00      0,00     97,00

13:45:23        CPU      %usr     %nice      %sys   %iowait    %steal      %irq     %soft    %guest    %gnice     %idle
13:45:24        all      7,54      0,00      2,76      0,00      0,00      0,50      0,75      0,00      0,00     88,44
13:45:24          0      8,00      0,00      3,00      0,00      0,00      2,00      3,00      0,00      0,00     84,00
13:45:24          1      8,00      0,00      3,00      0,00      0,00      0,00      0,00      0,00      0,00     89,00
13:45:24          2      6,06      0,00      3,03      0,00      0,00      0,00      0,00      0,00      0,00     90,91
13:45:24          3      8,08      0,00      2,02      0,00      0,00      0,00      0,00      0,00      0,00     89,90

13:45:24        CPU      %usr     %nice      %sys   %iowait    %steal      %irq     %soft    %guest    %gnice     %idle
13:45:25        all     13,92      0,00      5,57      0,00      0,00      0,51      1,27      0,00      0,00     78,73
13:45:25          0     13,13      0,00      7,07      0,00      0,00      2,02      4,04      0,00      0,00     73,74
13:45:25          1     15,15      0,00      5,05      0,00      0,00      0,00      0,00      0,00      0,00     79,80
13:45:25          2     13,54      0,00      4,17      0,00      0,00      0,00      0,00      0,00      0,00     82,29
13:45:25          3     13,86      0,00      5,94      0,00      0,00      0,00      0,99      0,00      0,00     79,21

13:45:25        CPU      %usr     %nice      %sys   %iowait    %steal      %irq     %soft    %guest    %gnice     %idle
13:45:26        all     10,30      0,00      5,03      0,00      0,00      0,75      1,01      0,00      0,00     82,91
13:45:26          0     10,10      0,00     10,10      0,00      0,00      3,03      4,04      0,00      0,00     72,73
13:45:26          1     10,10      0,00      3,03      0,00      0,00      0,00      0,00      0,00      0,00     86,87
13:45:26          2      9,00      0,00      4,00      0,00      0,00      0,00      0,00      0,00      0,00     87,00
13:45:26          3     12,00      0,00      3,00      0,00      0,00      0,00      0,00      0,00      0,00     85,00

13:45:26        CPU      %usr     %nice      %sys   %iowait    %steal      %irq     %soft    %guest    %gnice     %idle
13:45:27        all      8,56      0,00      2,77      0,00      0,00      1,01      1,01      0,00      0,00     86,65
13:45:27          0      8,08      0,00      3,03      0,00      0,00      2,02      4,04      0,00      0,00     82,83
13:45:27          1      8,91      0,00      3,96      0,00      0,00      0,99      0,00      0,00      0,00     86,14
13:45:27          2      9,18      0,00      2,04      0,00      0,00      0,00      0,00      0,00      0,00     88,78
13:45:27          3      8,08      0,00      2,02      0,00      0,00      1,01      0,00      0,00      0,00     88,89

13:45:27        CPU      %usr     %nice      %sys   %iowait    %steal      %irq     %soft    %guest    %gnice     %idle
13:45:28        all      3,27      0,00      1,26      0,25      0,00      0,00      0,25      0,00      0,00     94,96
13:45:28          0      3,06      0,00      2,04      0,00      0,00      0,00      1,02      0,00      0,00     93,88
13:45:28          1      3,00      0,00      1,00      1,00      0,00      0,00      0,00      0,00      0,00     95,00
13:45:28          2      3,03      0,00      1,01      0,00      0,00      0,00      0,00      0,00      0,00     95,96
13:45:28          3      4,00      0,00      1,00      0,00      0,00      0,00      0,00      0,00      0,00     95,00

13:45:28        CPU      %usr     %nice      %sys   %iowait    %steal      %irq     %soft    %guest    %gnice     %idle
13:45:29        all     12,88      0,00      5,05      0,00      0,00      0,76      1,01      0,00      0,00     80,30
13:45:29          0     17,82      0,00      8,91      0,00      0,00      1,98      2,97      0,00      0,00     68,32
13:45:29          1     12,12      0,00      3,03      0,00      0,00      0,00      1,01      0,00      0,00     83,84
13:45:29          2     11,22      0,00      3,06      0,00      0,00      1,02      0,00      0,00      0,00     84,69
13:45:29          3     10,20      0,00      5,10      0,00      0,00      0,00      0,00      0,00      0,00     84,69

13:45:29        CPU      %usr     %nice      %sys   %iowait    %steal      %irq     %soft    %guest    %gnice     %idle
13:45:30        all     11,53      0,00      4,01      1,25      0,00      0,50      1,00      0,00      0,00     81,70
13:45:30          0     12,12      0,00      4,04      0,00      0,00      2,02      4,04      0,00      0,00     77,78
13:45:30          1     13,86      0,00      3,96      0,00      0,00      0,00      0,00      0,00      0,00     82,18
13:45:30          2     10,00      0,00      4,00      5,00      0,00      0,00      0,00      0,00      0,00     81,00
13:45:30          3     10,10      0,00      4,04      0,00      0,00      0,00      0,00      0,00      0,00     85,86

Média:         CPU      %usr     %nice      %sys   %iowait    %steal      %irq     %soft    %guest    %gnice     %idle
Média:         all      8,10      0,00      3,27      0,10      0,00      0,50      0,76      0,00      0,00     87,26
Média:           0      8,27      0,00      4,00      0,08      0,00      1,67      2,91      0,00      0,00     83,06
Média:           1      8,20      0,00      3,01      0,20      0,00      0,10      0,05      0,00      0,00     88,43
Média:           2      8,05      0,00      3,08      0,13      0,00      0,12      0,03      0,00      0,00     88,58
Média:           3      7,88      0,00      2,98      0,00      0,00      0,12      0,05      0,00      0,00     88,97
