Linux 5.14.0-503.19.1.el9_5.x86_64 (localhost.localdomain) 	16/04/2025 	_x86_64_	(4 CPU)

13:59:46        CPU      %usr     %nice      %sys   %iowait    %steal      %irq     %soft    %guest    %gnice     %idle
13:59:47        all      0,00      0,00      0,00      0,25      0,00      0,00      0,00      0,00      0,00     99,75
13:59:47          0      0,00      0,00      0,00      0,00      0,00      0,00      0,00      0,00      0,00    100,00
13:59:47          1      0,00      0,00      0,00      0,99      0,00      0,00      0,00      0,00      0,00     99,01
13:59:47          2      0,00      0,00      0,00      0,00      0,00      0,00      0,00      0,00      0,00    100,00
13:59:47          3      0,00      0,00      0,00      0,00      0,00      0,00      0,00      0,00      0,00    100,00

13:59:47        CPU      %usr     %nice      %sys   %iowait    %steal      %irq     %soft    %guest    %gnice     %idle
13:59:48        all      0,00      0,00      0,00      0,00      0,00      0,00      0,00      0,00      0,00    100,00
13:59:48          0      0,00      0,00      0,00      0,00      0,00      0,00      0,00      0,00      0,00    100,00
13:59:48          1      0,00      0,00      0,00      0,00      0,00      0,00      0,00      0,00      0,00    100,00
13:59:48          2      0,00      0,00      0,00      0,00      0,00      0,00      0,00      0,00      0,00    100,00
13:59:48          3      0,00      0,00      0,00      0,00      0,00      0,00      0,00      0,00      0,00    100,00

13:59:48        CPU      %usr     %nice      %sys   %iowait    %steal      %irq     %soft    %guest    %gnice     %idle
13:59:49        all      0,00      0,00      0,00      0,00      0,00      0,00      0,00      0,00      0,00    100,00
13:59:49          0      0,00      0,00      0,00      0,00      0,00      0,00      0,00      0,00      0,00    100,00
13:59:49          1      0,00      0,00      0,00      0,00      0,00      0,00      0,00      0,00      0,00    100,00
13:59:49          2      0,00      0,00      0,00      0,00      0,00      0,00      0,00      0,00      0,00    100,00
13:59:49          3      0,00      0,00      0,00      0,00      0,00      0,00      0,00      0,00      0,00    100,00

13:59:49        CPU      %usr     %nice      %sys   %iowait    %steal      %irq     %soft    %guest    %gnice     %idle
13:59:50        all      0,00      0,00      0,00      0,00      0,00      0,75      1,25      0,00      0,00     98,00
13:59:50          0      0,00      0,00      0,00      0,00      0,00      3,00      5,00      0,00      0,00     92,00
13:59:50          1      0,00      0,00      0,00      0,00      0,00      0,00      0,00      0,00      0,00    100,00
13:59:50          2      0,00      0,00      0,00      0,00      0,00      0,00      0,00      0,00      0,00    100,00
13:59:50          3      0,00      0,00      0,00      0,00      0,00      0,00      0,00      0,00      0,00    100,00

13:59:50        CPU      %usr     %nice      %sys   %iowait    %steal      %irq     %soft    %guest    %gnice     %idle
13:59:51        all      0,00      0,00      0,00      0,00      0,00      0,50      1,26      0,00      0,00     98,24
13:59:51          0      0,00      0,00      0,00      0,00      0,00      2,04      5,10      0,00      0,00     92,86
13:59:51          1      0,00      0,00      0,00      0,00      0,00      0,00      0,00      0,00      0,00    100,00
13:59:51          2      0,00      0,00      0,00      0,00      0,00      0,00      0,00      0,00      0,00    100,00
13:59:51          3      0,00      0,00      0,00      0,00      0,00      0,00      0,00      0,00      0,00    100,00

13:59:51        CPU      %usr     %nice      %sys   %iowait    %steal      %irq     %soft    %guest    %gnice     %idle
13:59:52        all      0,00      0,00      2,00      0,00      0,00      0,50      0,75      0,00      0,00     96,76
13:59:52          0      0,00      0,00      7,92      0,00      0,00      1,98      2,97      0,00      0,00     87,13
13:59:52          1      0,00      0,00      0,00      0,00      0,00      0,00      0,00      0,00      0,00    100,00
13:59:52          2      0,00      0,00      0,00      0,00      0,00      0,00      0,00      0,00      0,00    100,00
13:59:52          3      0,00      0,00      0,00      0,00      0,00      0,00      0,00      0,00      0,00    100,00

13:59:52        CPU      %usr     %nice      %sys   %iowait    %steal      %irq     %soft    %guest    %gnice     %idle
13:59:53        all      0,00      0,00      0,00      0,25      0,00      0,00      0,00      0,00      0,00     99,75
13:59:53          0      0,00      0,00      0,00      0,00      0,00      0,00      0,00      0,00      0,00    100,00
13:59:53          1      0,00      0,00      0,00      0,99      0,00      0,00      0,00      0,00      0,00     99,01
13:59:53          2      0,00      0,00      0,00      0,00      0,00      0,00      0,00      0,00      0,00    100,00
13:59:53          3      0,00      0,00      0,00      0,00      0,00      0,00      0,00      0,00      0,00    100,00

13:59:53        CPU      %usr     %nice      %sys   %iowait    %steal      %irq     %soft    %guest    %gnice     %idle
13:59:54        all      0,00      0,00      0,00      0,00      0,00      0,00      0,00      0,00      0,00    100,00
13:59:54          0      0,00      0,00      0,00      0,00      0,00      0,00      0,00      0,00      0,00    100,00
13:59:54          1      0,00      0,00      0,00      0,00      0,00      0,00      0,00      0,00      0,00    100,00
13:59:54          2      0,00      0,00      0,00      0,00      0,00      0,00      0,00      0,00      0,00    100,00
13:59:54          3      0,00      0,00      0,00      0,00      0,00      0,00      0,00      0,00      0,00    100,00

13:59:54        CPU      %usr     %nice      %sys   %iowait    %steal      %irq     %soft    %guest    %gnice     %idle
13:59:55        all      0,00      0,00      0,00      0,00      0,00      0,50      1,26      0,00      0,00     98,24
13:59:55          0      0,00      0,00      0,00      0,00      0,00      2,00      5,00      0,00      0,00     93,00
13:59:55          1      0,00      0,00      0,00      0,00      0,00      0,00      0,00      0,00      0,00    100,00
13:59:55          2      0,00      0,00      0,00      0,00      0,00      0,00      0,00      0,00      0,00    100,00
13:59:55          3      0,00      0,00      0,00      0,00      0,00      0,00      0,00      0,00      0,00    100,00

13:59:55        CPU      %usr     %nice      %sys   %iowait    %steal      %irq     %soft    %guest    %gnice     %idle
13:59:56        all      0,00      0,00      0,00      0,00      0,00      0,50      1,00      0,00      0,00     98,50
13:59:56          0      0,00      0,00      0,00      0,00      0,00      2,02      4,04      0,00      0,00     93,94
13:59:56          1      0,00      0,00      0,00      0,00      0,00      0,00      0,00      0,00      0,00    100,00
13:59:56          2      0,00      0,00      0,00      0,00      0,00      0,00      0,00      0,00      0,00    100,00
13:59:56          3      0,00      0,00      0,00      0,00      0,00      0,00      0,00      0,00      0,00    100,00

13:59:56        CPU      %usr     %nice      %sys   %iowait    %steal      %irq     %soft    %guest    %gnice     %idle
13:59:57        all      0,25      0,00      0,00      0,00      0,00      0,50      1,00      0,00      0,00     98,25
13:59:57          0      0,99      0,00      0,00      0,00      0,00      1,98      3,96      0,00      0,00     93,07
13:59:57          1      0,00      0,00      0,00      0,00      0,00      0,00      0,00      0,00      0,00    100,00
13:59:57          2      0,00      0,00      0,00      0,00      0,00      0,00      0,00      0,00      0,00    100,00
13:59:57          3      0,00      0,00      0,00      0,00      0,00      0,00      0,00      0,00      0,00    100,00

13:59:57        CPU      %usr     %nice      %sys   %iowait    %steal      %irq     %soft    %guest    %gnice     %idle
13:59:58        all      0,50      0,00      0,25      0,25      0,00      0,00      0,00      0,00      0,00     99,00
13:59:58          0      0,00      0,00      1,00      0,00      0,00      0,00      0,00      0,00      0,00     99,00
13:59:58          1      0,00      0,00      0,00      0,00      0,00      0,00      0,00      0,00      0,00    100,00
13:59:58          2      0,99      0,00      0,00      0,00      0,00      0,00      0,00      0,00      0,00     99,01
13:59:58          3      0,99      0,00      0,00      0,99      0,00      0,00      0,00      0,00      0,00     98,02

13:59:58        CPU      %usr     %nice      %sys   %iowait    %steal      %irq     %soft    %guest    %gnice     %idle
13:59:59        all      0,00      0,00      0,00      0,25      0,00      0,00      0,00      0,00      0,00     99,75
13:59:59          0      0,00      0,00      0,00      0,00      0,00      0,00      0,00      0,00      0,00    100,00
13:59:59          1      0,00      0,00      0,00      0,99      0,00      0,00      0,00      0,00      0,00     99,01
13:59:59          2      0,00      0,00      0,00      0,00      0,00      0,00      0,00      0,00      0,00    100,00
13:59:59          3      0,00      0,00      0,00      0,00      0,00      0,00      0,00      0,00      0,00    100,00

13:59:59        CPU      %usr     %nice      %sys   %iowait    %steal      %irq     %soft    %guest    %gnice     %idle
14:00:00        all     10,00      0,00      4,00      0,00      0,00      1,00      2,00      0,00      0,00     83,00
14:00:00          0      9,90      0,00      4,95      0,00      0,00      2,97      7,92      0,00      0,00     74,26
14:00:00          1     10,89      0,00      3,96      0,00      0,00      0,99      0,00      0,00      0,00     84,16
14:00:00          2     10,10      0,00      3,03      0,00      0,00      0,00      0,00      0,00      0,00     86,87
14:00:00          3      9,09      0,00      4,04      0,00      0,00      0,00      0,00      0,00      0,00     86,87

14:00:00        CPU      %usr     %nice      %sys   %iowait    %steal      %irq     %soft    %guest    %gnice     %idle
14:00:01        all     10,33      0,00      3,78      0,00      0,00      0,50      2,02      0,00      0,00     83,38
14:00:01          0     10,31      0,00      4,12      0,00      0,00      2,06      7,22      0,00      0,00     76,29
14:00:01          1     10,00      0,00      4,00      0,00      0,00      0,00      0,00      0,00      0,00     86,00
14:00:01          2     10,89      0,00      2,97      0,00      0,00      0,00      0,99      0,00      0,00     85,15
14:00:01          3     10,10      0,00      4,04      0,00      0,00      0,00      0,00      0,00      0,00     85,86

14:00:01        CPU      %usr     %nice      %sys   %iowait    %steal      %irq     %soft    %guest    %gnice     %idle
14:00:02        all      9,09      0,00      3,54      0,00      0,00      0,51      1,77      0,00      0,00     85,10
14:00:02          0      9,00      0,00      5,00      0,00      0,00      2,00      7,00      0,00      0,00     77,00
14:00:02          1     10,00      0,00      3,00      0,00      0,00      0,00      0,00      0,00      0,00     87,00
14:00:02          2      8,16      0,00      4,08      0,00      0,00      0,00      0,00      0,00      0,00     87,76
14:00:02          3      9,18      0,00      2,04      0,00      0,00      0,00      0,00      0,00      0,00     88,78

14:00:02        CPU      %usr     %nice      %sys   %iowait    %steal      %irq     %soft    %guest    %gnice     %idle
14:00:03        all      0,25      0,00      0,25      0,00      0,00      0,25      0,00      0,00      0,00     99,25
14:00:03          0      0,00      0,00      0,00      0,00      0,00      1,00      0,00      0,00      0,00     99,00
14:00:03          1      0,00      0,00      0,00      0,00      0,00      0,00      0,00      0,00      0,00    100,00
14:00:03          2      0,00      0,00      0,00      0,00      0,00      0,00      0,00      0,00      0,00    100,00
14:00:03          3      0,98      0,00      0,98      0,00      0,00      0,00      0,00      0,00      0,00     98,04

14:00:03        CPU      %usr     %nice      %sys   %iowait    %steal      %irq     %soft    %guest    %gnice     %idle
14:00:04        all      0,25      0,00      0,00      0,00      0,00      0,00      0,00      0,00      0,00     99,75
14:00:04          0      0,00      0,00      0,00      0,00      0,00      0,00      0,00      0,00      0,00    100,00
14:00:04          1      0,00      0,00      0,00      0,00      0,00      0,00      0,00      0,00      0,00    100,00
14:00:04          2      0,99      0,00      0,00      0,00      0,00      0,00      0,00      0,00      0,00     99,01
14:00:04          3      0,00      0,00      0,00      0,00      0,00      0,00      0,00      0,00      0,00    100,00

14:00:04        CPU      %usr     %nice      %sys   %iowait    %steal      %irq     %soft    %guest    %gnice     %idle
14:00:05        all      0,00      0,00      0,00      0,25      0,00      0,50      1,01      0,00      0,00     98,24
14:00:05          0      0,00      0,00      0,00      0,00      0,00      2,04      4,08      0,00      0,00     93,88
14:00:05          1      0,00      0,00      0,00      1,00      0,00      0,00      0,00      0,00      0,00     99,00
14:00:05          2      0,00      0,00      0,00      0,00      0,00      0,00      0,00      0,00      0,00    100,00
14:00:05          3      0,00      0,00      0,00      0,00      0,00      0,00      0,00      0,00      0,00    100,00

14:00:05        CPU      %usr     %nice      %sys   %iowait    %steal      %irq     %soft    %guest    %gnice     %idle
14:00:06        all      0,00      0,00      0,25      0,00      0,00      0,50      1,25      0,00      0,00     98,00
14:00:06          0      0,00      0,00      0,00      0,00      0,00      2,00      5,00      0,00      0,00     93,00
14:00:06          1      0,00      0,00      0,00      0,00      0,00      0,00      0,00      0,00      0,00    100,00
14:00:06          2      0,00      0,00      0,99      0,00      0,00      0,00      0,00      0,00      0,00     99,01
14:00:06          3      0,00      0,00      0,00      0,00      0,00      0,00      0,00      0,00      0,00    100,00

14:00:06        CPU      %usr     %nice      %sys   %iowait    %steal      %irq     %soft    %guest    %gnice     %idle
14:00:07        all      0,00      0,00      0,00      0,00      0,00      0,50      1,00      0,00      0,00     98,50
14:00:07          0      0,00      0,00      0,00      0,00      0,00      2,02      4,04      0,00      0,00     93,94
14:00:07          1      0,00      0,00      0,00      0,00      0,00      0,00      0,00      0,00      0,00    100,00
14:00:07          2      0,00      0,00      0,00      0,00      0,00      0,00      0,00      0,00      0,00    100,00
14:00:07          3      0,00      0,00      0,00      0,00      0,00      0,00      0,00      0,00      0,00    100,00

14:00:07        CPU      %usr     %nice      %sys   %iowait    %steal      %irq     %soft    %guest    %gnice     %idle
14:00:08        all      0,25      0,00      0,00      0,25      0,00      0,00      0,25      0,00      0,00     99,25
14:00:08          0      0,00      0,00      0,00      0,00      0,00      0,00      1,00      0,00      0,00     99,00
14:00:08          1      1,00      0,00      0,00      0,00      0,00      0,00      0,00      0,00      0,00     99,00
14:00:08          2      0,00      0,00      0,00      0,00      0,00      0,00      0,00      0,00      0,00    100,00
14:00:08          3      0,00      0,00      0,00      1,00      0,00      0,00      0,00      0,00      0,00     99,00

14:00:08        CPU      %usr     %nice      %sys   %iowait    %steal      %irq     %soft    %guest    %gnice     %idle
14:00:09        all      0,25      0,00      0,00      0,00      0,00      0,50      0,00      0,00      0,00     99,26
14:00:09          0      0,98      0,00      0,00      0,00      0,00      0,98      0,00      0,00      0,00     98,04
14:00:09          1      0,00      0,00      0,00      0,00      0,00      0,00      0,00      0,00      0,00    100,00
14:00:09          2      0,00      0,00      0,00      0,00      0,00      0,00      0,00      0,00      0,00    100,00
14:00:09          3      0,00      0,00      0,00      0,00      0,00      0,99      0,00      0,00      0,00     99,01

14:00:09        CPU      %usr     %nice      %sys   %iowait    %steal      %irq     %soft    %guest    %gnice     %idle
14:00:10        all      0,00      0,00      0,50      0,00      0,00      0,75      1,00      0,00      0,00     97,76
14:00:10          0      0,00      0,00      1,00      0,00      0,00      2,00      4,00      0,00      0,00     93,00
14:00:10          1      0,00      0,00      0,99      0,00      0,00      0,00      0,00      0,00      0,00     99,01
14:00:10          2      0,00      0,00      0,00      0,00      0,00      0,99      0,00      0,00      0,00     99,01
14:00:10          3      0,00      0,00      0,00      0,00      0,00      0,00      0,00      0,00      0,00    100,00

14:00:10        CPU      %usr     %nice      %sys   %iowait    %steal      %irq     %soft    %guest    %gnice     %idle
14:00:11        all      0,00      0,00      0,00      0,25      0,00      0,50      1,25      0,00      0,00     97,99
14:00:11          0      0,00      0,00      0,00      0,00      0,00      2,02      5,05      0,00      0,00     92,93
14:00:11          1      0,00      0,00      0,00      1,00      0,00      0,00      0,00      0,00      0,00     99,00
14:00:11          2      0,00      0,00      0,00      0,00      0,00      0,00      0,00      0,00      0,00    100,00
14:00:11          3      0,00      0,00      0,00      0,00      0,00      0,00      0,00      0,00      0,00    100,00

14:00:11        CPU      %usr     %nice      %sys   %iowait    %steal      %irq     %soft    %guest    %gnice     %idle
14:00:12        all      0,25      0,00      0,00      0,00      0,00      0,50      1,00      0,00      0,00     98,25
14:00:12          0      0,00      0,00      0,00      0,00      0,00      2,02      4,04      0,00      0,00     93,94
14:00:12          1      0,00      0,00      0,00      0,00      0,00      0,00      0,00      0,00      0,00    100,00
14:00:12          2      0,00      0,00      0,00      0,00      0,00      0,00      0,00      0,00      0,00    100,00
14:00:12          3      0,99      0,00      0,00      0,00      0,00      0,00      0,00      0,00      0,00     99,01

14:00:12        CPU      %usr     %nice      %sys   %iowait    %steal      %irq     %soft    %guest    %gnice     %idle
14:00:13        all      0,25      0,00      0,25      0,00      0,00      0,25      0,50      0,00      0,00     98,75
14:00:13          0      0,00      0,00      0,00      0,00      0,00      1,00      1,00      0,00      0,00     98,00
14:00:13          1      0,00      0,00      0,00      0,00      0,00      0,00      0,00      0,00      0,00    100,00
14:00:13          2      1,00      0,00      0,00      0,00      0,00      0,00      0,00      0,00      0,00     99,00
14:00:13          3      0,00      0,00      0,99      0,00      0,00      0,00      0,99      0,00      0,00     98,02

14:00:13        CPU      %usr     %nice      %sys   %iowait    %steal      %irq     %soft    %guest    %gnice     %idle
14:00:14        all      0,25      0,00      2,01      0,00      0,00      0,00      0,00      0,00      0,00     97,74
14:00:14          0      1,00      0,00      8,00      0,00      0,00      0,00      0,00      0,00      0,00     91,00
14:00:14          1      0,00      0,00      0,00      0,00      0,00      0,00      0,00      0,00      0,00    100,00
14:00:14          2      0,00      0,00      0,00      0,00      0,00      0,00      0,00      0,00      0,00    100,00
14:00:14          3      0,00      0,00      0,00      0,00      0,00      0,00      0,00      0,00      0,00    100,00

14:00:14        CPU      %usr     %nice      %sys   %iowait    %steal      %irq     %soft    %guest    %gnice     %idle
14:00:15        all      3,77      0,00      2,01      0,00      0,00      0,25      1,01      0,00      0,00     92,96
14:00:15          0      3,00      0,00      3,00      0,00      0,00      1,00      4,00      0,00      0,00     89,00
14:00:15          1      4,04      0,00      2,02      0,00      0,00      0,00      0,00      0,00      0,00     93,94
14:00:15          2      4,00      0,00      2,00      0,00      0,00      0,00      0,00      0,00      0,00     94,00
14:00:15          3      4,04      0,00      1,01      0,00      0,00      0,00      0,00      0,00      0,00     94,95

14:00:15        CPU      %usr     %nice      %sys   %iowait    %steal      %irq     %soft    %guest    %gnice     %idle
14:00:16        all     14,54      0,00      5,10      0,00      0,00      1,02      2,55      0,00      0,00     76,79
14:00:16          0     14,43      0,00      6,19      0,00      0,00      3,09     10,31      0,00      0,00     65,98
14:00:16          1     14,14      0,00      5,05      0,00      0,00      1,01      0,00      0,00      0,00     79,80
14:00:16          2     14,29      0,00      5,10      0,00      0,00      0,00      0,00      0,00      0,00     80,61
14:00:16          3     15,31      0,00      4,08      0,00      0,00      0,00      0,00      0,00      0,00     80,61

14:00:16        CPU      %usr     %nice      %sys   %iowait    %steal      %irq     %soft    %guest    %gnice     %idle
14:00:17        all      9,68      0,00      4,47      0,25      0,00      0,74      1,74      0,00      0,00     83,13
14:00:17          0      9,90      0,00      4,95      0,00      0,00      2,97      6,93      0,00      0,00     75,25
14:00:17          1      9,80      0,00      3,92      0,98      0,00      0,00      0,00      0,00      0,00     85,29
14:00:17          2      9,09      0,00      4,04      0,00      0,00      0,00      0,00      0,00      0,00     86,87
14:00:17          3      9,90      0,00      4,95      0,00      0,00      0,00      0,00      0,00      0,00     85,15

14:00:17        CPU      %usr     %nice      %sys   %iowait    %steal      %irq     %soft    %guest    %gnice     %idle
14:00:18        all      2,50      0,00      1,00      0,00      0,00      0,00      0,50      0,00      0,00     96,00
14:00:18          0      3,00      0,00      1,00      0,00      0,00      0,00      2,00      0,00      0,00     94,00
14:00:18          1      2,02      0,00      1,01      0,00      0,00      0,00      0,00      0,00      0,00     96,97
14:00:18          2      2,00      0,00      1,00      0,00      0,00      0,00      0,00      0,00      0,00     97,00
14:00:18          3      2,97      0,00      0,99      0,00      0,00      0,00      0,00      0,00      0,00     96,04

14:00:18        CPU      %usr     %nice      %sys   %iowait    %steal      %irq     %soft    %guest    %gnice     %idle
14:00:19        all      0,00      0,00      0,00      0,00      0,00      0,00      0,00      0,00      0,00    100,00
14:00:19          0      0,00      0,00      0,00      0,00      0,00      0,00      0,00      0,00      0,00    100,00
14:00:19          1      0,00      0,00      0,00      0,00      0,00      0,00      0,00      0,00      0,00    100,00
14:00:19          2      0,00      0,00      0,00      0,00      0,00      0,00      0,00      0,00      0,00    100,00
14:00:19          3      0,00      0,00      0,00      0,00      0,00      0,00      0,00      0,00      0,00    100,00

14:00:19        CPU      %usr     %nice      %sys   %iowait    %steal      %irq     %soft    %guest    %gnice     %idle
14:00:20        all      0,00      0,00      0,00      0,00      0,00      0,25      0,50      0,00      0,00     99,24
14:00:20          0      0,00      0,00      0,00      0,00      0,00      1,01      2,02      0,00      0,00     96,97
14:00:20          1      0,00      0,00      0,00      0,00      0,00      0,00      0,00      0,00      0,00    100,00
14:00:20          2      0,00      0,00      0,00      0,00      0,00      0,00      0,00      0,00      0,00    100,00
14:00:20          3      0,00      0,00      0,00      0,00      0,00      0,00      0,00      0,00      0,00    100,00

14:00:20        CPU      %usr     %nice      %sys   %iowait    %steal      %irq     %soft    %guest    %gnice     %idle
14:00:21        all      0,00      0,00      0,00      0,00      0,00      0,75      1,50      0,00      0,00     97,74
14:00:21          0      0,00      0,00      0,00      0,00      0,00      3,00      6,00      0,00      0,00     91,00
14:00:21          1      0,00      0,00      0,00      0,00      0,00      0,00      0,00      0,00      0,00    100,00
14:00:21          2      0,00      0,00      0,00      0,00      0,00      0,00      0,00      0,00      0,00    100,00
14:00:21          3      0,00      0,00      0,00      0,00      0,00      0,00      0,00      0,00      0,00    100,00

14:00:21        CPU      %usr     %nice      %sys   %iowait    %steal      %irq     %soft    %guest    %gnice     %idle
14:00:22        all      0,25      0,00      0,00      0,00      0,00      0,76      1,01      0,00      0,00     97,98
14:00:22          0      0,00      0,00      0,00      0,00      0,00      3,03      4,04      0,00      0,00     92,93
14:00:22          1      0,00      0,00      0,00      0,00      0,00      0,00      0,00      0,00      0,00    100,00
14:00:22          2      0,00      0,00      0,00      0,00      0,00      0,00      0,00      0,00      0,00    100,00
14:00:22          3      1,00      0,00      0,00      0,00      0,00      0,00      0,00      0,00      0,00     99,00

14:00:22        CPU      %usr     %nice      %sys   %iowait    %steal      %irq     %soft    %guest    %gnice     %idle
14:00:23        all      0,25      0,00      0,50      0,25      0,00      0,00      0,50      0,00      0,00     98,51
14:00:23          0      0,99      0,00      0,00      0,00      0,00      0,00      1,98      0,00      0,00     97,03
14:00:23          1      0,00      0,00      0,98      0,98      0,00      0,00      0,00      0,00      0,00     98,04
14:00:23          2      0,00      0,00      0,00      0,00      0,00      0,00      0,00      0,00      0,00    100,00
14:00:23          3      0,00      0,00      0,99      0,00      0,00      0,00      0,00      0,00      0,00     99,01

14:00:23        CPU      %usr     %nice      %sys   %iowait    %steal      %irq     %soft    %guest    %gnice     %idle
14:00:24        all      0,00      0,00      0,00      0,00      0,00      0,25      0,00      0,00      0,00     99,75
14:00:24          0      0,00      0,00      0,00      0,00      0,00      0,00      0,00      0,00      0,00    100,00
14:00:24          1      0,00      0,00      0,00      0,00      0,00      0,00      0,00      0,00      0,00    100,00
14:00:24          2      0,00      0,00      0,00      0,00      0,00      0,00      0,00      0,00      0,00    100,00
14:00:24          3      0,00      0,00      0,00      0,00      0,00      0,99      0,00      0,00      0,00     99,01

14:00:24        CPU      %usr     %nice      %sys   %iowait    %steal      %irq     %soft    %guest    %gnice     %idle
14:00:25        all      0,50      0,00      0,00      0,00      0,00      0,25      0,50      0,00      0,00     98,75
14:00:25          0      0,00      0,00      0,00      0,00      0,00      1,00      2,00      0,00      0,00     97,00
14:00:25          1      0,99      0,00      0,00      0,00      0,00      0,00      0,00      0,00      0,00     99,01
14:00:25          2      0,99      0,00      0,00      0,00      0,00      0,00      0,00      0,00      0,00     99,01
14:00:25          3      0,00      0,00      0,00      0,00      0,00      0,00      0,00      0,00      0,00    100,00

14:00:25        CPU      %usr     %nice      %sys   %iowait    %steal      %irq     %soft    %guest    %gnice     %idle
14:00:26        all      0,00      0,00      0,00      0,00      0,00      0,75      1,50      0,00      0,00     97,74
14:00:26          0      0,00      0,00      0,00      0,00      0,00      3,00      6,00      0,00      0,00     91,00
14:00:26          1      0,00      0,00      0,00      0,00      0,00      0,00      0,00      0,00      0,00    100,00
14:00:26          2      0,00      0,00      0,00      0,00      0,00      0,00      0,00      0,00      0,00    100,00
14:00:26          3      0,00      0,00      0,00      0,00      0,00      0,00      0,00      0,00      0,00    100,00

14:00:26        CPU      %usr     %nice      %sys   %iowait    %steal      %irq     %soft    %guest    %gnice     %idle
14:00:27        all      0,25      0,00      0,00      0,00      0,00      0,75      1,01      0,00      0,00     97,99
14:00:27          0      0,00      0,00      0,00      0,00      0,00      3,03      4,04      0,00      0,00     92,93
14:00:27          1      0,00      0,00      0,00      0,00      0,00      0,00      0,00      0,00      0,00    100,00
14:00:27          2      0,00      0,00      0,00      0,00      0,00      0,00      0,00      0,00      0,00    100,00
14:00:27          3      1,00      0,00      0,00      0,00      0,00      0,00      0,00      0,00      0,00     99,00

14:00:27        CPU      %usr     %nice      %sys   %iowait    %steal      %irq     %soft    %guest    %gnice     %idle
14:00:28        all      0,00      0,00      0,25      0,50      0,00      0,00      0,50      0,00      0,00     98,74
14:00:28          0      0,00      0,00      1,00      0,00      0,00      0,00      2,00      0,00      0,00     97,00
14:00:28          1      0,00      0,00      0,00      0,00      0,00      0,00      0,00      0,00      0,00    100,00
14:00:28          2      0,00      0,00      0,00      0,00      0,00      0,00      0,00      0,00      0,00    100,00
14:00:28          3      0,00      0,00      0,00      2,04      0,00      0,00      0,00      0,00      0,00     97,96

14:00:28        CPU      %usr     %nice      %sys   %iowait    %steal      %irq     %soft    %guest    %gnice     %idle
14:00:29        all      0,25      0,00      0,00      0,00      0,00      0,00      0,00      0,00      0,00     99,75
14:00:29          0      0,00      0,00      0,00      0,00      0,00      0,00      0,00      0,00      0,00    100,00
14:00:29          1      0,99      0,00      0,00      0,00      0,00      0,00      0,00      0,00      0,00     99,01
14:00:29          2      0,00      0,00      0,00      0,00      0,00      0,00      0,00      0,00      0,00    100,00
14:00:29          3      0,00      0,00      0,00      0,00      0,00      0,00      0,00      0,00      0,00    100,00

14:00:29        CPU      %usr     %nice      %sys   %iowait    %steal      %irq     %soft    %guest    %gnice     %idle
14:00:30        all      0,74      0,00      0,50      0,25      0,00      0,50      0,74      0,00      0,00     97,28
14:00:30          0      0,99      0,00      0,00      0,00      0,00      1,98      2,97      0,00      0,00     94,06
14:00:30          1      0,00      0,00      0,99      0,99      0,00      0,00      0,00      0,00      0,00     98,02
14:00:30          2      0,99      0,00      0,00      0,00      0,00      0,00      0,00      0,00      0,00     99,01
14:00:30          3      0,99      0,00      0,99      0,00      0,00      0,00      0,00      0,00      0,00     98,02

14:00:30        CPU      %usr     %nice      %sys   %iowait    %steal      %irq     %soft    %guest    %gnice     %idle
14:00:31        all      0,00      0,00      0,00      0,00      0,00      0,51      1,26      0,00      0,00     98,23
14:00:31          0      0,00      0,00      0,00      0,00      0,00      2,02      5,05      0,00      0,00     92,93
14:00:31          1      0,00      0,00      0,00      0,00      0,00      0,00      0,00      0,00      0,00    100,00
14:00:31          2      0,00      0,00      0,00      0,00      0,00      0,00      0,00      0,00      0,00    100,00
14:00:31          3      0,00      0,00      0,00      0,00      0,00      0,00      0,00      0,00      0,00    100,00

14:00:31        CPU      %usr     %nice      %sys   %iowait    %steal      %irq     %soft    %guest    %gnice     %idle
14:00:32        all      0,25      0,00      0,00      0,00      0,00      0,75      1,25      0,00      0,00     97,75
14:00:32          0      0,00      0,00      0,00      0,00      0,00      3,00      5,00      0,00      0,00     92,00
14:00:32          1      0,00      0,00      0,00      0,00      0,00      0,00      0,00      0,00      0,00    100,00
14:00:32          2      0,00      0,00      0,00      0,00      0,00      0,00      0,00      0,00      0,00    100,00
14:00:32          3      1,00      0,00      0,00      0,00      0,00      0,00      0,00      0,00      0,00     99,00

14:00:32        CPU      %usr     %nice      %sys   %iowait    %steal      %irq     %soft    %guest    %gnice     %idle
14:00:33        all      0,75      0,00      0,25      0,25      0,00      0,25      0,50      0,00      0,00     98,00
14:00:33          0      1,00      0,00      0,00      0,00      0,00      1,00      2,00      0,00      0,00     96,00
14:00:33          1      1,00      0,00      0,00      1,00      0,00      0,00      0,00      0,00      0,00     98,00
14:00:33          2      0,00      0,00      0,99      0,00      0,00      0,00      0,00      0,00      0,00     99,01
14:00:33          3      1,00      0,00      0,00      0,00      0,00      0,00      0,00      0,00      0,00     99,00

14:00:33        CPU      %usr     %nice      %sys   %iowait    %steal      %irq     %soft    %guest    %gnice     %idle
14:00:34        all      0,00      0,00      0,00      0,25      0,00      0,00      0,00      0,00      0,00     99,75
14:00:34          0      0,00      0,00      0,00      0,00      0,00      0,00      0,00      0,00      0,00    100,00
14:00:34          1      0,00      0,00      0,00      0,99      0,00      0,00      0,00      0,00      0,00     99,01
14:00:34          2      0,00      0,00      0,00      0,00      0,00      0,00      0,00      0,00      0,00    100,00
14:00:34          3      0,00      0,00      0,00      0,00      0,00      0,00      0,00      0,00      0,00    100,00

14:00:34        CPU      %usr     %nice      %sys   %iowait    %steal      %irq     %soft    %guest    %gnice     %idle
14:00:35        all      0,25      0,00      0,25      0,00      0,00      0,25      0,50      0,00      0,00     98,75
14:00:35          0      0,00      0,00      0,00      0,00      0,00      1,01      2,02      0,00      0,00     96,97
14:00:35          1      0,00      0,00      0,00      0,00      0,00      0,00      0,00      0,00      0,00    100,00
14:00:35          2      0,99      0,00      0,00      0,00      0,00      0,00      0,00      0,00      0,00     99,01
14:00:35          3      0,00      0,00      1,00      0,00      0,00      0,00      0,00      0,00      0,00     99,00

14:00:35        CPU      %usr     %nice      %sys   %iowait    %steal      %irq     %soft    %guest    %gnice     %idle
14:00:36        all      0,25      0,00      0,00      0,00      0,00      0,75      1,25      0,00      0,00     97,74
14:00:36          0      0,00      0,00      0,00      0,00      0,00      2,02      5,05      0,00      0,00     92,93
14:00:36          1      0,00      0,00      0,00      0,00      0,00      0,00      0,00      0,00      0,00    100,00
14:00:36          2      0,00      0,00      0,00      0,00      0,00      0,00      0,00      0,00      0,00    100,00
14:00:36          3      0,99      0,00      0,00      0,00      0,00      0,99      0,00      0,00      0,00     98,02

14:00:36        CPU      %usr     %nice      %sys   %iowait    %steal      %irq     %soft    %guest    %gnice     %idle
14:00:37        all      0,00      0,00      2,00      0,00      0,00      0,75      1,50      0,00      0,00     95,75
14:00:37          0      0,00      0,00      8,00      0,00      0,00      3,00      5,00      0,00      0,00     84,00
14:00:37          1      0,00      0,00      0,00      0,00      0,00      0,00      1,00      0,00      0,00     99,00
14:00:37          2      0,00      0,00      0,00      0,00      0,00      0,00      0,00      0,00      0,00    100,00
14:00:37          3      0,00      0,00      0,00      0,00      0,00      0,00      0,00      0,00      0,00    100,00

14:00:37        CPU      %usr     %nice      %sys   %iowait    %steal      %irq     %soft    %guest    %gnice     %idle
14:00:38        all      0,00      0,00      0,00      0,00      0,00      0,25      0,50      0,00      0,00     99,24
14:00:38          0      0,00      0,00      0,00      0,00      0,00      1,01      2,02      0,00      0,00     96,97
14:00:38          1      0,00      0,00      0,00      0,00      0,00      0,00      0,00      0,00      0,00    100,00
14:00:38          2      0,00      0,00      0,00      0,00      0,00      0,00      0,00      0,00      0,00    100,00
14:00:38          3      0,00      0,00      0,00      0,00      0,00      0,00      0,00      0,00      0,00    100,00

14:00:38        CPU      %usr     %nice      %sys   %iowait    %steal      %irq     %soft    %guest    %gnice     %idle
14:00:39        all      0,74      0,00      0,00      0,00      0,00      0,25      0,25      0,00      0,00     98,76
14:00:39          0      0,99      0,00      0,00      0,00      0,00      0,00      0,99      0,00      0,00     98,02
14:00:39          1      0,99      0,00      0,00      0,00      0,00      0,00      0,00      0,00      0,00     99,01
14:00:39          2      0,00      0,00      0,00      0,00      0,00      1,00      0,00      0,00      0,00     99,00
14:00:39          3      0,99      0,00      0,00      0,00      0,00      0,00      0,00      0,00      0,00     99,01

14:00:39        CPU      %usr     %nice      %sys   %iowait    %steal      %irq     %soft    %guest    %gnice     %idle
14:00:40        all      0,00      0,00      0,75      0,25      0,00      0,25      0,50      0,00      0,00     98,25
14:00:40          0      0,00      0,00      1,01      0,00      0,00      1,01      2,02      0,00      0,00     95,96
14:00:40          1      0,00      0,00      0,99      0,99      0,00      0,00      0,00      0,00      0,00     98,02
14:00:40          2      0,00      0,00      0,00      0,00      0,00      0,00      0,00      0,00      0,00    100,00
14:00:40          3      0,00      0,00      1,00      0,00      0,00      0,00      0,00      0,00      0,00     99,00

14:00:40        CPU      %usr     %nice      %sys   %iowait    %steal      %irq     %soft    %guest    %gnice     %idle
14:00:41        all      0,25      0,00      0,00      0,00      0,00      0,75      1,26      0,00      0,00     97,74
14:00:41          0      0,00      0,00      0,00      0,00      0,00      3,00      5,00      0,00      0,00     92,00
14:00:41          1      0,00      0,00      0,00      0,00      0,00      0,00      0,00      0,00      0,00    100,00
14:00:41          2      1,00      0,00      0,00      0,00      0,00      0,00      0,00      0,00      0,00     99,00
14:00:41          3      0,00      0,00      0,00      0,00      0,00      0,00      0,00      0,00      0,00    100,00

14:00:41        CPU      %usr     %nice      %sys   %iowait    %steal      %irq     %soft    %guest    %gnice     %idle
14:00:42        all      0,50      0,00      0,00      0,00      0,00      0,50      1,25      0,00      0,00     97,74
14:00:42          0      0,00      0,00      0,00      0,00      0,00      2,02      5,05      0,00      0,00     92,93
14:00:42          1      1,00      0,00      0,00      0,00      0,00      0,00      0,00      0,00      0,00     99,00
14:00:42          2      0,00      0,00      0,00      0,00      0,00      0,00      0,00      0,00      0,00    100,00
14:00:42          3      1,00      0,00      0,00      0,00      0,00      0,00      0,00      0,00      0,00     99,00

14:00:42        CPU      %usr     %nice      %sys   %iowait    %steal      %irq     %soft    %guest    %gnice     %idle
14:00:43        all      0,25      0,00      0,25      0,00      0,00      0,50      0,50      0,00      0,00     98,50
14:00:43          0      0,00      0,00      0,00      0,00      0,00      2,00      2,00      0,00      0,00     96,00
14:00:43          1      0,00      0,00      0,00      0,00      0,00      0,00      0,00      0,00      0,00    100,00
14:00:43          2      0,00      0,00      0,00      0,00      0,00      0,00      0,00      0,00      0,00    100,00
14:00:43          3      0,99      0,00      0,99      0,00      0,00      0,00      0,00      0,00      0,00     98,02

14:00:43        CPU      %usr     %nice      %sys   %iowait    %steal      %irq     %soft    %guest    %gnice     %idle
14:00:44        all      0,00      0,00      0,50      0,00      0,00      0,00      0,25      0,00      0,00     99,25
14:00:44          0      0,00      0,00      0,99      0,00      0,00      0,00      0,99      0,00      0,00     98,02
14:00:44          1      0,00      0,00      0,00      0,00      0,00      0,00      0,00      0,00      0,00    100,00
14:00:44          2      0,00      0,00      0,99      0,00      0,00      0,00      0,00      0,00      0,00     99,01
14:00:44          3      0,00      0,00      0,00      0,00      0,00      0,00      0,00      0,00      0,00    100,00

14:00:44        CPU      %usr     %nice      %sys   %iowait    %steal      %irq     %soft    %guest    %gnice     %idle
14:00:45        all      0,00      0,00      0,00      0,00      0,00      0,50      0,50      0,00      0,00     98,99
14:00:45          0      0,00      0,00      0,00      0,00      0,00      1,01      2,02      0,00      0,00     96,97
14:00:45          1      0,00      0,00      0,00      0,00      0,00      0,99      0,00      0,00      0,00     99,01
14:00:45          2      0,00      0,00      0,00      0,00      0,00      0,00      0,00      0,00      0,00    100,00
14:00:45          3      0,00      0,00      0,00      0,00      0,00      0,00      0,00      0,00      0,00    100,00

14:00:45        CPU      %usr     %nice      %sys   %iowait    %steal      %irq     %soft    %guest    %gnice     %idle
14:00:46        all      0,75      0,00      0,00      0,00      0,00      0,50      1,25      0,00      0,00     97,50
14:00:46          0      1,00      0,00      0,00      0,00      0,00      2,00      5,00      0,00      0,00     92,00
14:00:46          1      0,00      0,00      0,00      0,00      0,00      0,00      0,00      0,00      0,00    100,00
14:00:46          2      0,99      0,00      0,00      0,00      0,00      0,00      0,00      0,00      0,00     99,01
14:00:46          3      1,00      0,00      0,00      0,00      0,00      0,00      0,00      0,00      0,00     99,00

Média:         CPU      %usr     %nice      %sys   %iowait    %steal      %irq     %soft    %guest    %gnice     %idle
Média:         all      1,14      0,00      0,58      0,06      0,00      0,38      0,76      0,00      0,00     97,09
Média:           0      1,12      0,00      0,97      0,00      0,00      1,37      2,99      0,00      0,00     93,55
Média:           1      1,12      0,00      0,45      0,18      0,00      0,05      0,02      0,00      0,00     98,18
Média:           2      1,10      0,00      0,42      0,00      0,00      0,03      0,02      0,00      0,00     98,43
Média:           3      1,22      0,00      0,47      0,07      0,00      0,05      0,02      0,00      0,00     98,18
