Linux 5.14.0-503.19.1.el9_5.x86_64 (localhost.localdomain) 	25/12/2024 	_x86_64_	(4 CPU)

21:50:23        CPU      %usr     %nice      %sys   %iowait    %steal      %irq     %soft    %guest    %gnice     %idle
21:50:24        all      0,00      0,00      0,00      0,00      0,00      0,00      0,00      0,00      0,00    100,00
21:50:24          0      0,00      0,00      0,00      0,00      0,00      0,00      0,00      0,00      0,00    100,00
21:50:24          1      0,00      0,00      0,00      0,00      0,00      0,00      0,00      0,00      0,00    100,00
21:50:24          2      0,00      0,00      0,00      0,00      0,00      0,00      0,00      0,00      0,00    100,00
21:50:24          3      0,00      0,00      0,00      0,00      0,00      0,00      0,00      0,00      0,00    100,00

21:50:24        CPU      %usr     %nice      %sys   %iowait    %steal      %irq     %soft    %guest    %gnice     %idle
21:50:25        all      0,00      0,00      0,25      0,00      0,00      0,00      0,00      0,00      0,00     99,75
21:50:25          0      0,00      0,00      0,00      0,00      0,00      0,00      0,00      0,00      0,00    100,00
21:50:25          1      0,00      0,00      0,99      0,00      0,00      0,00      0,00      0,00      0,00     99,01
21:50:25          2      0,00      0,00      0,00      0,00      0,00      0,00      0,00      0,00      0,00    100,00
21:50:25          3      0,00      0,00      0,00      0,00      0,00      0,00      0,00      0,00      0,00    100,00

21:50:25        CPU      %usr     %nice      %sys   %iowait    %steal      %irq     %soft    %guest    %gnice     %idle
21:50:26        all      0,00      0,00      0,00      0,25      0,00      0,00      0,00      0,00      0,00     99,75
21:50:26          0      0,00      0,00      0,00      0,00      0,00      0,00      0,00      0,00      0,00    100,00
21:50:26          1      0,00      0,00      0,00      1,00      0,00      0,00      0,00      0,00      0,00     99,00
21:50:26          2      0,00      0,00      0,00      0,00      0,00      0,00      0,00      0,00      0,00    100,00
21:50:26          3      0,00      0,00      0,00      0,00      0,00      0,00      0,00      0,00      0,00    100,00

21:50:26        CPU      %usr     %nice      %sys   %iowait    %steal      %irq     %soft    %guest    %gnice     %idle
21:50:27        all      1,99      0,00      1,49      0,00      0,00      0,75      0,50      0,00      0,00     95,27
21:50:27          0      0,99      0,00      0,99      0,00      0,00      0,99      0,99      0,00      0,00     96,04
21:50:27          1      2,00      0,00      1,00      0,00      0,00      0,00      0,00      0,00      0,00     97,00
21:50:27          2      1,00      0,00      2,00      0,00      0,00      1,00      0,00      0,00      0,00     96,00
21:50:27          3      3,96      0,00      1,98      0,00      0,00      0,99      0,99      0,00      0,00     92,08

21:50:27        CPU      %usr     %nice      %sys   %iowait    %steal      %irq     %soft    %guest    %gnice     %idle
21:50:28        all      4,27      0,00      2,26      0,00      0,00      0,50      0,50      0,00      0,00     92,46
21:50:28          0      5,00      0,00      2,00      0,00      0,00      0,00      0,00      0,00      0,00     93,00
21:50:28          1      3,06      0,00      1,02      0,00      0,00      1,02      0,00      0,00      0,00     94,90
21:50:28          2      4,04      0,00      2,02      0,00      0,00      0,00      0,00      0,00      0,00     93,94
21:50:28          3      4,95      0,00      3,96      0,00      0,00      0,99      1,98      0,00      0,00     88,12

21:50:28        CPU      %usr     %nice      %sys   %iowait    %steal      %irq     %soft    %guest    %gnice     %idle
21:50:29        all      4,06      0,00      2,28      0,00      0,00      0,51      0,25      0,00      0,00     92,89
21:50:29          0      2,04      0,00      2,04      0,00      0,00      0,00      0,00      0,00      0,00     95,92
21:50:29          1      4,04      0,00      2,02      0,00      0,00      0,00      0,00      0,00      0,00     93,94
21:50:29          2      2,04      0,00      2,04      0,00      0,00      0,00      0,00      0,00      0,00     95,92
21:50:29          3      8,08      0,00      3,03      0,00      0,00      2,02      1,01      0,00      0,00     85,86

21:50:29        CPU      %usr     %nice      %sys   %iowait    %steal      %irq     %soft    %guest    %gnice     %idle
21:50:30        all      3,81      0,00      2,03      0,00      0,00      0,76      0,76      0,00      0,00     92,64
21:50:30          0      4,04      0,00      2,02      0,00      0,00      0,00      0,00      0,00      0,00     93,94
21:50:30          1      2,02      0,00      1,01      0,00      0,00      0,00      0,00      0,00      0,00     96,97
21:50:30          2      2,00      0,00      1,00      0,00      0,00      1,00      0,00      0,00      0,00     96,00
21:50:30          3      7,29      0,00      4,17      0,00      0,00      2,08      3,12      0,00      0,00     83,33

21:50:30        CPU      %usr     %nice      %sys   %iowait    %steal      %irq     %soft    %guest    %gnice     %idle
21:50:31        all      5,29      0,00      3,02      0,00      0,00      0,76      0,76      0,00      0,00     90,18
21:50:31          0      5,00      0,00      4,00      0,00      0,00      0,00      0,00      0,00      0,00     91,00
21:50:31          1      2,02      0,00      1,01      0,00      0,00      0,00      0,00      0,00      0,00     96,97
21:50:31          2      4,04      0,00      2,02      0,00      0,00      0,00      0,00      0,00      0,00     93,94
21:50:31          3     10,10      0,00      5,05      0,00      0,00      3,03      3,03      0,00      0,00     78,79

21:50:31        CPU      %usr     %nice      %sys   %iowait    %steal      %irq     %soft    %guest    %gnice     %idle
21:50:32        all      6,27      0,00      3,26      0,75      0,00      1,25      0,75      0,00      0,00     87,72
21:50:32          0      6,00      0,00      3,00      0,00      0,00      1,00      0,00      0,00      0,00     90,00
21:50:32          1      7,00      0,00      3,00      1,00      0,00      1,00      0,00      0,00      0,00     88,00
21:50:32          2      2,97      0,00      1,98      1,98      0,00      0,00      0,00      0,00      0,00     93,07
21:50:32          3      9,18      0,00      5,10      0,00      0,00      3,06      3,06      0,00      0,00     79,59

21:50:32        CPU      %usr     %nice      %sys   %iowait    %steal      %irq     %soft    %guest    %gnice     %idle
21:50:33        all      7,16      0,00      3,84      0,00      0,00      1,02      0,77      0,00      0,00     87,21
21:50:33          0     14,43      0,00     10,31      0,00      0,00      0,00      0,00      0,00      0,00     75,26
21:50:33          1      2,02      0,00      0,00      0,00      0,00      0,00      0,00      0,00      0,00     97,98
21:50:33          2      4,08      0,00      2,04      0,00      0,00      0,00      0,00      0,00      0,00     93,88
21:50:33          3      8,25      0,00      3,09      0,00      0,00      4,12      3,09      0,00      0,00     81,44

21:50:33        CPU      %usr     %nice      %sys   %iowait    %steal      %irq     %soft    %guest    %gnice     %idle
21:50:34        all      6,58      0,00      4,30      0,00      0,00      1,52      1,01      0,00      0,00     86,58
21:50:34          0      9,28      0,00      5,15      0,00      0,00      0,00      0,00      0,00      0,00     85,57
21:50:34          1      5,00      0,00      4,00      0,00      0,00      0,00      0,00      0,00      0,00     91,00
21:50:34          2      2,00      0,00      2,00      0,00      0,00      1,00      0,00      0,00      0,00     95,00
21:50:34          3     10,20      0,00      6,12      0,00      0,00      5,10      4,08      0,00      0,00     74,49

21:50:34        CPU      %usr     %nice      %sys   %iowait    %steal      %irq     %soft    %guest    %gnice     %idle
21:50:35        all      8,18      0,00      3,84      0,00      0,00      1,02      1,28      0,00      0,00     85,68
21:50:35          0     10,10      0,00      4,04      0,00      0,00      0,00      0,00      0,00      0,00     85,86
21:50:35          1      4,04      0,00      3,03      0,00      0,00      0,00      0,00      0,00      0,00     92,93
21:50:35          2      4,08      0,00      1,02      0,00      0,00      0,00      0,00      0,00      0,00     94,90
21:50:35          3     14,74      0,00      7,37      0,00      0,00      4,21      5,26      0,00      0,00     68,42

21:50:35        CPU      %usr     %nice      %sys   %iowait    %steal      %irq     %soft    %guest    %gnice     %idle
21:50:36        all      8,93      0,00      4,59      0,00      0,00      1,53      1,28      0,00      0,00     83,67
21:50:36          0      6,12      0,00      3,06      0,00      0,00      0,00      0,00      0,00      0,00     90,82
21:50:36          1      7,14      0,00      3,06      0,00      0,00      0,00      0,00      0,00      0,00     89,80
21:50:36          2      2,02      0,00      1,01      0,00      0,00      0,00      0,00      0,00      0,00     96,97
21:50:36          3     20,62      0,00     11,34      0,00      0,00      6,19      5,15      0,00      0,00     56,70

21:50:36        CPU      %usr     %nice      %sys   %iowait    %steal      %irq     %soft    %guest    %gnice     %idle
21:50:37        all      8,88      0,00      4,57      0,00      0,00      1,52      1,52      0,00      0,00     83,50
21:50:37          0      9,00      0,00      5,00      0,00      0,00      1,00      0,00      0,00      0,00     85,00
21:50:37          1      9,00      0,00      3,00      0,00      0,00      0,00      0,00      0,00      0,00     88,00
21:50:37          2     10,31      0,00      6,19      0,00      0,00      0,00      1,03      0,00      0,00     82,47
21:50:37          3      7,22      0,00      4,12      0,00      0,00      5,15      5,15      0,00      0,00     78,35

21:50:37        CPU      %usr     %nice      %sys   %iowait    %steal      %irq     %soft    %guest    %gnice     %idle
21:50:38        all     11,03      0,00      5,13      0,00      0,00      1,54      1,28      0,00      0,00     81,03
21:50:38          0     13,40      0,00      6,19      0,00      0,00      0,00      0,00      0,00      0,00     80,41
21:50:38          1      6,06      0,00      2,02      0,00      0,00      0,00      0,00      0,00      0,00     91,92
21:50:38          2     10,10      0,00      5,05      0,00      0,00      1,01      0,00      0,00      0,00     83,84
21:50:38          3     14,74      0,00      7,37      0,00      0,00      5,26      5,26      0,00      0,00     67,37

21:50:38        CPU      %usr     %nice      %sys   %iowait    %steal      %irq     %soft    %guest    %gnice     %idle
21:50:39        all     10,66      0,00      5,33      0,00      0,00      1,78      1,27      0,00      0,00     80,96
21:50:39          0     11,22      0,00      6,12      0,00      0,00      0,00      0,00      0,00      0,00     82,65
21:50:39          1      7,14      0,00      2,04      0,00      0,00      1,02      0,00      0,00      0,00     89,80
21:50:39          2     16,33      0,00      8,16      0,00      0,00      0,00      0,00      0,00      0,00     75,51
21:50:39          3      8,00      0,00      5,00      0,00      0,00      6,00      5,00      0,00      0,00     76,00

21:50:39        CPU      %usr     %nice      %sys   %iowait    %steal      %irq     %soft    %guest    %gnice     %idle
21:50:40        all     11,90      0,00      6,08      0,25      0,00      1,52      2,03      0,00      0,00     78,23
21:50:40          0      6,00      0,00      3,00      0,00      0,00      0,00      1,00      0,00      0,00     90,00
21:50:40          1      9,00      0,00      3,00      1,00      0,00      0,00      1,00      0,00      0,00     86,00
21:50:40          2     11,00      0,00      6,00      0,00      0,00      0,00      0,00      0,00      0,00     83,00
21:50:40          3     22,11      0,00     12,63      0,00      0,00      6,32      6,32      0,00      0,00     52,63

21:50:40        CPU      %usr     %nice      %sys   %iowait    %steal      %irq     %soft    %guest    %gnice     %idle
21:50:41        all     12,37      0,00      5,81      0,00      0,00      1,77      1,52      0,00      0,00     78,54
21:50:41          0      3,03      0,00      1,01      0,00      0,00      0,00      0,00      0,00      0,00     95,96
21:50:41          1      8,00      0,00      4,00      0,00      0,00      0,00      0,00      0,00      0,00     88,00
21:50:41          2     20,20      0,00      9,09      0,00      0,00      1,01      0,00      0,00      0,00     69,70
21:50:41          3     18,37      0,00      9,18      0,00      0,00      6,12      6,12      0,00      0,00     60,20

21:50:41        CPU      %usr     %nice      %sys   %iowait    %steal      %irq     %soft    %guest    %gnice     %idle
21:50:42        all     12,15      0,00      8,35      0,00      0,00      2,03      1,77      0,00      0,00     75,70
21:50:42          0      6,06      0,00      4,04      0,00      0,00      1,01      0,00      0,00      0,00     88,89
21:50:42          1      4,08      0,00      1,02      0,00      0,00      0,00      0,00      0,00      0,00     94,90
21:50:42          2      7,07      0,00      4,04      0,00      0,00      0,00      0,00      0,00      0,00     88,89
21:50:42          3     31,31      0,00     24,24      0,00      0,00      7,07      7,07      0,00      0,00     30,30

21:50:42        CPU      %usr     %nice      %sys   %iowait    %steal      %irq     %soft    %guest    %gnice     %idle
21:50:43        all     11,93      0,00      6,85      0,00      0,00      1,78      1,78      0,00      0,00     77,66
21:50:43          0      1,01      0,00      0,00      0,00      0,00      0,00      0,00      0,00      0,00     98,99
21:50:43          1      3,00      0,00      2,00      0,00      0,00      1,00      0,00      0,00      0,00     94,00
21:50:43          2      2,00      0,00      1,00      0,00      0,00      0,00      0,00      0,00      0,00     97,00
21:50:43          3     43,16      0,00     25,26      0,00      0,00      6,32      7,37      0,00      0,00     17,89

21:50:43        CPU      %usr     %nice      %sys   %iowait    %steal      %irq     %soft    %guest    %gnice     %idle
21:50:44        all     12,69      0,00      6,60      0,00      0,00      1,52      1,78      0,00      0,00     77,41
21:50:44          0      1,00      0,00      0,00      0,00      0,00      0,00      0,00      0,00      0,00     99,00
21:50:44          1     11,22      0,00      4,08      0,00      0,00      0,00      0,00      0,00      0,00     84,69
21:50:44          2      7,14      0,00      3,06      0,00      0,00      0,00      0,00      0,00      0,00     89,80
21:50:44          3     31,63      0,00     19,39      0,00      0,00      6,12      7,14      0,00      0,00     35,71

21:50:44        CPU      %usr     %nice      %sys   %iowait    %steal      %irq     %soft    %guest    %gnice     %idle
21:50:45        all     13,38      0,00      6,57      0,00      0,00      1,77      1,77      0,00      0,00     76,52
21:50:45          0     24,74      0,00     10,31      0,00      0,00      0,00      0,00      0,00      0,00     64,95
21:50:45          1      6,00      0,00      3,00      0,00      0,00      0,00      0,00      0,00      0,00     91,00
21:50:45          2      2,94      0,00      0,98      0,00      0,00      0,98      0,00      0,00      0,00     95,10
21:50:45          3     20,62      0,00     12,37      0,00      0,00      6,19      7,22      0,00      0,00     53,61

21:50:45        CPU      %usr     %nice      %sys   %iowait    %steal      %irq     %soft    %guest    %gnice     %idle
21:50:46        all     13,57      0,00      7,29      0,00      0,00      2,01      1,76      0,00      0,00     75,38
21:50:46          0      6,93      0,00      3,96      0,00      0,00      0,99      0,00      0,00      0,00     88,12
21:50:46          1     22,22      0,00     12,12      0,00      0,00      0,00      0,00      0,00      0,00     65,66
21:50:46          2      2,04      0,00      0,00      0,00      0,00      0,00      0,00      0,00      0,00     97,96
21:50:46          3     23,00      0,00     13,00      0,00      0,00      7,00      7,00      0,00      0,00     50,00

21:50:46        CPU      %usr     %nice      %sys   %iowait    %steal      %irq     %soft    %guest    %gnice     %idle
21:50:47        all     14,50      0,00      6,25      0,00      0,00      1,75      1,50      0,00      0,00     76,00
21:50:47          0     47,96      0,00     21,43      0,00      0,00      0,00      0,00      0,00      0,00     30,61
21:50:47          1      1,96      0,00      0,98      0,00      0,00      0,98      0,00      0,00      0,00     96,08
21:50:47          2      5,94      0,00      1,98      0,00      0,00      0,00      0,00      0,00      0,00     92,08
21:50:47          3      3,03      0,00      1,01      0,00      0,00      6,06      6,06      0,00      0,00     83,84

21:50:47        CPU      %usr     %nice      %sys   %iowait    %steal      %irq     %soft    %guest    %gnice     %idle
21:50:48        all     14,43      0,00      6,58      0,25      0,00      1,52      1,77      0,00      0,00     75,44
21:50:48          0      9,00      0,00      4,00      0,00      0,00      0,00      0,00      0,00      0,00     87,00
21:50:48          1      1,01      0,00      1,01      1,01      0,00      0,00      0,00      0,00      0,00     96,97
21:50:48          2     21,65      0,00      7,22      0,00      0,00      0,00      0,00      0,00      0,00     71,13
21:50:48          3     26,26      0,00     14,14      0,00      0,00      6,06      7,07      0,00      0,00     46,46

21:50:48        CPU      %usr     %nice      %sys   %iowait    %steal      %irq     %soft    %guest    %gnice     %idle
21:50:49        all     15,19      0,00      8,10      0,00      0,00      1,77      1,77      0,00      0,00     73,16
21:50:49          0      5,05      0,00      1,01      0,00      0,00      1,01      0,00      0,00      0,00     92,93
21:50:49          1     20,62      0,00      8,25      0,00      0,00      0,00      0,00      0,00      0,00     71,13
21:50:49          2      8,91      0,00      4,95      0,00      0,00      0,99      0,00      0,00      0,00     85,15
21:50:49          3     26,53      0,00     18,37      0,00      0,00      5,10      7,14      0,00      0,00     42,86

21:50:49        CPU      %usr     %nice      %sys   %iowait    %steal      %irq     %soft    %guest    %gnice     %idle
21:50:50        all     15,91      0,00      8,08      0,00      0,00      1,77      1,77      0,00      0,00     72,47
21:50:50          0      3,06      0,00      1,02      0,00      0,00      0,00      0,00      0,00      0,00     95,92
21:50:50          1     25,74      0,00     13,86      0,00      0,00      0,99      0,00      0,00      0,00     59,41
21:50:50          2     10,20      0,00      3,06      0,00      0,00      0,00      0,00      0,00      0,00     86,73
21:50:50          3     24,24      0,00     14,14      0,00      0,00      6,06      7,07      0,00      0,00     48,48

21:50:50        CPU      %usr     %nice      %sys   %iowait    %steal      %irq     %soft    %guest    %gnice     %idle
21:50:51        all     16,58      0,00      8,04      0,00      0,00      1,26      2,01      0,00      0,00     72,11
21:50:51          0      4,00      0,00      1,00      0,00      0,00      0,00      0,00      0,00      0,00     95,00
21:50:51          1      9,09      0,00      4,04      0,00      0,00      0,00      0,00      0,00      0,00     86,87
21:50:51          2      6,06      0,00      3,03      0,00      0,00      0,00      0,00      0,00      0,00     90,91
21:50:51          3     47,00      0,00     24,00      0,00      0,00      5,00      8,00      0,00      0,00     16,00

21:50:51        CPU      %usr     %nice      %sys   %iowait    %steal      %irq     %soft    %guest    %gnice     %idle
21:50:52        all     15,91      0,00      8,08      0,00      0,00      1,26      2,02      0,00      0,00     72,73
21:50:52          0      5,05      0,00      2,02      0,00      0,00      0,00      0,00      0,00      0,00     92,93
21:50:52          1      3,06      0,00      2,04      0,00      0,00      0,00      0,00      0,00      0,00     94,90
21:50:52          2      8,00      0,00      4,00      0,00      0,00      0,00      0,00      0,00      0,00     88,00
21:50:52          3     47,47      0,00     24,24      0,00      0,00      5,05      8,08      0,00      0,00     15,15

21:50:52        CPU      %usr     %nice      %sys   %iowait    %steal      %irq     %soft    %guest    %gnice     %idle
21:50:53        all     15,79      0,00      8,27      0,00      0,00      1,50      2,26      0,00      0,00     72,18
21:50:53          0      9,00      0,00      5,00      0,00      0,00      1,00      0,00      0,00      0,00     85,00
21:50:53          1      7,07      0,00      2,02      0,00      0,00      0,00      0,00      0,00      0,00     90,91
21:50:53          2      6,06      0,00      3,03      0,00      0,00      0,00      0,00      0,00      0,00     90,91
21:50:53          3     40,59      0,00     22,77      0,00      0,00      4,95      8,91      0,00      0,00     22,77

21:50:53        CPU      %usr     %nice      %sys   %iowait    %steal      %irq     %soft    %guest    %gnice     %idle
21:50:54        all     17,46      0,00      7,98      0,00      0,00      1,50      2,49      0,00      0,00     70,57
21:50:54          0      6,93      0,00      2,97      0,00      0,00      0,00      0,99      0,00      0,00     89,11
21:50:54          1     15,15      0,00      6,06      0,00      0,00      0,00      0,00      0,00      0,00     78,79
21:50:54          2     12,87      0,00      3,96      0,00      0,00      0,99      0,99      0,00      0,00     81,19
21:50:54          3     35,00      0,00     19,00      0,00      0,00      5,00      8,00      0,00      0,00     33,00

21:50:54        CPU      %usr     %nice      %sys   %iowait    %steal      %irq     %soft    %guest    %gnice     %idle
21:50:55        all     15,50      0,00      8,00      0,00      0,00      1,50      2,50      0,00      0,00     72,50
21:50:55          0      2,02      0,00      1,01      0,00      0,00      0,00      0,00      0,00      0,00     96,97
21:50:55          1      1,96      0,00      0,00      0,00      0,00      0,98      0,98      0,00      0,00     96,08
21:50:55          2      1,01      0,00      2,02      0,00      0,00      0,00      0,00      0,00      0,00     96,97
21:50:55          3     57,00      0,00     29,00      0,00      0,00      5,00      9,00      0,00      0,00      0,00

21:50:55        CPU      %usr     %nice      %sys   %iowait    %steal      %irq     %soft    %guest    %gnice     %idle
21:50:56        all     19,14      0,00      7,81      0,25      0,00      1,26      1,76      0,00      0,00     69,77
21:50:56          0     24,49      0,00      8,16      0,00      0,00      0,00      0,00      0,00      0,00     67,35
21:50:56          1      9,09      0,00      2,02      1,01      0,00      0,00      0,00      0,00      0,00     87,88
21:50:56          2     32,00      0,00     14,00      0,00      0,00      0,00      0,00      0,00      0,00     54,00
21:50:56          3     11,00      0,00      7,00      0,00      0,00      5,00      7,00      0,00      0,00     70,00

21:50:56        CPU      %usr     %nice      %sys   %iowait    %steal      %irq     %soft    %guest    %gnice     %idle
21:50:57        all     16,54      0,00      8,27      0,00      0,00      1,00      2,26      0,00      0,00     71,93
21:50:57          0     28,00      0,00     10,00      0,00      0,00      0,00      0,00      0,00      0,00     62,00
21:50:57          1      2,00      0,00      2,00      0,00      0,00      0,00      0,00      0,00      0,00     96,00
21:50:57          2      1,01      0,00      1,01      0,00      0,00      0,00      0,00      0,00      0,00     97,98
21:50:57          3     35,00      0,00     20,00      0,00      0,00      4,00      9,00      0,00      0,00     32,00

21:50:57        CPU      %usr     %nice      %sys   %iowait    %steal      %irq     %soft    %guest    %gnice     %idle
21:50:58        all     18,25      0,00      7,75      0,00      0,00      1,50      2,00      0,00      0,00     70,50
21:50:58          0      4,95      0,00      1,98      0,00      0,00      0,99      0,00      0,00      0,00     92,08
21:50:58          1     20,20      0,00      7,07      0,00      0,00      0,00      0,00      0,00      0,00     72,73
21:50:58          2     15,84      0,00      4,95      0,00      0,00      0,99      0,00      0,00      0,00     78,22
21:50:58          3     32,32      0,00     17,17      0,00      0,00      4,04      8,08      0,00      0,00     38,38

21:50:58        CPU      %usr     %nice      %sys   %iowait    %steal      %irq     %soft    %guest    %gnice     %idle
21:50:59        all     16,04      0,00      8,02      0,00      0,00      1,25      2,51      0,00      0,00     72,18
21:50:59          0      1,01      0,00      1,01      0,00      0,00      0,00      0,00      0,00      0,00     97,98
21:50:59          1      2,02      0,00      1,01      0,00      0,00      0,00      0,00      0,00      0,00     96,97
21:50:59          2     17,00      0,00      7,00      0,00      0,00      0,00      0,00      0,00      0,00     76,00
21:50:59          3     43,56      0,00     22,77      0,00      0,00      4,95      9,90      0,00      0,00     18,81

21:50:59        CPU      %usr     %nice      %sys   %iowait    %steal      %irq     %soft    %guest    %gnice     %idle
21:51:00        all     20,30      0,00      7,02      0,00      0,00      1,00      2,01      0,00      0,00     69,67
21:51:00          0     40,00      0,00     16,00      0,00      0,00      0,00      0,00      0,00      0,00     44,00
21:51:00          1     31,68      0,00      9,90      0,00      0,00      0,99      0,00      0,00      0,00     57,43
21:51:00          2      4,04      0,00      1,01      0,00      0,00      0,00      0,00      0,00      0,00     94,95
21:51:00          3      5,05      0,00      1,01      0,00      0,00      3,03      8,08      0,00      0,00     82,83

21:51:00        CPU      %usr     %nice      %sys   %iowait    %steal      %irq     %soft    %guest    %gnice     %idle
21:51:01        all     20,91      0,00      7,56      0,00      0,00      0,76      2,02      0,00      0,00     68,77
21:51:01          0     42,42      0,00     13,13      0,00      0,00      0,00      0,00      0,00      0,00     44,44
21:51:01          1     28,28      0,00     10,10      0,00      0,00      0,00      0,00      0,00      0,00     61,62
21:51:01          2     11,00      0,00      5,00      0,00      0,00      0,00      0,00      0,00      0,00     84,00
21:51:01          3      2,02      0,00      2,02      0,00      0,00      3,03      8,08      0,00      0,00     84,85

21:51:01        CPU      %usr     %nice      %sys   %iowait    %steal      %irq     %soft    %guest    %gnice     %idle
21:51:02        all     20,91      0,00      7,30      0,00      0,00      0,76      2,02      0,00      0,00     69,02
21:51:02          0     38,00      0,00     12,00      0,00      0,00      1,00      0,00      0,00      0,00     49,00
21:51:02          1      3,00      0,00      2,00      0,00      0,00      0,00      0,00      0,00      0,00     95,00
21:51:02          2     40,40      0,00     14,14      0,00      0,00      0,00      0,00      0,00      0,00     45,45
21:51:02          3      2,04      0,00      1,02      0,00      0,00      2,04      8,16      0,00      0,00     86,73

21:51:02        CPU      %usr     %nice      %sys   %iowait    %steal      %irq     %soft    %guest    %gnice     %idle
21:51:03        all     18,25      0,00      8,25      0,75      0,00      1,00      2,25      0,00      0,00     69,50
21:51:03          0     35,00      0,00     15,00      0,00      0,00      0,00      0,00      0,00      0,00     50,00
21:51:03          1     23,23      0,00      9,09      1,01      0,00      0,00      0,00      0,00      0,00     66,67
21:51:03          2      2,97      0,00      0,99      0,00      0,00      0,99      0,00      0,00      0,00     95,05
21:51:03          3     12,00      0,00      8,00      2,00      0,00      3,00      9,00      0,00      0,00     66,00

21:51:03        CPU      %usr     %nice      %sys   %iowait    %steal      %irq     %soft    %guest    %gnice     %idle
21:51:04        all     10,95      0,00      7,21      0,00      0,00      0,50      1,74      0,00      0,00     79,60
21:51:04          0      6,93      0,00      3,96      0,00      0,00      0,00      0,00      0,00      0,00     89,11
21:51:04          1     14,00      0,00      5,00      0,00      0,00      0,00      0,00      0,00      0,00     81,00
21:51:04          2      2,00      0,00      1,00      0,00      0,00      0,00      0,00      0,00      0,00     97,00
21:51:04          3     20,79      0,00     18,81      0,00      0,00      1,98      6,93      0,00      0,00     51,49

21:51:04        CPU      %usr     %nice      %sys   %iowait    %steal      %irq     %soft    %guest    %gnice     %idle
21:51:05        all      1,00      0,00      0,75      0,25      0,00      0,00      0,00      0,00      0,00     98,01
21:51:05          0      0,00      0,00      0,00      0,00      0,00      0,00      0,00      0,00      0,00    100,00
21:51:05          1      0,98      0,00      0,98      0,98      0,00      0,00      0,00      0,00      0,00     97,06
21:51:05          2      1,96      0,00      0,98      0,00      0,00      0,00      0,00      0,00      0,00     97,06
21:51:05          3      1,01      0,00      1,01      0,00      0,00      0,00      0,00      0,00      0,00     97,98

21:51:05        CPU      %usr     %nice      %sys   %iowait    %steal      %irq     %soft    %guest    %gnice     %idle
21:51:06        all      0,50      0,00      0,74      0,00      0,00      0,25      0,00      0,00      0,00     98,51
21:51:06          0      0,98      0,00      0,98      0,00      0,00      0,00      0,00      0,00      0,00     98,04
21:51:06          1      0,00      0,00      0,00      0,00      0,00      1,00      0,00      0,00      0,00     99,00
21:51:06          2      0,00      0,00      1,00      0,00      0,00      0,00      0,00      0,00      0,00     99,00
21:51:06          3      0,99      0,00      0,99      0,00      0,00      0,00      0,00      0,00      0,00     98,02

21:51:06        CPU      %usr     %nice      %sys   %iowait    %steal      %irq     %soft    %guest    %gnice     %idle
21:51:07        all      0,74      0,00      0,74      0,00      0,00      0,25      0,00      0,00      0,00     98,28
21:51:07          0      0,00      0,00      0,00      0,00      0,00      0,00      0,00      0,00      0,00    100,00
21:51:07          1      0,98      0,00      0,98      0,00      0,00      0,00      0,00      0,00      0,00     98,04
21:51:07          2      0,00      0,00      0,99      0,00      0,00      0,00      0,00      0,00      0,00     99,01
21:51:07          3      1,92      0,00      0,96      0,00      0,00      0,96      0,00      0,00      0,00     96,15

21:51:07        CPU      %usr     %nice      %sys   %iowait    %steal      %irq     %soft    %guest    %gnice     %idle
21:51:08        all      0,25      0,00      0,75      0,00      0,00      0,00      0,00      0,00      0,00     99,00
21:51:08          0      0,00      0,00      1,00      0,00      0,00      0,00      0,00      0,00      0,00     99,00
21:51:08          1      0,00      0,00      0,00      0,00      0,00      0,00      0,00      0,00      0,00    100,00
21:51:08          2      0,99      0,00      0,99      0,00      0,00      0,00      0,00      0,00      0,00     98,02
21:51:08          3      0,00      0,00      1,00      0,00      0,00      0,00      0,00      0,00      0,00     99,00

21:51:08        CPU      %usr     %nice      %sys   %iowait    %steal      %irq     %soft    %guest    %gnice     %idle
21:51:09        all      0,75      0,00      0,25      0,00      0,00      0,00      0,00      0,00      0,00     99,00
21:51:09          0      0,98      0,00      0,98      0,00      0,00      0,00      0,00      0,00      0,00     98,04
21:51:09          1      1,00      0,00      0,00      0,00      0,00      0,00      0,00      0,00      0,00     99,00
21:51:09          2      0,00      0,00      0,00      0,00      0,00      0,00      0,00      0,00      0,00    100,00
21:51:09          3      1,00      0,00      0,00      0,00      0,00      0,00      0,00      0,00      0,00     99,00

21:51:09        CPU      %usr     %nice      %sys   %iowait    %steal      %irq     %soft    %guest    %gnice     %idle
21:51:10        all      1,00      0,00      0,25      0,00      0,00      0,25      0,25      0,00      0,00     98,26
21:51:10          0      0,00      0,00      0,00      0,00      0,00      0,00      0,00      0,00      0,00    100,00
21:51:10          1      0,00      0,00      1,00      0,00      0,00      0,00      0,00      0,00      0,00     99,00
21:51:10          2      1,94      0,00      0,00      0,00      0,00      0,97      0,97      0,00      0,00     96,12
21:51:10          3      2,00      0,00      0,00      0,00      0,00      0,00      0,00      0,00      0,00     98,00

21:51:10        CPU      %usr     %nice      %sys   %iowait    %steal      %irq     %soft    %guest    %gnice     %idle
21:51:11        all      1,50      0,00      0,50      0,25      0,00      0,00      0,50      0,00      0,00     97,26
21:51:11          0      1,00      0,00      0,00      0,00      0,00      0,00      1,00      0,00      0,00     98,00
21:51:11          1      0,99      0,00      0,00      0,99      0,00      0,00      0,99      0,00      0,00     97,03
21:51:11          2      1,98      0,00      0,99      0,00      0,00      0,00      0,00      0,00      0,00     97,03
21:51:11          3      2,02      0,00      1,01      0,00      0,00      0,00      0,00      0,00      0,00     96,97

21:51:11        CPU      %usr     %nice      %sys   %iowait    %steal      %irq     %soft    %guest    %gnice     %idle
21:51:12        all      0,75      0,00      0,25      0,00      0,00      0,00      0,00      0,00      0,00     99,00
21:51:12          0      0,00      0,00      0,00      0,00      0,00      0,00      0,00      0,00      0,00    100,00
21:51:12          1      0,99      0,00      0,99      0,00      0,00      0,00      0,00      0,00      0,00     98,02
21:51:12          2      0,00      0,00      0,00      0,00      0,00      0,00      0,00      0,00      0,00    100,00
21:51:12          3      1,98      0,00      0,00      0,00      0,00      0,00      0,00      0,00      0,00     98,02

21:51:12        CPU      %usr     %nice      %sys   %iowait    %steal      %irq     %soft    %guest    %gnice     %idle
21:51:13        all      0,50      0,00      0,50      1,00      0,00      0,00      0,00      0,00      0,00     98,00
21:51:13          0      0,99      0,00      0,99      0,00      0,00      0,00      0,00      0,00      0,00     98,02
21:51:13          1      0,00      0,00      0,00      0,00      0,00      0,00      0,00      0,00      0,00    100,00
21:51:13          2      0,99      0,00      0,00      0,00      0,00      0,00      0,00      0,00      0,00     99,01
21:51:13          3      0,00      0,00      1,00      4,00      0,00      0,00      0,00      0,00      0,00     95,00

21:51:13        CPU      %usr     %nice      %sys   %iowait    %steal      %irq     %soft    %guest    %gnice     %idle
21:51:14        all      0,00      0,00      0,00      0,00      0,00      0,00      0,00      0,00      0,00    100,00
21:51:14          0      0,00      0,00      0,00      0,00      0,00      0,00      0,00      0,00      0,00    100,00
21:51:14          1      0,00      0,00      0,00      0,00      0,00      0,00      0,00      0,00      0,00    100,00
21:51:14          2      0,00      0,00      0,00      0,00      0,00      0,00      0,00      0,00      0,00    100,00
21:51:14          3      0,00      0,00      0,00      0,00      0,00      0,00      0,00      0,00      0,00    100,00

21:51:14        CPU      %usr     %nice      %sys   %iowait    %steal      %irq     %soft    %guest    %gnice     %idle
21:51:15        all      0,00      0,00      0,00      0,00      0,00      0,00      0,00      0,00      0,00    100,00
21:51:15          0      0,00      0,00      0,00      0,00      0,00      0,00      0,00      0,00      0,00    100,00
21:51:15          1      0,00      0,00      0,00      0,00      0,00      0,00      0,00      0,00      0,00    100,00
21:51:15          2      0,00      0,00      0,00      0,00      0,00      0,00      0,00      0,00      0,00    100,00
21:51:15          3      0,00      0,00      0,00      0,00      0,00      0,00      0,00      0,00      0,00    100,00

21:51:15        CPU      %usr     %nice      %sys   %iowait    %steal      %irq     %soft    %guest    %gnice     %idle
21:51:16        all      0,00      0,00      0,00      0,00      0,00      0,00      0,00      0,00      0,00    100,00
21:51:16          0      0,00      0,00      0,00      0,00      0,00      0,00      0,00      0,00      0,00    100,00
21:51:16          1      0,00      0,00      0,00      0,00      0,00      0,00      0,00      0,00      0,00    100,00
21:51:16          2      0,00      0,00      0,00      0,00      0,00      0,00      0,00      0,00      0,00    100,00
21:51:16          3      0,00      0,00      0,00      0,00      0,00      0,00      0,00      0,00      0,00    100,00

21:51:16        CPU      %usr     %nice      %sys   %iowait    %steal      %irq     %soft    %guest    %gnice     %idle
21:51:17        all      0,00      0,00      0,00      0,25      0,00      0,00      0,00      0,00      0,00     99,75
21:51:17          0      0,00      0,00      0,00      0,00      0,00      0,00      0,00      0,00      0,00    100,00
21:51:17          1      0,00      0,00      0,00      1,00      0,00      0,00      0,00      0,00      0,00     99,00
21:51:17          2      0,00      0,00      0,00      0,00      0,00      0,00      0,00      0,00      0,00    100,00
21:51:17          3      0,00      0,00      0,00      0,00      0,00      0,00      0,00      0,00      0,00    100,00

21:51:17        CPU      %usr     %nice      %sys   %iowait    %steal      %irq     %soft    %guest    %gnice     %idle
21:51:18        all      0,00      0,00      0,00      1,00      0,00      0,00      0,00      0,00      0,00     99,00
21:51:18          0      0,00      0,00      0,00      3,96      0,00      0,00      0,00      0,00      0,00     96,04
21:51:18          1      0,00      0,00      0,00      0,00      0,00      0,00      0,00      0,00      0,00    100,00
21:51:18          2      0,00      0,00      0,00      0,00      0,00      0,00      0,00      0,00      0,00    100,00
21:51:18          3      0,00      0,00      0,00      0,00      0,00      0,00      0,00      0,00      0,00    100,00

21:51:18        CPU      %usr     %nice      %sys   %iowait    %steal      %irq     %soft    %guest    %gnice     %idle
21:51:19        all      0,00      0,00      0,00      0,00      0,00      0,00      0,00      0,00      0,00    100,00
21:51:19          0      0,00      0,00      0,00      0,00      0,00      0,00      0,00      0,00      0,00    100,00
21:51:19          1      0,00      0,00      0,00      0,00      0,00      0,00      0,00      0,00      0,00    100,00
21:51:19          2      0,00      0,00      0,00      0,00      0,00      0,00      0,00      0,00      0,00    100,00
21:51:19          3      0,00      0,00      0,00      0,00      0,00      0,00      0,00      0,00      0,00    100,00

21:51:19        CPU      %usr     %nice      %sys   %iowait    %steal      %irq     %soft    %guest    %gnice     %idle
21:51:20        all      0,00      0,00      0,00      0,00      0,00      0,00      0,00      0,00      0,00    100,00
21:51:20          0      0,00      0,00      0,00      0,00      0,00      0,00      0,00      0,00      0,00    100,00
21:51:20          1      0,00      0,00      0,00      0,00      0,00      0,00      0,00      0,00      0,00    100,00
21:51:20          2      0,00      0,00      0,00      0,00      0,00      0,00      0,00      0,00      0,00    100,00
21:51:20          3      0,00      0,00      0,00      0,00      0,00      0,00      0,00      0,00      0,00    100,00

21:51:20        CPU      %usr     %nice      %sys   %iowait    %steal      %irq     %soft    %guest    %gnice     %idle
21:51:21        all      0,00      0,00      0,00      0,00      0,00      0,00      0,00      0,00      0,00    100,00
21:51:21          0      0,00      0,00      0,00      0,00      0,00      0,00      0,00      0,00      0,00    100,00
21:51:21          1      0,00      0,00      0,00      0,00      0,00      0,00      0,00      0,00      0,00    100,00
21:51:21          2      0,00      0,00      0,00      0,00      0,00      0,00      0,00      0,00      0,00    100,00
21:51:21          3      0,00      0,00      0,00      0,00      0,00      0,00      0,00      0,00      0,00    100,00

21:51:21        CPU      %usr     %nice      %sys   %iowait    %steal      %irq     %soft    %guest    %gnice     %idle
21:51:22        all      0,00      0,00      0,00      0,00      0,00      0,00      0,00      0,00      0,00    100,00
21:51:22          0      0,00      0,00      0,00      0,00      0,00      0,00      0,00      0,00      0,00    100,00
21:51:22          1      0,00      0,00      0,00      0,00      0,00      0,00      0,00      0,00      0,00    100,00
21:51:22          2      0,00      0,00      0,00      0,00      0,00      0,00      0,00      0,00      0,00    100,00
21:51:22          3      0,00      0,00      0,00      0,00      0,00      0,00      0,00      0,00      0,00    100,00

21:51:22        CPU      %usr     %nice      %sys   %iowait    %steal      %irq     %soft    %guest    %gnice     %idle
21:51:23        all      0,25      0,00      0,00      1,50      0,00      0,00      0,00      0,00      0,00     98,25
21:51:23          0      0,00      0,00      0,00      0,00      0,00      0,00      0,00      0,00      0,00    100,00
21:51:23          1      0,99      0,00      0,00      0,99      0,00      0,00      0,00      0,00      0,00     98,02
21:51:23          2      0,00      0,00      0,00      0,00      0,00      0,00      0,00      0,00      0,00    100,00
21:51:23          3      0,00      0,00      0,00      5,00      0,00      0,00      0,00      0,00      0,00     95,00

Média:         CPU      %usr     %nice      %sys   %iowait    %steal      %irq     %soft    %guest    %gnice     %idle
Média:         all      8,06      0,00      3,94      0,11      0,00      0,84      1,03      0,00      0,00     86,03
Média:           0      7,67      0,00      3,33      0,07      0,00      0,15      0,07      0,00      0,00     88,72
Média:           1      5,80      0,00      2,44      0,17      0,00      0,15      0,05      0,00      0,00     91,39
Média:           2      5,52      0,00      2,46      0,03      0,00      0,18      0,05      0,00      0,00     91,76
Média:           3     13,28      0,00      7,54      0,18      0,00      2,87      3,95      0,00      0,00     72,17
