Linux 5.14.0-503.19.1.el9_5.x86_64 (localhost.localdomain) 	25/12/2024 	_x86_64_	(4 CPU)

22:06:23        CPU      %usr     %nice      %sys   %iowait    %steal      %irq     %soft    %guest    %gnice     %idle
22:06:24        all      0,00      0,00      0,00      0,00      0,00      0,00      0,00      0,00      0,00    100,00
22:06:24          0      0,00      0,00      0,00      0,00      0,00      0,00      0,00      0,00      0,00    100,00
22:06:24          1      0,00      0,00      0,00      0,00      0,00      0,00      0,00      0,00      0,00    100,00
22:06:24          2      0,00      0,00      0,00      0,00      0,00      0,00      0,00      0,00      0,00    100,00
22:06:24          3      0,00      0,00      0,00      0,00      0,00      0,00      0,00      0,00      0,00    100,00

22:06:24        CPU      %usr     %nice      %sys   %iowait    %steal      %irq     %soft    %guest    %gnice     %idle
22:06:25        all      0,00      0,00      0,00      0,00      0,00      0,00      0,00      0,00      0,00    100,00
22:06:25          0      0,00      0,00      0,00      0,00      0,00      0,00      0,00      0,00      0,00    100,00
22:06:25          1      0,00      0,00      0,00      0,00      0,00      0,00      0,00      0,00      0,00    100,00
22:06:25          2      0,00      0,00      0,00      0,00      0,00      0,00      0,00      0,00      0,00    100,00
22:06:25          3      0,00      0,00      0,00      0,00      0,00      0,00      0,00      0,00      0,00    100,00

22:06:25        CPU      %usr     %nice      %sys   %iowait    %steal      %irq     %soft    %guest    %gnice     %idle
22:06:26        all      0,00      0,00      0,00      0,25      0,00      0,00      0,00      0,00      0,00     99,75
22:06:26          0      0,00      0,00      0,00      0,00      0,00      0,00      0,00      0,00      0,00    100,00
22:06:26          1      0,00      0,00      0,00      0,99      0,00      0,00      0,00      0,00      0,00     99,01
22:06:26          2      0,00      0,00      0,00      0,00      0,00      0,00      0,00      0,00      0,00    100,00
22:06:26          3      0,00      0,00      0,00      0,00      0,00      0,00      0,00      0,00      0,00    100,00

22:06:26        CPU      %usr     %nice      %sys   %iowait    %steal      %irq     %soft    %guest    %gnice     %idle
22:06:27        all      3,51      0,00      1,75      0,00      0,00      0,25      0,25      0,00      0,00     94,24
22:06:27          0      4,95      0,00      0,99      0,00      0,00      0,99      0,00      0,00      0,00     93,07
22:06:27          1      3,03      0,00      2,02      0,00      0,00      0,00      1,01      0,00      0,00     93,94
22:06:27          2      3,00      0,00      3,00      0,00      0,00      0,00      0,00      0,00      0,00     94,00
22:06:27          3      3,03      0,00      1,01      0,00      0,00      0,00      0,00      0,00      0,00     95,96

22:06:27        CPU      %usr     %nice      %sys   %iowait    %steal      %irq     %soft    %guest    %gnice     %idle
22:06:28        all      9,68      0,00      3,47      0,00      0,00      0,99      0,50      0,00      0,00     85,36
22:06:28          0      7,00      0,00      4,00      0,00      0,00      0,00      0,00      0,00      0,00     89,00
22:06:28          1     10,89      0,00      3,96      0,00      0,00      1,98      1,98      0,00      0,00     81,19
22:06:28          2      9,80      0,00      2,94      0,00      0,00      0,98      0,00      0,00      0,00     86,27
22:06:28          3     11,00      0,00      3,00      0,00      0,00      1,00      0,00      0,00      0,00     85,00

22:06:28        CPU      %usr     %nice      %sys   %iowait    %steal      %irq     %soft    %guest    %gnice     %idle
22:06:29        all      5,32      0,00      2,28      0,00      0,00      0,51      0,51      0,00      0,00     91,39
22:06:29          0      4,08      0,00      1,02      0,00      0,00      0,00      0,00      0,00      0,00     94,90
22:06:29          1      8,82      0,00      3,92      0,00      0,00      1,96      1,96      0,00      0,00     83,33
22:06:29          2      5,15      0,00      2,06      0,00      0,00      0,00      0,00      0,00      0,00     92,78
22:06:29          3      3,06      0,00      2,04      0,00      0,00      0,00      0,00      0,00      0,00     94,90

22:06:29        CPU      %usr     %nice      %sys   %iowait    %steal      %irq     %soft    %guest    %gnice     %idle
22:06:30        all      4,77      0,00      2,26      0,00      0,00      0,50      0,50      0,00      0,00     91,96
22:06:30          0      5,00      0,00      4,00      0,00      0,00      0,00      0,00      0,00      0,00     91,00
22:06:30          1      7,07      0,00      2,02      0,00      0,00      2,02      2,02      0,00      0,00     86,87
22:06:30          2      4,04      0,00      2,02      0,00      0,00      0,00      0,00      0,00      0,00     93,94
22:06:30          3      3,00      0,00      1,00      0,00      0,00      0,00      0,00      0,00      0,00     96,00

22:06:30        CPU      %usr     %nice      %sys   %iowait    %steal      %irq     %soft    %guest    %gnice     %idle
22:06:31        all      5,32      0,00      2,28      0,00      0,00      0,76      0,51      0,00      0,00     91,14
22:06:31          0      4,04      0,00      1,01      0,00      0,00      0,00      0,00      0,00      0,00     94,95
22:06:31          1      6,12      0,00      3,06      0,00      0,00      3,06      2,04      0,00      0,00     85,71
22:06:31          2      5,05      0,00      2,02      0,00      0,00      0,00      0,00      0,00      0,00     92,93
22:06:31          3      6,06      0,00      3,03      0,00      0,00      0,00      0,00      0,00      0,00     90,91

22:06:31        CPU      %usr     %nice      %sys   %iowait    %steal      %irq     %soft    %guest    %gnice     %idle
22:06:32        all      5,61      0,00      2,81      0,00      0,00      0,77      1,02      0,00      0,00     89,80
22:06:32          0      2,04      0,00      1,02      0,00      0,00      0,00      0,00      0,00      0,00     96,94
22:06:32          1     13,13      0,00      6,06      0,00      0,00      3,03      4,04      0,00      0,00     73,74
22:06:32          2      5,10      0,00      3,06      0,00      0,00      0,00      0,00      0,00      0,00     91,84
22:06:32          3      2,06      0,00      1,03      0,00      0,00      0,00      0,00      0,00      0,00     96,91

22:06:32        CPU      %usr     %nice      %sys   %iowait    %steal      %irq     %soft    %guest    %gnice     %idle
22:06:33        all      6,35      0,00      3,05      0,25      0,00      1,27      1,27      0,00      0,00     87,82
22:06:33          0      3,00      0,00      2,00      0,00      0,00      1,00      1,00      0,00      0,00     93,00
22:06:33          1     11,46      0,00      5,21      1,04      0,00      4,17      4,17      0,00      0,00     73,96
22:06:33          2      7,07      0,00      3,03      0,00      0,00      0,00      0,00      0,00      0,00     89,90
22:06:33          3      4,04      0,00      2,02      0,00      0,00      0,00      0,00      0,00      0,00     93,94

22:06:33        CPU      %usr     %nice      %sys   %iowait    %steal      %irq     %soft    %guest    %gnice     %idle
22:06:34        all      6,87      0,00      3,82      0,00      0,00      1,53      1,02      0,00      0,00     86,77
22:06:34          0      2,02      0,00      1,01      0,00      0,00      0,00      0,00      0,00      0,00     96,97
22:06:34          1     13,83      0,00      7,45      0,00      0,00      5,32      4,26      0,00      0,00     69,15
22:06:34          2      7,00      0,00      4,00      0,00      0,00      0,00      0,00      0,00      0,00     89,00
22:06:34          3      5,00      0,00      3,00      0,00      0,00      1,00      0,00      0,00      0,00     91,00

22:06:34        CPU      %usr     %nice      %sys   %iowait    %steal      %irq     %soft    %guest    %gnice     %idle
22:06:35        all      7,87      0,00      4,82      0,00      0,00      1,27      1,27      0,00      0,00     84,77
22:06:35          0      1,00      0,00      2,00      0,00      0,00      0,00      0,00      0,00      0,00     97,00
22:06:35          1     15,79      0,00      8,42      0,00      0,00      4,21      5,26      0,00      0,00     66,32
22:06:35          2      9,09      0,00      6,06      0,00      0,00      1,01      0,00      0,00      0,00     83,84
22:06:35          3      6,00      0,00      3,00      0,00      0,00      0,00      0,00      0,00      0,00     91,00

22:06:35        CPU      %usr     %nice      %sys   %iowait    %steal      %irq     %soft    %guest    %gnice     %idle
22:06:36        all      9,64      0,00      6,60      0,00      0,00      1,78      1,27      0,00      0,00     80,71
22:06:36          0      8,16      0,00      3,06      0,00      0,00      0,00      0,00      0,00      0,00     88,78
22:06:36          1     18,37      0,00      7,14      0,00      0,00      7,14      4,08      0,00      0,00     63,27
22:06:36          2      8,08      0,00      5,05      0,00      0,00      0,00      0,00      0,00      0,00     86,87
22:06:36          3      4,04      0,00     11,11      0,00      0,00      0,00      1,01      0,00      0,00     83,84

22:06:36        CPU      %usr     %nice      %sys   %iowait    %steal      %irq     %soft    %guest    %gnice     %idle
22:06:37        all      9,90      0,00      4,31      0,00      0,00      1,27      1,52      0,00      0,00     82,99
22:06:37          0      2,00      0,00      2,00      0,00      0,00      0,00      0,00      0,00      0,00     96,00
22:06:37          1     13,27      0,00      5,10      0,00      0,00      5,10      5,10      0,00      0,00     71,43
22:06:37          2     11,11      0,00      5,05      0,00      0,00      0,00      1,01      0,00      0,00     82,83
22:06:37          3     13,40      0,00      5,15      0,00      0,00      0,00      0,00      0,00      0,00     81,44

22:06:37        CPU      %usr     %nice      %sys   %iowait    %steal      %irq     %soft    %guest    %gnice     %idle
22:06:38        all     11,00      0,00      5,37      0,00      0,00      1,79      1,53      0,00      0,00     80,31
22:06:38          0      6,00      0,00      2,00      0,00      0,00      1,00      0,00      0,00      0,00     91,00
22:06:38          1     17,71      0,00      9,38      0,00      0,00      6,25      6,25      0,00      0,00     60,42
22:06:38          2      8,16      0,00      4,08      0,00      0,00      0,00      0,00      0,00      0,00     87,76
22:06:38          3     12,37      0,00      6,19      0,00      0,00      0,00      0,00      0,00      0,00     81,44

22:06:38        CPU      %usr     %nice      %sys   %iowait    %steal      %irq     %soft    %guest    %gnice     %idle
22:06:39        all     10,94      0,00      6,11      0,00      0,00      1,53      1,27      0,00      0,00     80,15
22:06:39          0      3,03      0,00      2,02      0,00      0,00      0,00      0,00      0,00      0,00     94,95
22:06:39          1     23,16      0,00     13,68      0,00      0,00      5,26      5,26      0,00      0,00     52,63
22:06:39          2     12,12      0,00      6,06      0,00      0,00      0,00      0,00      0,00      0,00     81,82
22:06:39          3      6,00      0,00      3,00      0,00      0,00      1,00      0,00      0,00      0,00     90,00

22:06:39        CPU      %usr     %nice      %sys   %iowait    %steal      %irq     %soft    %guest    %gnice     %idle
22:06:40        all     10,97      0,00      6,38      0,00      0,00      1,79      1,79      0,00      0,00     79,08
22:06:40          0      9,18      0,00      5,10      0,00      0,00      0,00      0,00      0,00      0,00     85,71
22:06:40          1     27,08      0,00     15,62      0,00      0,00      6,25      7,29      0,00      0,00     43,75
22:06:40          2      5,00      0,00      3,00      0,00      0,00      1,00      0,00      0,00      0,00     91,00
22:06:40          3      3,06      0,00      2,04      0,00      0,00      0,00      0,00      0,00      0,00     94,90

22:06:40        CPU      %usr     %nice      %sys   %iowait    %steal      %irq     %soft    %guest    %gnice     %idle
22:06:41        all     11,90      0,00      7,59      0,00      0,00      1,77      1,77      0,00      0,00     76,96
22:06:41          0      2,02      0,00      2,02      0,00      0,00      1,01      0,00      0,00      0,00     94,95
22:06:41          1     37,76      0,00     23,47      0,00      0,00      6,12      7,14      0,00      0,00     25,51
22:06:41          2      3,06      0,00      1,02      0,00      0,00      0,00      0,00      0,00      0,00     95,92
22:06:41          3      5,00      0,00      4,00      0,00      0,00      0,00      0,00      0,00      0,00     91,00

22:06:41        CPU      %usr     %nice      %sys   %iowait    %steal      %irq     %soft    %guest    %gnice     %idle
22:06:42        all     12,53      0,00      5,88      0,00      0,00      1,53      1,53      0,00      0,00     78,52
22:06:42          0      7,07      0,00      2,02      0,00      0,00      0,00      0,00      0,00      0,00     90,91
22:06:42          1     21,05      0,00     11,58      0,00      0,00      6,32      6,32      0,00      0,00     54,74
22:06:42          2     21,43      0,00     10,20      0,00      0,00      0,00      0,00      0,00      0,00     68,37
22:06:42          3      1,01      0,00      0,00      0,00      0,00      0,00      0,00      0,00      0,00     98,99

22:06:42        CPU      %usr     %nice      %sys   %iowait    %steal      %irq     %soft    %guest    %gnice     %idle
22:06:43        all     12,91      0,00      6,84      0,00      0,00      1,77      1,77      0,00      0,00     76,71
22:06:43          0      1,98      0,00      0,99      0,00      0,00      0,99      0,00      0,00      0,00     96,04
22:06:43          1     44,79      0,00     25,00      0,00      0,00      6,25      7,29      0,00      0,00     16,67
22:06:43          2      2,02      0,00      1,01      0,00      0,00      0,00      0,00      0,00      0,00     96,97
22:06:43          3      4,04      0,00      1,01      0,00      0,00      0,00      0,00      0,00      0,00     94,95

22:06:43        CPU      %usr     %nice      %sys   %iowait    %steal      %irq     %soft    %guest    %gnice     %idle
22:06:44        all     13,67      0,00      6,08      0,00      0,00      1,52      1,77      0,00      0,00     76,96
22:06:44          0     25,00      0,00      8,33      0,00      0,00      0,00      0,00      0,00      0,00     66,67
22:06:44          1     28,28      0,00     16,16      0,00      0,00      6,06      7,07      0,00      0,00     42,42
22:06:44          2      1,01      0,00      0,00      0,00      0,00      0,00      0,00      0,00      0,00     98,99
22:06:44          3      0,99      0,00      0,00      0,00      0,00      0,00      0,00      0,00      0,00     99,01

22:06:44        CPU      %usr     %nice      %sys   %iowait    %steal      %irq     %soft    %guest    %gnice     %idle
22:06:45        all     13,85      0,00      6,55      0,00      0,00      2,02      1,76      0,00      0,00     75,82
22:06:45          0     20,20      0,00      9,09      0,00      0,00      1,01      0,00      0,00      0,00     69,70
22:06:45          1     26,53      0,00     12,24      0,00      0,00      7,14      7,14      0,00      0,00     46,94
22:06:45          2      9,00      0,00      4,00      0,00      0,00      0,00      0,00      0,00      0,00     87,00
22:06:45          3      0,00      0,00      1,00      0,00      0,00      0,00      0,00      0,00      0,00     99,00

22:06:45        CPU      %usr     %nice      %sys   %iowait    %steal      %irq     %soft    %guest    %gnice     %idle
22:06:46        all     13,74      0,00      6,87      0,00      0,00      1,53      1,53      0,00      0,00     76,34
22:06:46          0     24,74      0,00     10,31      0,00      0,00      0,00      0,00      0,00      0,00     64,95
22:06:46          1     28,57      0,00     17,35      0,00      0,00      6,12      6,12      0,00      0,00     41,84
22:06:46          2      2,02      0,00      0,00      0,00      0,00      0,00      0,00      0,00      0,00     97,98
22:06:46          3      0,00      0,00      0,00      0,00      0,00      0,00      0,00      0,00      0,00    100,00

22:06:46        CPU      %usr     %nice      %sys   %iowait    %steal      %irq     %soft    %guest    %gnice     %idle
22:06:47        all     13,78      0,00      7,27      0,00      0,00      2,01      2,01      0,00      0,00     74,94
22:06:47          0      1,00      0,00      0,00      0,00      0,00      0,00      0,00      0,00      0,00     99,00
22:06:47          1     54,08      0,00     28,57      0,00      0,00      6,12      8,16      0,00      0,00      3,06
22:06:47          2      0,00      0,00      0,99      0,00      0,00      0,99      0,00      0,00      0,00     98,02
22:06:47          3      1,00      0,00      0,00      0,00      0,00      1,00      0,00      0,00      0,00     98,00

22:06:47        CPU      %usr     %nice      %sys   %iowait    %steal      %irq     %soft    %guest    %gnice     %idle
22:06:48        all     14,39      0,00      7,32      0,00      0,00      1,52      2,53      0,00      0,00     74,24
22:06:48          0      1,00      0,00      0,00      0,00      0,00      0,00      1,00      0,00      0,00     98,00
22:06:48          1     54,55      0,00     29,29      0,00      0,00      6,06      9,09      0,00      0,00      1,01
22:06:48          2      1,01      0,00      0,00      0,00      0,00      0,00      0,00      0,00      0,00     98,99
22:06:48          3      1,02      0,00      0,00      0,00      0,00      0,00      0,00      0,00      0,00     98,98

22:06:48        CPU      %usr     %nice      %sys   %iowait    %steal      %irq     %soft    %guest    %gnice     %idle
22:06:49        all     15,54      0,00      8,02      0,00      0,00      1,25      1,75      0,00      0,00     73,43
22:06:49          0      4,00      0,00      3,00      0,00      0,00      0,00      0,00      0,00      0,00     93,00
22:06:49          1     50,00      0,00     26,00      0,00      0,00      5,00      7,00      0,00      0,00     12,00
22:06:49          2      6,06      0,00      2,02      0,00      0,00      0,00      0,00      0,00      0,00     91,92
22:06:49          3      2,00      0,00      1,00      0,00      0,00      0,00      0,00      0,00      0,00     97,00

22:06:49        CPU      %usr     %nice      %sys   %iowait    %steal      %irq     %soft    %guest    %gnice     %idle
22:06:50        all     15,91      0,00      7,83      0,00      0,00      1,77      2,02      0,00      0,00     72,47
22:06:50          0      1,02      0,00      0,00      0,00      0,00      0,00      0,00      0,00      0,00     98,98
22:06:50          1     54,55      0,00     28,28      0,00      0,00      5,05      8,08      0,00      0,00      4,04
22:06:50          2      2,02      0,00      1,01      0,00      0,00      1,01      0,00      0,00      0,00     95,96
22:06:50          3      6,00      0,00      2,00      0,00      0,00      1,00      0,00      0,00      0,00     91,00

22:06:50        CPU      %usr     %nice      %sys   %iowait    %steal      %irq     %soft    %guest    %gnice     %idle
22:06:51        all     16,21      0,00      7,73      0,00      0,00      1,50      2,00      0,00      0,00     72,57
22:06:51          0      2,00      0,00      1,00      0,00      0,00      0,00      0,00      0,00      0,00     97,00
22:06:51          1     53,47      0,00     26,73      0,00      0,00      5,94      7,92      0,00      0,00      5,94
22:06:51          2      2,00      0,00      1,00      0,00      0,00      0,00      0,00      0,00      0,00     97,00
22:06:51          3      7,00      0,00      2,00      0,00      0,00      0,00      0,00      0,00      0,00     91,00

22:06:51        CPU      %usr     %nice      %sys   %iowait    %steal      %irq     %soft    %guest    %gnice     %idle
22:06:52        all     17,13      0,00      7,56      0,00      0,00      1,26      2,27      0,00      0,00     71,79
22:06:52          0      1,01      0,00      0,00      0,00      0,00      1,01      0,00      0,00      0,00     97,98
22:06:52          1     38,38      0,00     19,19      0,00      0,00      4,04      8,08      0,00      0,00     30,30
22:06:52          2     27,55      0,00      9,18      0,00      0,00      0,00      0,00      0,00      0,00     63,27
22:06:52          3      1,98      0,00      1,98      0,00      0,00      0,00      0,99      0,00      0,00     95,05

22:06:52        CPU      %usr     %nice      %sys   %iowait    %steal      %irq     %soft    %guest    %gnice     %idle
22:06:53        all     18,75      0,00      7,25      0,25      0,00      1,25      1,75      0,00      0,00     70,75
22:06:53          0      2,97      0,00      1,98      0,00      0,00      0,00      0,00      0,00      0,00     95,05
22:06:53          1     21,00      0,00     10,00      1,00      0,00      5,00      7,00      0,00      0,00     56,00
22:06:53          2     45,00      0,00     15,00      0,00      0,00      0,00      0,00      0,00      0,00     40,00
22:06:53          3      6,06      0,00      2,02      0,00      0,00      0,00      0,00      0,00      0,00     91,92

22:06:53        CPU      %usr     %nice      %sys   %iowait    %steal      %irq     %soft    %guest    %gnice     %idle
22:06:54        all     19,40      0,00      7,56      0,00      0,00      1,26      1,51      0,00      0,00     70,28
22:06:54          0     30,61      0,00     11,22      0,00      0,00      0,00      0,00      0,00      0,00     58,16
22:06:54          1      2,02      0,00      2,02      0,00      0,00      4,04      6,06      0,00      0,00     85,86
22:06:54          2     41,58      0,00     14,85      0,00      0,00      0,99      0,00      0,00      0,00     42,57
22:06:54          3      3,03      0,00      2,02      0,00      0,00      0,00      0,00      0,00      0,00     94,95

22:06:54        CPU      %usr     %nice      %sys   %iowait    %steal      %irq     %soft    %guest    %gnice     %idle
22:06:55        all     18,45      0,00      7,73      0,00      0,00      1,50      2,24      0,00      0,00     70,07
22:06:55          0     36,00      0,00     14,00      0,00      0,00      0,00      0,00      0,00      0,00     50,00
22:06:55          1     22,77      0,00     10,89      0,00      0,00      4,95      7,92      0,00      0,00     53,47
22:06:55          2      1,01      0,00      0,00      0,00      0,00      0,00      1,01      0,00      0,00     97,98
22:06:55          3     13,86      0,00      5,94      0,00      0,00      0,99      0,00      0,00      0,00     79,21

22:06:55        CPU      %usr     %nice      %sys   %iowait    %steal      %irq     %soft    %guest    %gnice     %idle
22:06:56        all     17,93      0,00      7,58      0,00      0,00      1,26      2,02      0,00      0,00     71,21
22:06:56          0      2,00      0,00      1,00      0,00      0,00      1,00      0,00      0,00      0,00     96,00
22:06:56          1     25,77      0,00     13,40      0,00      0,00      4,12      8,25      0,00      0,00     48,45
22:06:56          2      2,00      0,00      2,00      0,00      0,00      0,00      0,00      0,00      0,00     96,00
22:06:56          3     42,42      0,00     14,14      0,00      0,00      0,00      0,00      0,00      0,00     43,43

22:06:56        CPU      %usr     %nice      %sys   %iowait    %steal      %irq     %soft    %guest    %gnice     %idle
22:06:57        all     19,65      0,00      7,46      0,75      0,00      1,00      1,74      0,00      0,00     69,40
22:06:57          0     23,76      0,00      7,92      0,00      0,00      0,00      0,00      0,00      0,00     68,32
22:06:57          1     12,00      0,00      7,00      3,00      0,00      4,00      7,00      0,00      0,00     67,00
22:06:57          2      5,94      0,00      2,97      0,00      0,00      0,00      0,00      0,00      0,00     91,09
22:06:57          3     37,00      0,00     12,00      0,00      0,00      0,00      0,00      0,00      0,00     51,00

22:06:57        CPU      %usr     %nice      %sys   %iowait    %steal      %irq     %soft    %guest    %gnice     %idle
22:06:58        all     18,84      0,00      9,80      0,00      0,00      1,26      2,01      0,00      0,00     68,09
22:06:58          0      5,05      0,00      3,03      0,00      0,00      0,00      0,00      0,00      0,00     91,92
22:06:58          1     17,82      0,00      9,90      0,00      0,00      4,95      7,92      0,00      0,00     59,41
22:06:58          2     50,51      0,00     17,17      0,00      0,00      0,00      0,00      0,00      0,00     32,32
22:06:58          3      2,02      0,00      9,09      0,00      0,00      0,00      0,00      0,00      0,00     88,89

22:06:58        CPU      %usr     %nice      %sys   %iowait    %steal      %irq     %soft    %guest    %gnice     %idle
22:06:59        all     16,25      0,00      8,25      0,00      0,00      1,50      2,50      0,00      0,00     71,50
22:06:59          0      3,00      0,00      2,00      0,00      0,00      1,00      0,00      0,00      0,00     94,00
22:06:59          1     53,00      0,00     28,00      0,00      0,00      4,00     10,00      0,00      0,00      5,00
22:06:59          2      6,00      0,00      2,00      0,00      0,00      1,00      0,00      0,00      0,00     91,00
22:06:59          3      3,00      0,00      1,00      0,00      0,00      0,00      0,00      0,00      0,00     96,00

22:06:59        CPU      %usr     %nice      %sys   %iowait    %steal      %irq     %soft    %guest    %gnice     %idle
22:07:00        all     19,90      0,00      7,30      0,00      0,00      1,01      2,02      0,00      0,00     69,77
22:07:00          0     25,74      0,00      8,91      0,00      0,00      0,00      0,00      0,00      0,00     65,35
22:07:00          1      1,03      0,00      1,03      0,00      0,00      3,09      8,25      0,00      0,00     86,60
22:07:00          2     34,34      0,00     12,12      0,00      0,00      0,00      0,00      0,00      0,00     53,54
22:07:00          3     18,00      0,00      7,00      0,00      0,00      1,00      0,00      0,00      0,00     74,00

22:07:00        CPU      %usr     %nice      %sys   %iowait    %steal      %irq     %soft    %guest    %gnice     %idle
22:07:01        all     19,60      0,00      7,04      0,25      0,00      0,75      2,26      0,00      0,00     70,10
22:07:01          0     13,00      0,00      5,00      0,00      0,00      0,00      1,00      0,00      0,00     81,00
22:07:01          1     12,12      0,00      6,06      1,01      0,00      3,03      8,08      0,00      0,00     69,70
22:07:01          2     50,51      0,00     15,15      0,00      0,00      0,00      0,00      0,00      0,00     34,34
22:07:01          3      3,00      0,00      2,00      0,00      0,00      0,00      0,00      0,00      0,00     95,00

22:07:01        CPU      %usr     %nice      %sys   %iowait    %steal      %irq     %soft    %guest    %gnice     %idle
22:07:02        all     14,60      0,00      4,46      0,00      0,00      0,74      1,24      0,00      0,00     78,96
22:07:02          0     35,00      0,00     11,00      0,00      0,00      1,00      0,00      0,00      0,00     53,00
22:07:02          1      3,92      0,00      0,98      0,00      0,00      1,96      4,90      0,00      0,00     88,24
22:07:02          2     16,83      0,00      4,95      0,00      0,00      0,00      0,00      0,00      0,00     78,22
22:07:02          3      2,97      0,00      0,99      0,00      0,00      0,00      0,00      0,00      0,00     96,04

22:07:02        CPU      %usr     %nice      %sys   %iowait    %steal      %irq     %soft    %guest    %gnice     %idle
22:07:03        all      0,51      0,00      0,25      0,00      0,00      0,00      0,00      0,00      0,00     99,24
22:07:03          0      1,00      0,00      0,00      0,00      0,00      0,00      0,00      0,00      0,00     99,00
22:07:03          1      0,00      0,00      0,00      0,00      0,00      0,00      0,00      0,00      0,00    100,00
22:07:03          2      1,00      0,00      1,00      0,00      0,00      0,00      0,00      0,00      0,00     98,00
22:07:03          3      0,00      0,00      0,00      0,00      0,00      0,00      0,00      0,00      0,00    100,00

22:07:03        CPU      %usr     %nice      %sys   %iowait    %steal      %irq     %soft    %guest    %gnice     %idle
22:07:04        all      0,00      0,00      0,25      0,00      0,00      0,25      0,00      0,00      0,00     99,50
22:07:04          0      0,00      0,00      1,00      0,00      0,00      0,00      0,00      0,00      0,00     99,00
22:07:04          1      0,00      0,00      0,00      0,00      0,00      0,00      0,00      0,00      0,00    100,00
22:07:04          2      0,00      0,00      0,00      0,00      0,00      0,99      0,00      0,00      0,00     99,01
22:07:04          3      0,00      0,00      0,00      0,00      0,00      0,00      0,00      0,00      0,00    100,00

22:07:04        CPU      %usr     %nice      %sys   %iowait    %steal      %irq     %soft    %guest    %gnice     %idle
22:07:05        all      0,00      0,00      0,25      0,00      0,00      0,00      0,00      0,00      0,00     99,75
22:07:05          0      0,00      0,00      0,00      0,00      0,00      0,00      0,00      0,00      0,00    100,00
22:07:05          1      0,00      0,00      1,00      0,00      0,00      0,00      0,00      0,00      0,00     99,00
22:07:05          2      0,00      0,00      0,00      0,00      0,00      0,00      0,00      0,00      0,00    100,00
22:07:05          3      0,00      0,00      0,00      0,00      0,00      0,00      0,00      0,00      0,00    100,00

22:07:05        CPU      %usr     %nice      %sys   %iowait    %steal      %irq     %soft    %guest    %gnice     %idle
22:07:06        all      0,00      0,00      0,00      0,00      0,00      0,00      0,00      0,00      0,00    100,00
22:07:06          0      0,00      0,00      0,00      0,00      0,00      0,00      0,00      0,00      0,00    100,00
22:07:06          1      0,00      0,00      0,00      0,00      0,00      0,00      0,00      0,00      0,00    100,00
22:07:06          2      0,00      0,00      0,00      0,00      0,00      0,00      0,00      0,00      0,00    100,00
22:07:06          3      0,00      0,00      0,00      0,00      0,00      0,00      0,00      0,00      0,00    100,00

22:07:06        CPU      %usr     %nice      %sys   %iowait    %steal      %irq     %soft    %guest    %gnice     %idle
22:07:07        all      0,00      0,00      0,25      0,25      0,00      0,00      0,00      0,00      0,00     99,50
22:07:07          0      0,00      0,00      0,00      0,00      0,00      0,00      0,00      0,00      0,00    100,00
22:07:07          1      0,00      0,00      0,00      0,99      0,00      0,00      0,00      0,00      0,00     99,01
22:07:07          2      0,00      0,00      0,00      0,00      0,00      0,00      0,00      0,00      0,00    100,00
22:07:07          3      0,00      0,00      0,99      0,00      0,00      0,00      0,00      0,00      0,00     99,01

22:07:07        CPU      %usr     %nice      %sys   %iowait    %steal      %irq     %soft    %guest    %gnice     %idle
22:07:08        all      0,00      0,00      0,00      0,00      0,00      0,00      0,00      0,00      0,00    100,00
22:07:08          0      0,00      0,00      0,00      0,00      0,00      0,00      0,00      0,00      0,00    100,00
22:07:08          1      0,00      0,00      0,00      0,00      0,00      0,00      0,00      0,00      0,00    100,00
22:07:08          2      0,00      0,00      0,00      0,00      0,00      0,00      0,00      0,00      0,00    100,00
22:07:08          3      0,00      0,00      0,00      0,00      0,00      0,00      0,00      0,00      0,00    100,00

22:07:08        CPU      %usr     %nice      %sys   %iowait    %steal      %irq     %soft    %guest    %gnice     %idle
22:07:09        all      0,00      0,00      0,00      0,00      0,00      0,00      0,00      0,00      0,00    100,00
22:07:09          0      0,00      0,00      0,00      0,00      0,00      0,00      0,00      0,00      0,00    100,00
22:07:09          1      0,00      0,00      0,00      0,00      0,00      0,00      0,00      0,00      0,00    100,00
22:07:09          2      0,00      0,00      0,00      0,00      0,00      0,00      0,00      0,00      0,00    100,00
22:07:09          3      0,00      0,00      0,00      0,00      0,00      0,00      0,00      0,00      0,00    100,00

22:07:09        CPU      %usr     %nice      %sys   %iowait    %steal      %irq     %soft    %guest    %gnice     %idle
22:07:10        all      0,25      0,00      0,00      0,00      0,00      0,00      0,00      0,00      0,00     99,75
22:07:10          0      0,00      0,00      0,00      0,00      0,00      0,00      0,00      0,00      0,00    100,00
22:07:10          1      0,99      0,00      0,00      0,00      0,00      0,00      0,00      0,00      0,00     99,01
22:07:10          2      0,00      0,00      0,00      0,00      0,00      0,00      0,00      0,00      0,00    100,00
22:07:10          3      0,00      0,00      0,00      0,00      0,00      0,00      0,00      0,00      0,00    100,00

22:07:10        CPU      %usr     %nice      %sys   %iowait    %steal      %irq     %soft    %guest    %gnice     %idle
22:07:11        all      0,50      0,00      0,00      0,00      0,00      0,00      0,00      0,00      0,00     99,50
22:07:11          0      1,00      0,00      0,00      0,00      0,00      0,00      0,00      0,00      0,00     99,00
22:07:11          1      0,00      0,00      0,00      0,00      0,00      0,00      0,00      0,00      0,00    100,00
22:07:11          2      1,00      0,00      0,00      0,00      0,00      0,00      0,00      0,00      0,00     99,00
22:07:11          3      0,00      0,00      0,00      0,00      0,00      0,00      0,00      0,00      0,00    100,00

22:07:11        CPU      %usr     %nice      %sys   %iowait    %steal      %irq     %soft    %guest    %gnice     %idle
22:07:12        all      0,00      0,00      0,50      0,00      0,00      0,00      0,00      0,00      0,00     99,50
22:07:12          0      0,00      0,00      0,99      0,00      0,00      0,00      0,00      0,00      0,00     99,01
22:07:12          1      0,00      0,00      0,00      0,00      0,00      0,00      0,00      0,00      0,00    100,00
22:07:12          2      0,00      0,00      0,99      0,00      0,00      0,00      0,00      0,00      0,00     99,01
22:07:12          3      0,00      0,00      0,00      0,00      0,00      0,00      0,00      0,00      0,00    100,00

22:07:12        CPU      %usr     %nice      %sys   %iowait    %steal      %irq     %soft    %guest    %gnice     %idle
22:07:13        all      0,25      0,00      0,25      0,99      0,00      0,00      0,25      0,00      0,00     98,26
22:07:13          0      0,00      0,00      0,00      2,00      0,00      0,00      0,00      0,00      0,00     98,00
22:07:13          1      0,00      0,00      0,99      1,98      0,00      0,00      0,00      0,00      0,00     97,03
22:07:13          2      0,00      0,00      0,00      0,00      0,00      0,00      0,00      0,00      0,00    100,00
22:07:13          3      0,98      0,00      0,00      0,00      0,00      0,00      0,98      0,00      0,00     98,04

22:07:13        CPU      %usr     %nice      %sys   %iowait    %steal      %irq     %soft    %guest    %gnice     %idle
22:07:14        all      0,00      0,00      0,00      0,00      0,00      0,00      0,00      0,00      0,00    100,00
22:07:14          0      0,00      0,00      0,00      0,00      0,00      0,00      0,00      0,00      0,00    100,00
22:07:14          1      0,00      0,00      0,00      0,00      0,00      0,00      0,00      0,00      0,00    100,00
22:07:14          2      0,00      0,00      0,00      0,00      0,00      0,00      0,00      0,00      0,00    100,00
22:07:14          3      0,00      0,00      0,00      0,00      0,00      0,00      0,00      0,00      0,00    100,00

22:07:14        CPU      %usr     %nice      %sys   %iowait    %steal      %irq     %soft    %guest    %gnice     %idle
22:07:15        all      0,00      0,00      0,00      0,00      0,00      0,00      0,00      0,00      0,00    100,00
22:07:15          0      0,00      0,00      0,00      0,00      0,00      0,00      0,00      0,00      0,00    100,00
22:07:15          1      0,00      0,00      0,00      0,00      0,00      0,00      0,00      0,00      0,00    100,00
22:07:15          2      0,00      0,00      0,00      0,00      0,00      0,00      0,00      0,00      0,00    100,00
22:07:15          3      0,00      0,00      0,00      0,00      0,00      0,00      0,00      0,00      0,00    100,00

22:07:15        CPU      %usr     %nice      %sys   %iowait    %steal      %irq     %soft    %guest    %gnice     %idle
22:07:16        all      0,00      0,00      0,00      0,00      0,00      0,00      0,00      0,00      0,00    100,00
22:07:16          0      0,00      0,00      0,00      0,00      0,00      0,00      0,00      0,00      0,00    100,00
22:07:16          1      0,00      0,00      0,00      0,00      0,00      0,00      0,00      0,00      0,00    100,00
22:07:16          2      0,00      0,00      0,00      0,00      0,00      0,00      0,00      0,00      0,00    100,00
22:07:16          3      0,00      0,00      0,00      0,00      0,00      0,00      0,00      0,00      0,00    100,00

22:07:16        CPU      %usr     %nice      %sys   %iowait    %steal      %irq     %soft    %guest    %gnice     %idle
22:07:17        all      0,00      0,00      0,00      0,00      0,00      0,00      0,00      0,00      0,00    100,00
22:07:17          0      0,00      0,00      0,00      0,00      0,00      0,00      0,00      0,00      0,00    100,00
22:07:17          1      0,00      0,00      0,00      0,00      0,00      0,00      0,00      0,00      0,00    100,00
22:07:17          2      0,00      0,00      0,00      0,00      0,00      0,00      0,00      0,00      0,00    100,00
22:07:17          3      0,00      0,00      0,00      0,00      0,00      0,00      0,00      0,00      0,00    100,00

22:07:17        CPU      %usr     %nice      %sys   %iowait    %steal      %irq     %soft    %guest    %gnice     %idle
22:07:18        all      0,00      0,00      0,00      1,25      0,00      0,00      0,25      0,00      0,00     98,50
22:07:18          0      0,00      0,00      0,00      0,00      0,00      0,00      0,00      0,00      0,00    100,00
22:07:18          1      0,00      0,00      0,00      0,00      0,00      0,00      0,99      0,00      0,00     99,01
22:07:18          2      0,00      0,00      0,00      5,05      0,00      0,00      0,00      0,00      0,00     94,95
22:07:18          3      0,00      0,00      0,00      0,00      0,00      0,00      0,00      0,00      0,00    100,00

22:07:18        CPU      %usr     %nice      %sys   %iowait    %steal      %irq     %soft    %guest    %gnice     %idle
22:07:19        all      0,00      0,00      0,00      0,00      0,00      0,00      0,00      0,00      0,00    100,00
22:07:19          0      0,00      0,00      0,00      0,00      0,00      0,00      0,00      0,00      0,00    100,00
22:07:19          1      0,00      0,00      0,00      0,00      0,00      0,00      0,00      0,00      0,00    100,00
22:07:19          2      0,00      0,00      0,00      0,00      0,00      0,00      0,00      0,00      0,00    100,00
22:07:19          3      0,00      0,00      0,00      0,00      0,00      0,00      0,00      0,00      0,00    100,00

22:07:19        CPU      %usr     %nice      %sys   %iowait    %steal      %irq     %soft    %guest    %gnice     %idle
22:07:20        all      0,00      0,00      2,00      0,25      0,00      0,25      0,00      0,00      0,00     97,50
22:07:20          0      0,00      0,00      0,00      0,00      0,00      0,00      0,00      0,00      0,00    100,00
22:07:20          1      0,00      0,00      0,00      0,99      0,00      0,99      0,00      0,00      0,00     98,02
22:07:20          2      0,00      0,00      0,00      0,00      0,00      0,00      0,00      0,00      0,00    100,00
22:07:20          3      0,00      0,00      8,08      0,00      0,00      0,00      0,00      0,00      0,00     91,92

22:07:20        CPU      %usr     %nice      %sys   %iowait    %steal      %irq     %soft    %guest    %gnice     %idle
22:07:21        all      0,00      0,00      0,00      0,00      0,00      0,00      0,00      0,00      0,00    100,00
22:07:21          0      0,00      0,00      0,00      0,00      0,00      0,00      0,00      0,00      0,00    100,00
22:07:21          1      0,00      0,00      0,00      0,00      0,00      0,00      0,00      0,00      0,00    100,00
22:07:21          2      0,00      0,00      0,00      0,00      0,00      0,00      0,00      0,00      0,00    100,00
22:07:21          3      0,00      0,00      0,00      0,00      0,00      0,00      0,00      0,00      0,00    100,00

22:07:21        CPU      %usr     %nice      %sys   %iowait    %steal      %irq     %soft    %guest    %gnice     %idle
22:07:22        all      0,00      0,00      0,00      0,00      0,00      0,00      0,00      0,00      0,00    100,00
22:07:22          0      0,00      0,00      0,00      0,00      0,00      0,00      0,00      0,00      0,00    100,00
22:07:22          1      0,00      0,00      0,00      0,00      0,00      0,00      0,00      0,00      0,00    100,00
22:07:22          2      0,00      0,00      0,00      0,00      0,00      0,00      0,00      0,00      0,00    100,00
22:07:22          3      0,00      0,00      0,00      0,00      0,00      0,00      0,00      0,00      0,00    100,00

22:07:22        CPU      %usr     %nice      %sys   %iowait    %steal      %irq     %soft    %guest    %gnice     %idle
22:07:23        all      0,00      0,00      0,25      1,25      0,00      0,00      0,00      0,00      0,00     98,50
22:07:23          0      0,00      0,00      1,00      5,00      0,00      0,00      0,00      0,00      0,00     94,00
22:07:23          1      0,00      0,00      0,00      0,00      0,00      0,00      0,00      0,00      0,00    100,00
22:07:23          2      0,00      0,00      0,00      0,00      0,00      0,00      0,00      0,00      0,00    100,00
22:07:23          3      0,00      0,00      0,00      0,00      0,00      0,00      0,00      0,00      0,00    100,00

Média:         CPU      %usr     %nice      %sys   %iowait    %steal      %irq     %soft    %guest    %gnice     %idle
Média:         all      7,72      0,00      3,64      0,10      0,00      0,79      0,94      0,00      0,00     86,81
Média:           0      5,50      0,00      2,28      0,12      0,00      0,17      0,05      0,00      0,00     91,89
Média:           1     14,15      0,00      7,42      0,19      0,00      2,74      3,65      0,00      0,00     71,84
Média:           2      7,20      0,00      2,83      0,08      0,00      0,13      0,03      0,00      0,00     89,73
Média:           3      4,07      0,00      2,07      0,00      0,00      0,12      0,05      0,00      0,00     93,69
