Linux 5.14.0-503.19.1.el9_5.x86_64 (localhost.localdomain) 	15/04/2025 	_x86_64_	(4 CPU)

23:37:20        CPU      %usr     %nice      %sys   %iowait    %steal      %irq     %soft    %guest    %gnice     %idle
23:37:21        all      0,00      0,00      0,00      0,25      0,00      0,00      0,00      0,00      0,00     99,75
23:37:21          0      0,00      0,00      0,00      0,00      0,00      0,00      0,00      0,00      0,00    100,00
23:37:21          1      0,00      0,00      0,00      1,00      0,00      0,00      0,00      0,00      0,00     99,00
23:37:21          2      0,00      0,00      0,00      0,00      0,00      0,00      0,00      0,00      0,00    100,00
23:37:21          3      0,00      0,00      0,00      0,00      0,00      0,00      0,00      0,00      0,00    100,00

23:37:21        CPU      %usr     %nice      %sys   %iowait    %steal      %irq     %soft    %guest    %gnice     %idle
23:37:22        all      0,00      0,00      0,00      0,00      0,00      0,00      0,00      0,00      0,00    100,00
23:37:22          0      0,00      0,00      0,00      0,00      0,00      0,00      0,00      0,00      0,00    100,00
23:37:22          1      0,00      0,00      0,00      0,00      0,00      0,00      0,00      0,00      0,00    100,00
23:37:22          2      0,00      0,00      0,00      0,00      0,00      0,00      0,00      0,00      0,00    100,00
23:37:22          3      0,00      0,00      0,00      0,00      0,00      0,00      0,00      0,00      0,00    100,00

23:37:22        CPU      %usr     %nice      %sys   %iowait    %steal      %irq     %soft    %guest    %gnice     %idle
23:37:23        all      0,00      0,00      0,00      0,00      0,00      0,00      0,00      0,00      0,00    100,00
23:37:23          0      0,00      0,00      0,00      0,00      0,00      0,00      0,00      0,00      0,00    100,00
23:37:23          1      0,00      0,00      0,00      0,00      0,00      0,00      0,00      0,00      0,00    100,00
23:37:23          2      0,00      0,00      0,00      0,00      0,00      0,00      0,00      0,00      0,00    100,00
23:37:23          3      0,00      0,00      0,00      0,00      0,00      0,00      0,00      0,00      0,00    100,00

23:37:23        CPU      %usr     %nice      %sys   %iowait    %steal      %irq     %soft    %guest    %gnice     %idle
23:37:24        all     12,05      0,00      6,92      0,00      0,00      1,28      1,28      0,00      0,00     78,46
23:37:24          0     11,46      0,00      6,25      0,00      0,00      0,00      0,00      0,00      0,00     82,29
23:37:24          1     12,24      0,00      7,14      0,00      0,00      0,00      0,00      0,00      0,00     80,61
23:37:24          2     12,87      0,00      6,93      0,00      0,00      0,99      0,00      0,00      0,00     79,21
23:37:24          3     11,58      0,00      7,37      0,00      0,00      4,21      5,26      0,00      0,00     71,58

23:37:24        CPU      %usr     %nice      %sys   %iowait    %steal      %irq     %soft    %guest    %gnice     %idle
23:37:25        all     14,29      0,00      6,52      0,00      0,00      1,00      1,50      0,00      0,00     76,69
23:37:25          0     14,00      0,00      7,00      0,00      0,00      0,00      0,00      0,00      0,00     79,00
23:37:25          1     14,00      0,00      7,00      0,00      0,00      0,00      0,00      0,00      0,00     79,00
23:37:25          2     15,00      0,00      6,00      0,00      0,00      0,00      0,00      0,00      0,00     79,00
23:37:25          3     14,14      0,00      6,06      0,00      0,00      4,04      6,06      0,00      0,00     69,70

23:37:25        CPU      %usr     %nice      %sys   %iowait    %steal      %irq     %soft    %guest    %gnice     %idle
23:37:26        all     17,35      0,00      8,16      0,26      0,00      1,53      1,79      0,00      0,00     70,92
23:37:26          0     19,00      0,00      8,00      1,00      0,00      0,00      0,00      0,00      0,00     72,00
23:37:26          1     17,35      0,00      8,16      0,00      0,00      0,00      0,00      0,00      0,00     74,49
23:37:26          2     16,67      0,00      6,25      0,00      0,00      0,00      0,00      0,00      0,00     77,08
23:37:26          3     16,33      0,00     10,20      0,00      0,00      6,12      7,14      0,00      0,00     60,20

23:37:26        CPU      %usr     %nice      %sys   %iowait    %steal      %irq     %soft    %guest    %gnice     %idle
23:37:27        all      8,31      0,00      3,27      0,00      0,00      0,25      1,26      0,00      0,00     86,90
23:37:27          0      8,91      0,00      3,96      0,00      0,00      0,00      0,99      0,00      0,00     86,14
23:37:27          1      8,08      0,00      3,03      0,00      0,00      0,00      0,00      0,00      0,00     88,89
23:37:27          2      9,18      0,00      2,04      0,00      0,00      0,00      0,00      0,00      0,00     88,78
23:37:27          3      7,07      0,00      4,04      0,00      0,00      1,01      4,04      0,00      0,00     83,84

23:37:27        CPU      %usr     %nice      %sys   %iowait    %steal      %irq     %soft    %guest    %gnice     %idle
23:37:28        all      7,27      0,00      2,51      0,25      0,00      0,50      0,50      0,00      0,00     88,97
23:37:28          0      8,16      0,00      1,02      0,00      0,00      0,00      0,00      0,00      0,00     90,82
23:37:28          1      6,93      0,00      2,97      0,99      0,00      0,99      0,00      0,00      0,00     88,12
23:37:28          2      7,92      0,00      2,97      0,00      0,00      0,00      0,00      0,00      0,00     89,11
23:37:28          3      6,06      0,00      3,03      0,00      0,00      1,01      2,02      0,00      0,00     87,88

23:37:28        CPU      %usr     %nice      %sys   %iowait    %steal      %irq     %soft    %guest    %gnice     %idle
23:37:29        all      6,78      0,00      2,26      0,00      0,00      0,75      1,01      0,00      0,00     89,20
23:37:29          0      7,00      0,00      2,00      0,00      0,00      1,00      0,00      0,00      0,00     90,00
23:37:29          1      6,12      0,00      2,04      0,00      0,00      0,00      0,00      0,00      0,00     91,84
23:37:29          2      6,06      0,00      3,03      0,00      0,00      0,00      0,00      0,00      0,00     90,91
23:37:29          3      7,92      0,00      1,98      0,00      0,00      1,98      3,96      0,00      0,00     84,16

23:37:29        CPU      %usr     %nice      %sys   %iowait    %steal      %irq     %soft    %guest    %gnice     %idle
23:37:30        all      5,29      0,00      3,27      0,00      0,00      0,25      0,50      0,00      0,00     90,68
23:37:30          0      4,08      0,00      9,18      0,00      0,00      0,00      0,00      0,00      0,00     86,73
23:37:30          1      5,94      0,00      1,98      0,00      0,00      0,00      0,00      0,00      0,00     92,08
23:37:30          2      5,10      0,00      0,00      0,00      0,00      0,00      0,00      0,00      0,00     94,90
23:37:30          3      6,00      0,00      2,00      0,00      0,00      1,00      2,00      0,00      0,00     89,00

23:37:30        CPU      %usr     %nice      %sys   %iowait    %steal      %irq     %soft    %guest    %gnice     %idle
23:37:31        all      6,50      0,00      2,50      0,00      0,00      0,50      0,75      0,00      0,00     89,75
23:37:31          0      7,00      0,00      2,00      0,00      0,00      0,00      0,00      0,00      0,00     91,00
23:37:31          1      7,00      0,00      2,00      0,00      0,00      0,00      0,00      0,00      0,00     91,00
23:37:31          2      6,93      0,00      2,97      0,00      0,00      0,00      0,00      0,00      0,00     90,10
23:37:31          3      5,05      0,00      3,03      0,00      0,00      2,02      3,03      0,00      0,00     86,87

23:37:31        CPU      %usr     %nice      %sys   %iowait    %steal      %irq     %soft    %guest    %gnice     %idle
23:37:32        all      8,31      0,00      2,77      0,00      0,00      0,50      0,76      0,00      0,00     87,66
23:37:32          0      8,91      0,00      2,97      0,00      0,00      0,00      0,00      0,00      0,00     88,12
23:37:32          1      9,00      0,00      3,00      0,00      0,00      0,00      0,00      0,00      0,00     88,00
23:37:32          2      8,08      0,00      2,02      0,00      0,00      1,01      0,00      0,00      0,00     88,89
23:37:32          3      7,22      0,00      3,09      0,00      0,00      1,03      3,09      0,00      0,00     85,57

23:37:32        CPU      %usr     %nice      %sys   %iowait    %steal      %irq     %soft    %guest    %gnice     %idle
23:37:33        all      7,85      0,00      2,78      0,00      0,00      0,51      1,01      0,00      0,00     87,85
23:37:33          0      8,16      0,00      2,04      0,00      0,00      0,00      0,00      0,00      0,00     89,80
23:37:33          1      8,08      0,00      3,03      0,00      0,00      0,00      0,00      0,00      0,00     88,89
23:37:33          2      8,00      0,00      3,00      0,00      0,00      0,00      0,00      0,00      0,00     89,00
23:37:33          3      7,14      0,00      3,06      0,00      0,00      2,04      4,08      0,00      0,00     83,67

23:37:33        CPU      %usr     %nice      %sys   %iowait    %steal      %irq     %soft    %guest    %gnice     %idle
23:37:34        all     15,58      0,00      8,54      0,25      0,00      0,75      1,01      0,00      0,00     73,87
23:37:34          0     22,00      0,00      9,00      0,00      0,00      0,00      0,00      0,00      0,00     69,00
23:37:34          1     14,14      0,00     10,10      1,01      0,00      0,00      0,00      0,00      0,00     74,75
23:37:34          2     13,13      0,00      7,07      0,00      0,00      0,00      0,00      0,00      0,00     79,80
23:37:34          3     13,00      0,00      8,00      0,00      0,00      3,00      4,00      0,00      0,00     72,00

23:37:34        CPU      %usr     %nice      %sys   %iowait    %steal      %irq     %soft    %guest    %gnice     %idle
23:37:35        all     19,04      0,00      8,88      0,00      0,00      1,02      1,02      0,00      0,00     70,05
23:37:35          0     15,46      0,00      6,19      0,00      0,00      1,03      0,00      0,00      0,00     77,32
23:37:35          1     19,00      0,00      8,00      0,00      0,00      0,00      0,00      0,00      0,00     73,00
23:37:35          2     28,28      0,00     13,13      0,00      0,00      0,00      0,00      0,00      0,00     58,59
23:37:35          3     13,27      0,00      8,16      0,00      0,00      3,06      4,08      0,00      0,00     71,43

23:37:35        CPU      %usr     %nice      %sys   %iowait    %steal      %irq     %soft    %guest    %gnice     %idle
23:37:36        all     21,13      0,00     10,05      0,00      0,00      1,03      1,29      0,00      0,00     66,49
23:37:36          0     17,53      0,00     10,31      0,00      0,00      0,00      0,00      0,00      0,00     72,16
23:37:36          1     20,41      0,00      8,16      0,00      0,00      1,02      0,00      0,00      0,00     70,41
23:37:36          2     27,84      0,00     12,37      0,00      0,00      0,00      0,00      0,00      0,00     59,79
23:37:36          3     18,75      0,00      9,38      0,00      0,00      3,12      5,21      0,00      0,00     63,54

23:37:36        CPU      %usr     %nice      %sys   %iowait    %steal      %irq     %soft    %guest    %gnice     %idle
23:37:37        all     19,85      0,00     10,18      0,00      0,00      1,02      1,78      0,00      0,00     67,18
23:37:37          0     17,71      0,00     11,46      0,00      0,00      0,00      0,00      0,00      0,00     70,83
23:37:37          1     21,21      0,00      9,09      0,00      0,00      0,00      0,00      0,00      0,00     69,70
23:37:37          2     20,00      0,00      9,00      0,00      0,00      0,00      1,00      0,00      0,00     70,00
23:37:37          3     20,41      0,00     11,22      0,00      0,00      4,08      6,12      0,00      0,00     58,16

23:37:37        CPU      %usr     %nice      %sys   %iowait    %steal      %irq     %soft    %guest    %gnice     %idle
23:37:38        all     19,90      0,00      9,18      0,00      0,00      1,53      1,79      0,00      0,00     67,60
23:37:38          0     22,22      0,00      9,09      0,00      0,00      0,00      0,00      0,00      0,00     68,69
23:37:38          1     20,20      0,00      9,09      0,00      0,00      0,00      0,00      0,00      0,00     70,71
23:37:38          2     16,67      0,00      7,29      0,00      0,00      1,04      0,00      0,00      0,00     75,00
23:37:38          3     20,41      0,00     11,22      0,00      0,00      5,10      7,14      0,00      0,00     56,12

23:37:38        CPU      %usr     %nice      %sys   %iowait    %steal      %irq     %soft    %guest    %gnice     %idle
23:37:39        all     25,58      0,00     12,40      0,00      0,00      1,03      1,55      0,00      0,00     59,43
23:37:39          0     26,53      0,00     12,24      0,00      0,00      0,00      0,00      0,00      0,00     61,22
23:37:39          1     27,55      0,00     10,20      0,00      0,00      0,00      0,00      0,00      0,00     62,24
23:37:39          2     23,96      0,00     12,50      0,00      0,00      0,00      0,00      0,00      0,00     63,54
23:37:39          3     24,21      0,00     14,74      0,00      0,00      4,21      6,32      0,00      0,00     50,53

23:37:39        CPU      %usr     %nice      %sys   %iowait    %steal      %irq     %soft    %guest    %gnice     %idle
23:37:40        all     14,72      0,00      6,85      0,00      0,00      1,02      1,27      0,00      0,00     76,14
23:37:40          0     14,29      0,00      7,14      0,00      0,00      1,02      0,00      0,00      0,00     77,55
23:37:40          1     16,16      0,00      6,06      0,00      0,00      0,00      0,00      0,00      0,00     77,78
23:37:40          2     13,40      0,00      5,15      0,00      0,00      0,00      0,00      0,00      0,00     81,44
23:37:40          3     15,00      0,00      9,00      0,00      0,00      3,00      5,00      0,00      0,00     68,00

23:37:40        CPU      %usr     %nice      %sys   %iowait    %steal      %irq     %soft    %guest    %gnice     %idle
23:37:41        all     12,37      0,00      5,56      0,25      0,00      0,76      1,26      0,00      0,00     79,80
23:37:41          0     13,13      0,00      5,05      0,00      0,00      0,00      0,00      0,00      0,00     81,82
23:37:41          1     12,00      0,00      5,00      0,00      0,00      1,00      1,00      0,00      0,00     81,00
23:37:41          2     12,12      0,00      5,05      0,00      0,00      0,00      0,00      0,00      0,00     82,83
23:37:41          3     12,24      0,00      7,14      1,02      0,00      2,04      4,08      0,00      0,00     73,47

23:37:41        CPU      %usr     %nice      %sys   %iowait    %steal      %irq     %soft    %guest    %gnice     %idle
23:37:42        all     19,49      0,00      8,97      0,26      0,00      1,03      1,54      0,00      0,00     68,72
23:37:42          0     20,62      0,00      8,25      0,00      0,00      0,00      0,00      0,00      0,00     71,13
23:37:42          1     17,53      0,00      9,28      1,03      0,00      0,00      0,00      0,00      0,00     72,16
23:37:42          2     19,59      0,00      7,22      0,00      0,00      0,00      0,00      0,00      0,00     73,20
23:37:42          3     20,20      0,00     11,11      0,00      0,00      4,04      6,06      0,00      0,00     58,59

23:37:42        CPU      %usr     %nice      %sys   %iowait    %steal      %irq     %soft    %guest    %gnice     %idle
23:37:43        all     20,60      0,00     10,05      0,25      0,00      1,26      1,51      0,00      0,00     66,33
23:37:43          0     19,39      0,00     11,22      0,00      0,00      0,00      0,00      0,00      0,00     69,39
23:37:43          1     22,00      0,00      9,00      0,00      0,00      0,00      0,00      0,00      0,00     69,00
23:37:43          2     21,00      0,00      8,00      0,00      0,00      1,00      0,00      0,00      0,00     70,00
23:37:43          3     20,00      0,00     12,00      1,00      0,00      4,00      6,00      0,00      0,00     57,00

23:37:43        CPU      %usr     %nice      %sys   %iowait    %steal      %irq     %soft    %guest    %gnice     %idle
23:37:44        all     19,28      0,00      8,74      0,00      0,00      1,29      1,80      0,00      0,00     68,89
23:37:44          0     18,56      0,00      9,28      0,00      0,00      0,00      1,03      0,00      0,00     71,13
23:37:44          1     20,41      0,00      8,16      0,00      0,00      0,00      0,00      0,00      0,00     71,43
23:37:44          2     18,56      0,00      7,22      0,00      0,00      0,00      0,00      0,00      0,00     74,23
23:37:44          3     19,59      0,00     10,31      0,00      0,00      5,15      6,19      0,00      0,00     58,76

23:37:44        CPU      %usr     %nice      %sys   %iowait    %steal      %irq     %soft    %guest    %gnice     %idle
23:37:45        all     23,76      0,00     11,23      0,00      0,00      1,31      1,57      0,00      0,00     62,14
23:37:45          0     24,49      0,00     11,22      0,00      0,00      1,02      0,00      0,00      0,00     63,27
23:37:45          1     24,21      0,00      9,47      0,00      0,00      0,00      0,00      0,00      0,00     66,32
23:37:45          2     22,11      0,00     11,58      0,00      0,00      0,00      0,00      0,00      0,00     66,32
23:37:45          3     24,21      0,00     12,63      0,00      0,00      4,21      6,32      0,00      0,00     52,63

23:37:45        CPU      %usr     %nice      %sys   %iowait    %steal      %irq     %soft    %guest    %gnice     %idle
23:37:46        all     11,70      0,00      5,85      0,51      0,00      0,76      0,76      0,00      0,00     80,41
23:37:46          0      9,28      0,00      4,12      0,00      0,00      0,00      0,00      0,00      0,00     86,60
23:37:46          1     11,11      0,00      5,05      0,00      0,00      1,01      0,00      0,00      0,00     82,83
23:37:46          2     16,33      0,00      7,14      2,04      0,00      0,00      0,00      0,00      0,00     74,49
23:37:46          3     10,10      0,00      7,07      0,00      0,00      2,02      3,03      0,00      0,00     77,78

23:37:46        CPU      %usr     %nice      %sys   %iowait    %steal      %irq     %soft    %guest    %gnice     %idle
23:37:47        all     35,37      0,00     16,54      0,00      0,00      1,02      1,78      0,00      0,00     45,29
23:37:47          0     44,44      0,00     21,21      0,00      0,00      0,00      0,00      0,00      0,00     34,34
23:37:47          1     31,63      0,00     11,22      0,00      0,00      0,00      0,00      0,00      0,00     57,14
23:37:47          2     30,30      0,00     15,15      0,00      0,00      0,00      0,00      0,00      0,00     54,55
23:37:47          3     35,05      0,00     18,56      0,00      0,00      4,12      7,22      0,00      0,00     35,05

23:37:47        CPU      %usr     %nice      %sys   %iowait    %steal      %irq     %soft    %guest    %gnice     %idle
23:37:48        all     21,12      0,00      9,67      0,00      0,00      1,27      1,53      0,00      0,00     66,41
23:37:48          0     21,43      0,00      9,18      0,00      0,00      0,00      0,00      0,00      0,00     69,39
23:37:48          1     19,59      0,00     10,31      0,00      0,00      0,00      0,00      0,00      0,00     70,10
23:37:48          2     21,78      0,00      8,91      0,00      0,00      0,99      0,00      0,00      0,00     68,32
23:37:48          3     21,65      0,00     10,31      0,00      0,00      4,12      6,19      0,00      0,00     57,73

23:37:48        CPU      %usr     %nice      %sys   %iowait    %steal      %irq     %soft    %guest    %gnice     %idle
23:37:49        all     14,62      0,00      6,92      0,00      0,00      0,77      1,28      0,00      0,00     76,41
23:37:49          0     14,58      0,00      5,21      0,00      0,00      0,00      0,00      0,00      0,00     80,21
23:37:49          1     13,68      0,00      6,32      0,00      0,00      0,00      0,00      0,00      0,00     80,00
23:37:49          2     14,29      0,00      6,12      0,00      0,00      0,00      0,00      0,00      0,00     79,59
23:37:49          3     15,84      0,00      9,90      0,00      0,00      2,97      4,95      0,00      0,00     66,34

23:37:49        CPU      %usr     %nice      %sys   %iowait    %steal      %irq     %soft    %guest    %gnice     %idle
23:37:50        all     20,82      0,00     10,03      0,00      0,00      1,54      1,80      0,00      0,00     65,81
23:37:50          0     22,22      0,00     10,10      0,00      0,00      1,01      0,00      0,00      0,00     66,67
23:37:50          1     20,83      0,00      8,33      0,00      0,00      0,00      0,00      0,00      0,00     70,83
23:37:50          2     20,41      0,00      9,18      0,00      0,00      0,00      0,00      0,00      0,00     70,41
23:37:50          3     19,79      0,00     12,50      0,00      0,00      5,21      7,29      0,00      0,00     55,21

23:37:50        CPU      %usr     %nice      %sys   %iowait    %steal      %irq     %soft    %guest    %gnice     %idle
23:37:51        all     19,14      0,00      9,82      0,00      0,00      1,51      1,76      0,00      0,00     67,76
23:37:51          0     20,20      0,00      9,09      0,00      0,00      0,00      0,00      0,00      0,00     70,71
23:37:51          1     19,61      0,00      9,80      0,00      0,00      0,98      0,00      0,00      0,00     69,61
23:37:51          2     17,53      0,00      9,28      0,00      0,00      0,00      0,00      0,00      0,00     73,20
23:37:51          3     19,19      0,00     11,11      0,00      0,00      5,05      7,07      0,00      0,00     57,58

23:37:51        CPU      %usr     %nice      %sys   %iowait    %steal      %irq     %soft    %guest    %gnice     %idle
23:37:52        all      9,57      0,00      6,30      0,25      0,00      0,50      1,01      0,00      0,00     82,37
23:37:52          0     10,20      0,00     11,22      0,00      0,00      0,00      0,00      0,00      0,00     78,57
23:37:52          1      9,00      0,00      4,00      1,00      0,00      0,00      0,00      0,00      0,00     86,00
23:37:52          2     10,10      0,00      4,04      0,00      0,00      0,00      0,00      0,00      0,00     85,86
23:37:52          3      9,00      0,00      6,00      0,00      0,00      2,00      4,00      0,00      0,00     79,00

23:37:52        CPU      %usr     %nice      %sys   %iowait    %steal      %irq     %soft    %guest    %gnice     %idle
23:37:53        all     16,96      0,00      8,61      0,00      0,00      1,52      1,77      0,00      0,00     71,14
23:37:53          0     16,33      0,00      8,16      0,00      0,00      0,00      0,00      0,00      0,00     75,51
23:37:53          1     18,37      0,00      7,14      0,00      0,00      0,00      0,00      0,00      0,00     74,49
23:37:53          2     16,67      0,00      9,80      0,00      0,00      0,98      0,00      0,00      0,00     72,55
23:37:53          3     16,49      0,00      9,28      0,00      0,00      5,15      7,22      0,00      0,00     61,86

23:37:53        CPU      %usr     %nice      %sys   %iowait    %steal      %irq     %soft    %guest    %gnice     %idle
23:37:54        all     20,00      0,00      9,11      0,00      0,00      1,27      2,03      0,00      0,00     67,59
23:37:54          0     20,62      0,00      6,19      0,00      0,00      0,00      0,00      0,00      0,00     73,20
23:37:54          1     22,00      0,00      8,00      0,00      0,00      0,00      0,00      0,00      0,00     70,00
23:37:54          2     19,59      0,00      8,25      0,00      0,00      0,00      0,00      0,00      0,00     72,16
23:37:54          3     17,82      0,00     13,86      0,00      0,00      4,95      7,92      0,00      0,00     55,45

23:37:54        CPU      %usr     %nice      %sys   %iowait    %steal      %irq     %soft    %guest    %gnice     %idle
23:37:55        all     21,30      0,00      9,77      0,00      0,00      1,25      2,01      0,00      0,00     65,66
23:37:55          0     22,00      0,00     10,00      0,00      0,00      0,00      0,00      0,00      0,00     68,00
23:37:55          1     21,00      0,00      9,00      0,00      0,00      0,00      0,00      0,00      0,00     70,00
23:37:55          2     22,00      0,00      8,00      0,00      0,00      0,00      0,00      0,00      0,00     70,00
23:37:55          3     20,20      0,00     12,12      0,00      0,00      5,05      8,08      0,00      0,00     54,55

23:37:55        CPU      %usr     %nice      %sys   %iowait    %steal      %irq     %soft    %guest    %gnice     %idle
23:37:56        all     22,34      0,00      9,14      0,00      0,00      1,52      2,54      0,00      0,00     64,47
23:37:56          0     23,53      0,00      9,80      0,00      0,00      0,98      0,00      0,00      0,00     65,69
23:37:56          1     23,47      0,00      8,16      0,00      0,00      0,00      0,00      0,00      0,00     68,37
23:37:56          2     21,88      0,00      7,29      0,00      0,00      0,00      1,04      0,00      0,00     69,79
23:37:56          3     20,41      0,00     11,22      0,00      0,00      5,10      9,18      0,00      0,00     54,08

23:37:56        CPU      %usr     %nice      %sys   %iowait    %steal      %irq     %soft    %guest    %gnice     %idle
23:37:57        all     22,14      0,00      9,92      0,00      0,00      1,53      2,04      0,00      0,00     64,38
23:37:57          0     21,65      0,00      9,28      0,00      0,00      0,00      0,00      0,00      0,00     69,07
23:37:57          1     21,65      0,00      8,25      0,00      0,00      1,03      0,00      0,00      0,00     69,07
23:37:57          2     23,47      0,00      9,18      0,00      0,00      0,00      0,00      0,00      0,00     67,35
23:37:57          3     21,78      0,00     12,87      0,00      0,00      4,95      7,92      0,00      0,00     52,48

23:37:57        CPU      %usr     %nice      %sys   %iowait    %steal      %irq     %soft    %guest    %gnice     %idle
23:37:58        all     26,82      0,00     11,28      0,00      0,00      1,25      2,51      0,00      0,00     58,15
23:37:58          0     26,26      0,00     12,12      0,00      0,00      0,00      0,00      0,00      0,00     61,62
23:37:58          1     28,43      0,00      9,80      0,00      0,00      0,00      0,98      0,00      0,00     60,78
23:37:58          2     28,71      0,00      8,91      0,00      0,00      0,99      0,00      0,00      0,00     61,39
23:37:58          3     23,71      0,00     14,43      0,00      0,00      4,12      9,28      0,00      0,00     48,45

23:37:58        CPU      %usr     %nice      %sys   %iowait    %steal      %irq     %soft    %guest    %gnice     %idle
23:37:59        all     25,45      0,00     12,72      0,00      0,00      1,27      1,78      0,00      0,00     58,78
23:37:59          0     25,51      0,00     13,27      0,00      0,00      0,00      0,00      0,00      0,00     61,22
23:37:59          1     25,77      0,00     11,34      0,00      0,00      0,00      0,00      0,00      0,00     62,89
23:37:59          2     27,55      0,00     11,22      0,00      0,00      0,00      0,00      0,00      0,00     61,22
23:37:59          3     23,00      0,00     15,00      0,00      0,00      5,00      7,00      0,00      0,00     50,00

23:37:59        CPU      %usr     %nice      %sys   %iowait    %steal      %irq     %soft    %guest    %gnice     %idle
23:38:00        all     14,72      0,00      7,36      0,25      0,00      0,76      1,78      0,00      0,00     75,13
23:38:00          0     16,00      0,00      7,00      0,00      0,00      0,00      1,00      0,00      0,00     76,00
23:38:00          1     15,00      0,00      7,00      1,00      0,00      0,00      0,00      0,00      0,00     77,00
23:38:00          2     14,29      0,00      7,14      0,00      0,00      0,00      0,00      0,00      0,00     78,57
23:38:00          3     13,54      0,00      8,33      0,00      0,00      3,12      6,25      0,00      0,00     68,75

23:38:00        CPU      %usr     %nice      %sys   %iowait    %steal      %irq     %soft    %guest    %gnice     %idle
23:38:01        all      9,85      0,00      4,55      0,00      0,00      1,01      1,01      0,00      0,00     83,59
23:38:01          0     10,00      0,00      4,00      0,00      0,00      1,00      0,00      0,00      0,00     85,00
23:38:01          1     10,10      0,00      4,04      0,00      0,00      0,00      0,00      0,00      0,00     85,86
23:38:01          2      9,28      0,00      3,09      0,00      0,00      0,00      0,00      0,00      0,00     87,63
23:38:01          3     10,00      0,00      7,00      0,00      0,00      3,00      4,00      0,00      0,00     76,00

23:38:01        CPU      %usr     %nice      %sys   %iowait    %steal      %irq     %soft    %guest    %gnice     %idle
23:38:02        all     20,35      0,00      9,55      0,00      0,00      1,26      1,76      0,00      0,00     67,09
23:38:02          0     23,53      0,00      8,82      0,00      0,00      0,00      0,00      0,00      0,00     67,65
23:38:02          1     19,19      0,00      9,09      0,00      0,00      0,00      0,00      0,00      0,00     71,72
23:38:02          2     19,39      0,00      8,16      0,00      0,00      0,00      0,00      0,00      0,00     72,45
23:38:02          3     19,19      0,00     12,12      0,00      0,00      5,05      7,07      0,00      0,00     56,57

23:38:02        CPU      %usr     %nice      %sys   %iowait    %steal      %irq     %soft    %guest    %gnice     %idle
23:38:03        all     20,77      0,00      9,23      0,00      0,00      1,54      2,05      0,00      0,00     66,41
23:38:03          0     20,62      0,00      9,28      0,00      0,00      0,00      0,00      0,00      0,00     70,10
23:38:03          1     20,62      0,00      8,25      0,00      0,00      1,03      0,00      0,00      0,00     70,10
23:38:03          2     21,43      0,00      8,16      0,00      0,00      0,00      0,00      0,00      0,00     70,41
23:38:03          3     20,41      0,00     11,22      0,00      0,00      5,10      8,16      0,00      0,00     55,10

23:38:03        CPU      %usr     %nice      %sys   %iowait    %steal      %irq     %soft    %guest    %gnice     %idle
23:38:04        all     23,43      0,00     11,08      0,00      0,00      1,51      2,02      0,00      0,00     61,96
23:38:04          0     25,00      0,00     11,00      0,00      0,00      0,00      0,00      0,00      0,00     64,00
23:38:04          1     24,49      0,00      9,18      0,00      0,00      0,00      0,00      0,00      0,00     66,33
23:38:04          2     23,23      0,00     10,10      0,00      0,00      1,01      0,00      0,00      0,00     65,66
23:38:04          3     21,00      0,00     14,00      0,00      0,00      5,00      8,00      0,00      0,00     52,00

23:38:04        CPU      %usr     %nice      %sys   %iowait    %steal      %irq     %soft    %guest    %gnice     %idle
23:38:05        all     33,42      0,00     15,00      0,00      0,00      1,32      2,11      0,00      0,00     48,16
23:38:05          0     35,05      0,00     14,43      0,00      0,00      0,00      0,00      0,00      0,00     50,52
23:38:05          1     32,26      0,00     15,05      0,00      0,00      0,00      0,00      0,00      0,00     52,69
23:38:05          2     35,42      0,00     13,54      0,00      0,00      0,00      0,00      0,00      0,00     51,04
23:38:05          3     30,85      0,00     17,02      0,00      0,00      5,32      8,51      0,00      0,00     38,30

23:38:05        CPU      %usr     %nice      %sys   %iowait    %steal      %irq     %soft    %guest    %gnice     %idle
23:38:06        all     31,62      0,00     14,91      0,00      0,00      1,54      2,31      0,00      0,00     49,61
23:38:06          0     32,99      0,00     13,40      0,00      0,00      1,03      0,00      0,00      0,00     52,58
23:38:06          1     31,91      0,00     13,83      0,00      0,00      0,00      0,00      0,00      0,00     54,26
23:38:06          2     32,32      0,00     15,15      0,00      0,00      0,00      0,00      0,00      0,00     52,53
23:38:06          3     29,29      0,00     17,17      0,00      0,00      5,05      9,09      0,00      0,00     39,39

23:38:06        CPU      %usr     %nice      %sys   %iowait    %steal      %irq     %soft    %guest    %gnice     %idle
23:38:07        all     13,99      0,00      7,12      0,00      0,00      0,25      0,76      0,00      0,00     77,86
23:38:07          0     14,14      0,00      6,06      0,00      0,00      0,00      0,00      0,00      0,00     79,80
23:38:07          1     13,40      0,00      7,22      0,00      0,00      0,00      0,00      0,00      0,00     79,38
23:38:07          2     15,31      0,00      7,14      0,00      0,00      0,00      0,00      0,00      0,00     77,55
23:38:07          3     13,13      0,00      8,08      0,00      0,00      1,01      3,03      0,00      0,00     74,75

23:38:07        CPU      %usr     %nice      %sys   %iowait    %steal      %irq     %soft    %guest    %gnice     %idle
23:38:08        all      3,29      0,00      1,27      0,00      0,00      0,51      0,51      0,00      0,00     94,43
23:38:08          0      3,06      0,00      2,04      0,00      0,00      0,00      0,00      0,00      0,00     94,90
23:38:08          1      3,03      0,00      1,01      0,00      0,00      1,01      0,00      0,00      0,00     94,95
23:38:08          2      2,04      0,00      1,02      0,00      0,00      0,00      0,00      0,00      0,00     96,94
23:38:08          3      5,00      0,00      1,00      0,00      0,00      1,00      2,00      0,00      0,00     91,00

23:38:08        CPU      %usr     %nice      %sys   %iowait    %steal      %irq     %soft    %guest    %gnice     %idle
23:38:09        all      6,60      0,00      4,06      0,00      0,00      0,25      0,51      0,00      0,00     88,58
23:38:09          0      6,06      0,00      5,05      0,00      0,00      0,00      0,00      0,00      0,00     88,89
23:38:09          1      6,12      0,00      3,06      0,00      0,00      0,00      0,00      0,00      0,00     90,82
23:38:09          2      5,15      0,00      3,09      0,00      0,00      0,00      0,00      0,00      0,00     91,75
23:38:09          3      9,00      0,00      5,00      0,00      0,00      1,00      2,00      0,00      0,00     83,00

23:38:09        CPU      %usr     %nice      %sys   %iowait    %steal      %irq     %soft    %guest    %gnice     %idle
23:38:10        all     20,05      0,00      8,63      0,00      0,00      1,02      1,52      0,00      0,00     68,78
23:38:10          0     18,56      0,00      8,25      0,00      0,00      0,00      0,00      0,00      0,00     73,20
23:38:10          1     19,79      0,00      7,29      0,00      0,00      0,00      0,00      0,00      0,00     72,92
23:38:10          2     18,00      0,00      9,00      0,00      0,00      1,00      0,00      0,00      0,00     72,00
23:38:10          3     23,76      0,00      9,90      0,00      0,00      2,97      5,94      0,00      0,00     57,43

23:38:10        CPU      %usr     %nice      %sys   %iowait    %steal      %irq     %soft    %guest    %gnice     %idle
23:38:11        all     15,60      0,00      7,67      0,26      0,00      0,51      1,02      0,00      0,00     74,94
23:38:11          0     17,00      0,00      8,00      0,00      0,00      0,00      0,00      0,00      0,00     75,00
23:38:11          1     14,14      0,00      8,08      1,01      0,00      0,00      0,00      0,00      0,00     76,77
23:38:11          2     12,63      0,00      6,32      0,00      0,00      0,00      0,00      0,00      0,00     81,05
23:38:11          3     18,56      0,00      8,25      0,00      0,00      2,06      4,12      0,00      0,00     67,01

23:38:11        CPU      %usr     %nice      %sys   %iowait    %steal      %irq     %soft    %guest    %gnice     %idle
23:38:12        all     13,74      0,00      6,11      2,54      0,00      0,76      1,02      0,00      0,00     75,83
23:38:12          0     15,00      0,00      6,00      1,00      0,00      1,00      0,00      0,00      0,00     77,00
23:38:12          1     12,37      0,00      6,19      4,12      0,00      0,00      0,00      0,00      0,00     77,32
23:38:12          2     13,00      0,00      6,00      4,00      0,00      0,00      0,00      0,00      0,00     77,00
23:38:12          3     14,58      0,00      6,25      1,04      0,00      2,08      4,17      0,00      0,00     71,88

23:38:12        CPU      %usr     %nice      %sys   %iowait    %steal      %irq     %soft    %guest    %gnice     %idle
23:38:13        all      4,02      0,00      2,01      0,00      0,00      0,25      0,50      0,00      0,00     93,22
23:38:13          0      5,00      0,00      2,00      0,00      0,00      0,00      0,00      0,00      0,00     93,00
23:38:13          1      3,03      0,00      2,02      0,00      0,00      0,00      0,00      0,00      0,00     94,95
23:38:13          2      3,06      0,00      2,04      0,00      0,00      0,00      0,00      0,00      0,00     94,90
23:38:13          3      4,95      0,00      1,98      0,00      0,00      0,99      1,98      0,00      0,00     90,10

23:38:13        CPU      %usr     %nice      %sys   %iowait    %steal      %irq     %soft    %guest    %gnice     %idle
23:38:14        all      5,32      0,00      2,78      0,00      0,00      0,25      0,51      0,00      0,00     91,14
23:38:14          0      4,08      0,00      3,06      0,00      0,00      0,00      0,00      0,00      0,00     92,86
23:38:14          1      5,10      0,00      2,04      0,00      0,00      0,00      0,00      0,00      0,00     92,86
23:38:14          2      5,94      0,00      2,97      0,00      0,00      0,00      0,00      0,00      0,00     91,09
23:38:14          3      6,12      0,00      3,06      0,00      0,00      1,02      2,04      0,00      0,00     87,76

23:38:14        CPU      %usr     %nice      %sys   %iowait    %steal      %irq     %soft    %guest    %gnice     %idle
23:38:15        all      9,85      0,00      7,07      0,00      0,00      0,76      1,01      0,00      0,00     81,31
23:38:15          0     10,10      0,00     13,13      0,00      0,00      0,00      0,00      0,00      0,00     76,77
23:38:15          1      8,16      0,00      6,12      0,00      0,00      0,00      0,00      0,00      0,00     85,71
23:38:15          2     10,10      0,00      4,04      0,00      0,00      0,00      0,00      0,00      0,00     85,86
23:38:15          3     11,00      0,00      5,00      0,00      0,00      3,00      4,00      0,00      0,00     77,00

23:38:15        CPU      %usr     %nice      %sys   %iowait    %steal      %irq     %soft    %guest    %gnice     %idle
23:38:16        all     29,41      0,00     14,58      0,00      0,00      1,53      2,30      0,00      0,00     52,17
23:38:16          0     25,77      0,00     13,40      0,00      0,00      0,00      0,00      0,00      0,00     60,82
23:38:16          1     28,57      0,00     11,22      0,00      0,00      1,02      1,02      0,00      0,00     58,16
23:38:16          2     38,38      0,00     18,18      0,00      0,00      1,01      1,01      0,00      0,00     41,41
23:38:16          3     24,74      0,00     15,46      0,00      0,00      4,12      7,22      0,00      0,00     48,45

23:38:16        CPU      %usr     %nice      %sys   %iowait    %steal      %irq     %soft    %guest    %gnice     %idle
23:38:17        all     35,75      0,00     17,36      0,00      0,00      1,04      1,81      0,00      0,00     44,04
23:38:17          0     34,38      0,00     14,58      0,00      0,00      0,00      0,00      0,00      0,00     51,04
23:38:17          1     32,99      0,00     15,46      0,00      0,00      0,00      0,00      0,00      0,00     51,55
23:38:17          2     44,33      0,00     20,62      0,00      0,00      0,00      0,00      0,00      0,00     35,05
23:38:17          3     31,25      0,00     18,75      0,00      0,00      4,17      7,29      0,00      0,00     38,54

23:38:17        CPU      %usr     %nice      %sys   %iowait    %steal      %irq     %soft    %guest    %gnice     %idle
23:38:18        all     22,05      0,00     10,26      0,00      0,00      1,28      1,79      0,00      0,00     64,62
23:38:18          0     22,22      0,00     10,10      0,00      0,00      1,01      1,01      0,00      0,00     65,66
23:38:18          1     22,45      0,00     11,22      0,00      0,00      0,00      0,00      0,00      0,00     66,33
23:38:18          2     22,68      0,00      8,25      0,00      0,00      0,00      0,00      0,00      0,00     69,07
23:38:18          3     20,83      0,00     11,46      0,00      0,00      4,17      6,25      0,00      0,00     57,29

23:38:18        CPU      %usr     %nice      %sys   %iowait    %steal      %irq     %soft    %guest    %gnice     %idle
23:38:19        all      8,27      0,00      3,01      0,25      0,00      0,50      0,75      0,00      0,00     87,22
23:38:19          0      9,09      0,00      2,02      0,00      0,00      0,00      0,00      0,00      0,00     88,89
23:38:19          1      7,92      0,00      2,97      0,99      0,00      0,00      0,00      0,00      0,00     88,12
23:38:19          2      8,08      0,00      3,03      0,00      0,00      0,00      0,00      0,00      0,00     88,89
23:38:19          3      8,00      0,00      4,00      0,00      0,00      2,00      3,00      0,00      0,00     83,00

23:38:19        CPU      %usr     %nice      %sys   %iowait    %steal      %irq     %soft    %guest    %gnice     %idle
23:38:20        all      9,60      0,00      5,05      0,00      0,00      0,51      0,76      0,00      0,00     84,09
23:38:20          0      9,18      0,00      5,10      0,00      0,00      0,00      0,00      0,00      0,00     85,71
23:38:20          1     10,00      0,00      5,00      0,00      0,00      0,00      0,00      0,00      0,00     85,00
23:38:20          2      9,09      0,00      4,04      0,00      0,00      0,00      0,00      0,00      0,00     86,87
23:38:20          3     10,10      0,00      6,06      0,00      0,00      2,02      3,03      0,00      0,00     78,79

Média:         CPU      %usr     %nice      %sys   %iowait    %steal      %irq     %soft    %guest    %gnice     %idle
Média:         all     16,01      0,00      7,57      0,10      0,00      0,92      1,33      0,00      0,00     74,06
Média:           0     16,37      0,00      7,66      0,03      0,00      0,17      0,07      0,00      0,00     75,71
Média:           1     15,87      0,00      6,87      0,20      0,00      0,15      0,05      0,00      0,00     76,85
Média:           2     16,40      0,00      7,06      0,10      0,00      0,17      0,05      0,00      0,00     76,22
Média:           3     15,42      0,00      8,70      0,05      0,00      3,20      5,16      0,00      0,00     67,46
