Linux 5.14.0-503.19.1.el9_5.x86_64 (localhost.localdomain) 	15/04/2025 	_x86_64_	(4 CPU)

23:43:50        CPU      %usr     %nice      %sys   %iowait    %steal      %irq     %soft    %guest    %gnice     %idle
23:43:51        all      0,00      0,00      0,00      0,25      0,00      0,00      0,00      0,00      0,00     99,75
23:43:51          0      0,00      0,00      0,00      0,00      0,00      0,00      0,00      0,00      0,00    100,00
23:43:51          1      0,00      0,00      0,00      0,99      0,00      0,00      0,00      0,00      0,00     99,01
23:43:51          2      0,00      0,00      0,00      0,00      0,00      0,00      0,00      0,00      0,00    100,00
23:43:51          3      0,00      0,00      0,00      0,00      0,00      0,00      0,00      0,00      0,00    100,00

23:43:51        CPU      %usr     %nice      %sys   %iowait    %steal      %irq     %soft    %guest    %gnice     %idle
23:43:52        all      0,00      0,00      0,00      0,00      0,00      0,00      0,00      0,00      0,00    100,00
23:43:52          0      0,00      0,00      0,00      0,00      0,00      0,00      0,00      0,00      0,00    100,00
23:43:52          1      0,00      0,00      0,00      0,00      0,00      0,00      0,00      0,00      0,00    100,00
23:43:52          2      0,00      0,00      0,00      0,00      0,00      0,00      0,00      0,00      0,00    100,00
23:43:52          3      0,00      0,00      0,00      0,00      0,00      0,00      0,00      0,00      0,00    100,00

23:43:52        CPU      %usr     %nice      %sys   %iowait    %steal      %irq     %soft    %guest    %gnice     %idle
23:43:53        all      0,00      0,00      0,00      0,00      0,00      0,00      0,00      0,00      0,00    100,00
23:43:53          0      0,00      0,00      0,00      0,00      0,00      0,00      0,00      0,00      0,00    100,00
23:43:53          1      0,00      0,00      0,00      0,00      0,00      0,00      0,00      0,00      0,00    100,00
23:43:53          2      0,00      0,00      0,00      0,00      0,00      0,00      0,00      0,00      0,00    100,00
23:43:53          3      0,00      0,00      0,00      0,00      0,00      0,00      0,00      0,00      0,00    100,00

23:43:53        CPU      %usr     %nice      %sys   %iowait    %steal      %irq     %soft    %guest    %gnice     %idle
23:43:54        all     11,14      0,00      4,05      0,00      0,00      1,01      1,27      0,00      0,00     82,53
23:43:54          0     10,31      0,00      4,12      0,00      0,00      0,00      0,00      0,00      0,00     85,57
23:43:54          1     12,00      0,00      3,00      0,00      0,00      1,00      0,00      0,00      0,00     84,00
23:43:54          2     11,11      0,00      5,05      0,00      0,00      0,00      0,00      0,00      0,00     83,84
23:43:54          3     11,11      0,00      4,04      0,00      0,00      3,03      5,05      0,00      0,00     76,77

23:43:54        CPU      %usr     %nice      %sys   %iowait    %steal      %irq     %soft    %guest    %gnice     %idle
23:43:55        all     12,44      0,00      4,82      0,00      0,00      1,02      1,27      0,00      0,00     80,46
23:43:55          0     12,75      0,00      5,88      0,00      0,00      0,98      0,00      0,00      0,00     80,39
23:43:55          1     12,24      0,00      5,10      0,00      0,00      0,00      0,00      0,00      0,00     82,65
23:43:55          2     11,46      0,00      3,12      0,00      0,00      0,00      0,00      0,00      0,00     85,42
23:43:55          3     13,27      0,00      5,10      0,00      0,00      3,06      5,10      0,00      0,00     73,47

23:43:55        CPU      %usr     %nice      %sys   %iowait    %steal      %irq     %soft    %guest    %gnice     %idle
23:43:56        all      4,51      0,00      1,50      0,00      0,00      0,25      0,50      0,00      0,00     93,23
23:43:56          0      5,00      0,00      1,00      0,00      0,00      0,00      0,00      0,00      0,00     94,00
23:43:56          1      5,00      0,00      1,00      0,00      0,00      0,00      0,00      0,00      0,00     94,00
23:43:56          2      4,00      0,00      2,00      0,00      0,00      0,00      0,00      0,00      0,00     94,00
23:43:56          3      4,04      0,00      2,02      0,00      0,00      1,01      2,02      0,00      0,00     90,91

23:43:56        CPU      %usr     %nice      %sys   %iowait    %steal      %irq     %soft    %guest    %gnice     %idle
23:43:57        all      0,00      0,00      0,00      0,25      0,00      0,00      0,00      0,00      0,00     99,75
23:43:57          0      0,00      0,00      0,00      0,00      0,00      0,00      0,00      0,00      0,00    100,00
23:43:57          1      0,00      0,00      0,00      1,00      0,00      0,00      0,00      0,00      0,00     99,00
23:43:57          2      0,00      0,00      0,00      0,00      0,00      0,00      0,00      0,00      0,00    100,00
23:43:57          3      0,00      0,00      0,00      0,00      0,00      0,00      0,00      0,00      0,00    100,00

23:43:57        CPU      %usr     %nice      %sys   %iowait    %steal      %irq     %soft    %guest    %gnice     %idle
23:43:58        all      0,00      0,00      0,25      0,00      0,00      0,00      0,00      0,00      0,00     99,75
23:43:58          0      0,00      0,00      0,99      0,00      0,00      0,00      0,00      0,00      0,00     99,01
23:43:58          1      0,00      0,00      0,00      0,00      0,00      0,00      0,00      0,00      0,00    100,00
23:43:58          2      0,00      0,00      0,00      0,00      0,00      0,00      0,00      0,00      0,00    100,00
23:43:58          3      0,00      0,00      0,00      0,00      0,00      0,00      0,00      0,00      0,00    100,00

23:43:58        CPU      %usr     %nice      %sys   %iowait    %steal      %irq     %soft    %guest    %gnice     %idle
23:43:59        all     26,84      0,00     11,84      0,00      0,00      0,79      1,84      0,00      0,00     58,68
23:43:59          0     23,66      0,00      8,60      0,00      0,00      0,00      0,00      0,00      0,00     67,74
23:43:59          1     24,21      0,00     10,53      0,00      0,00      0,00      0,00      0,00      0,00     65,26
23:43:59          2     34,69      0,00     17,35      0,00      0,00      0,00      1,02      0,00      0,00     46,94
23:43:59          3     24,47      0,00     10,64      0,00      0,00      3,19      6,38      0,00      0,00     55,32

23:43:59        CPU      %usr     %nice      %sys   %iowait    %steal      %irq     %soft    %guest    %gnice     %idle
23:44:00        all     13,91      0,00      6,04      0,26      0,00      0,52      0,79      0,00      0,00     78,48
23:44:00          0     14,74      0,00      5,26      1,05      0,00      0,00      0,00      0,00      0,00     78,95
23:44:00          1     14,58      0,00      5,21      0,00      0,00      0,00      0,00      0,00      0,00     80,21
23:44:00          2     11,46      0,00      7,29      0,00      0,00      0,00      0,00      0,00      0,00     81,25
23:44:00          3     14,89      0,00      6,38      0,00      0,00      2,13      3,19      0,00      0,00     73,40

23:44:00        CPU      %usr     %nice      %sys   %iowait    %steal      %irq     %soft    %guest    %gnice     %idle
23:44:01        all     21,78      0,00     10,50      0,00      0,00      1,05      1,31      0,00      0,00     65,35
23:44:01          0     22,92      0,00     10,42      0,00      0,00      0,00      0,00      0,00      0,00     66,67
23:44:01          1     22,34      0,00      9,57      0,00      0,00      0,00      0,00      0,00      0,00     68,09
23:44:01          2     19,15      0,00      9,57      0,00      0,00      1,06      0,00      0,00      0,00     70,21
23:44:01          3     22,68      0,00     12,37      0,00      0,00      3,09      5,15      0,00      0,00     56,70

23:44:01        CPU      %usr     %nice      %sys   %iowait    %steal      %irq     %soft    %guest    %gnice     %idle
23:44:02        all      0,00      0,00      0,25      0,00      0,00      0,00      0,00      0,00      0,00     99,75
23:44:02          0      0,00      0,00      0,00      0,00      0,00      0,00      0,00      0,00      0,00    100,00
23:44:02          1      0,00      0,00      0,00      0,00      0,00      0,00      0,00      0,00      0,00    100,00
23:44:02          2      0,00      0,00      0,00      0,00      0,00      0,00      0,00      0,00      0,00    100,00
23:44:02          3      0,00      0,00      0,99      0,00      0,00      0,00      0,00      0,00      0,00     99,01

23:44:02        CPU      %usr     %nice      %sys   %iowait    %steal      %irq     %soft    %guest    %gnice     %idle
23:44:03        all      0,00      0,00      0,25      0,00      0,00      0,00      0,00      0,00      0,00     99,75
23:44:03          0      0,00      0,00      0,99      0,00      0,00      0,00      0,00      0,00      0,00     99,01
23:44:03          1      0,00      0,00      0,00      0,00      0,00      0,00      0,00      0,00      0,00    100,00
23:44:03          2      0,00      0,00      0,00      0,00      0,00      0,00      0,00      0,00      0,00    100,00
23:44:03          3      0,00      0,00      0,00      0,00      0,00      0,00      0,00      0,00      0,00    100,00

23:44:03        CPU      %usr     %nice      %sys   %iowait    %steal      %irq     %soft    %guest    %gnice     %idle
23:44:04        all      9,90      0,00      3,55      0,00      0,00      0,76      1,27      0,00      0,00     84,52
23:44:04          0      9,28      0,00      2,06      0,00      0,00      0,00      0,00      0,00      0,00     88,66
23:44:04          1     10,89      0,00      3,96      0,00      0,00      0,99      0,00      0,00      0,00     84,16
23:44:04          2      9,09      0,00      4,04      0,00      0,00      0,00      0,00      0,00      0,00     86,87
23:44:04          3     10,31      0,00      4,12      0,00      0,00      2,06      5,15      0,00      0,00     78,35

23:44:04        CPU      %usr     %nice      %sys   %iowait    %steal      %irq     %soft    %guest    %gnice     %idle
23:44:05        all      7,32      0,00      3,03      0,25      0,00      0,51      1,01      0,00      0,00     87,88
23:44:05          0      7,14      0,00      3,06      0,00      0,00      0,00      0,00      0,00      0,00     89,80
23:44:05          1      7,92      0,00      2,97      0,99      0,00      0,00      0,00      0,00      0,00     88,12
23:44:05          2      7,14      0,00      2,04      0,00      0,00      0,00      0,00      0,00      0,00     90,82
23:44:05          3      7,07      0,00      4,04      0,00      0,00      2,02      4,04      0,00      0,00     82,83

23:44:05        CPU      %usr     %nice      %sys   %iowait    %steal      %irq     %soft    %guest    %gnice     %idle
23:44:06        all     14,21      0,00      5,84      0,00      0,00      1,52      1,52      0,00      0,00     76,90
23:44:06          0     14,00      0,00      6,00      0,00      0,00      1,00      0,00      0,00      0,00     79,00
23:44:06          1     15,00      0,00      6,00      0,00      0,00      0,00      0,00      0,00      0,00     79,00
23:44:06          2     13,54      0,00      4,17      0,00      0,00      0,00      0,00      0,00      0,00     82,29
23:44:06          3     14,29      0,00      7,14      0,00      0,00      5,10      6,12      0,00      0,00     67,35

23:44:06        CPU      %usr     %nice      %sys   %iowait    %steal      %irq     %soft    %guest    %gnice     %idle
23:44:07        all     12,94      0,00      5,84      0,00      0,00      0,76      1,27      0,00      0,00     79,19
23:44:07          0     13,40      0,00      5,15      0,00      0,00      0,00      0,00      0,00      0,00     81,44
23:44:07          1     14,14      0,00      5,05      0,00      0,00      0,00      0,00      0,00      0,00     80,81
23:44:07          2     13,00      0,00      6,00      0,00      0,00      0,00      0,00      0,00      0,00     81,00
23:44:07          3     11,22      0,00      7,14      0,00      0,00      3,06      5,10      0,00      0,00     73,47

23:44:07        CPU      %usr     %nice      %sys   %iowait    %steal      %irq     %soft    %guest    %gnice     %idle
23:44:08        all      0,25      0,00      0,00      0,00      0,00      0,00      0,00      0,00      0,00     99,75
23:44:08          0      0,00      0,00      0,00      0,00      0,00      0,00      0,00      0,00      0,00    100,00
23:44:08          1      0,00      0,00      0,00      0,00      0,00      0,00      0,00      0,00      0,00    100,00
23:44:08          2      0,00      0,00      0,00      0,00      0,00      0,00      0,00      0,00      0,00    100,00
23:44:08          3      0,99      0,00      0,00      0,00      0,00      0,00      0,00      0,00      0,00     99,01

23:44:08        CPU      %usr     %nice      %sys   %iowait    %steal      %irq     %soft    %guest    %gnice     %idle
23:44:09        all     17,68      0,00      7,39      0,00      0,00      0,53      1,32      0,00      0,00     73,09
23:44:09          0     18,95      0,00      6,32      0,00      0,00      0,00      0,00      0,00      0,00     74,74
23:44:09          1     16,67      0,00      8,33      0,00      0,00      0,00      0,00      0,00      0,00     75,00
23:44:09          2     17,02      0,00      6,38      0,00      0,00      0,00      0,00      0,00      0,00     76,60
23:44:09          3     18,09      0,00      8,51      0,00      0,00      2,13      5,32      0,00      0,00     65,96

23:44:09        CPU      %usr     %nice      %sys   %iowait    %steal      %irq     %soft    %guest    %gnice     %idle
23:44:10        all     13,99      0,00      5,70      0,00      0,00      0,52      1,04      0,00      0,00     78,76
23:44:10          0     14,43      0,00      5,15      0,00      0,00      0,00      0,00      0,00      0,00     80,41
23:44:10          1     14,58      0,00      5,21      0,00      0,00      0,00      0,00      0,00      0,00     80,21
23:44:10          2     12,50      0,00      5,21      0,00      0,00      0,00      0,00      0,00      0,00     82,29
23:44:10          3     14,43      0,00      7,22      0,00      0,00      2,06      4,12      0,00      0,00     72,16

23:44:10        CPU      %usr     %nice      %sys   %iowait    %steal      %irq     %soft    %guest    %gnice     %idle
23:44:11        all     10,28      0,00      4,51      0,75      0,00      0,75      1,00      0,00      0,00     82,71
23:44:11          0     11,11      0,00      4,04      0,00      0,00      0,00      0,00      0,00      0,00     84,85
23:44:11          1     10,00      0,00      4,00      0,00      0,00      0,00      1,00      0,00      0,00     85,00
23:44:11          2      8,82      0,00      4,90      0,00      0,00      0,98      0,00      0,00      0,00     85,29
23:44:11          3     11,22      0,00      5,10      3,06      0,00      2,04      3,06      0,00      0,00     75,51

23:44:11        CPU      %usr     %nice      %sys   %iowait    %steal      %irq     %soft    %guest    %gnice     %idle
23:44:12        all     15,18      0,00      7,07      0,00      0,00      1,05      1,05      0,00      0,00     75,65
23:44:12          0     15,62      0,00      7,29      0,00      0,00      0,00      0,00      0,00      0,00     77,08
23:44:12          1     14,43      0,00      7,22      0,00      0,00      1,03      0,00      0,00      0,00     77,32
23:44:12          2     14,74      0,00      5,26      0,00      0,00      0,00      0,00      0,00      0,00     80,00
23:44:12          3     15,96      0,00      8,51      0,00      0,00      3,19      4,26      0,00      0,00     68,09

23:44:12        CPU      %usr     %nice      %sys   %iowait    %steal      %irq     %soft    %guest    %gnice     %idle
23:44:13        all      1,50      0,00      2,25      0,25      0,00      0,25      0,25      0,00      0,00     95,50
23:44:13          0      1,01      0,00      8,08      0,00      0,00      1,01      0,00      0,00      0,00     89,90
23:44:13          1      2,00      0,00      0,00      1,00      0,00      0,00      0,00      0,00      0,00     97,00
23:44:13          2      1,00      0,00      0,00      0,00      0,00      0,00      0,00      0,00      0,00     99,00
23:44:13          3      1,98      0,00      0,99      0,00      0,00      0,00      0,99      0,00      0,00     96,04

23:44:13        CPU      %usr     %nice      %sys   %iowait    %steal      %irq     %soft    %guest    %gnice     %idle
23:44:14        all     16,67      0,00      8,97      0,00      0,00      0,77      1,28      0,00      0,00     72,31
23:44:14          0     18,18      0,00      8,08      0,00      0,00      0,00      1,01      0,00      0,00     72,73
23:44:14          1     17,35      0,00      9,18      0,00      0,00      0,00      0,00      0,00      0,00     73,47
23:44:14          2     14,43      0,00      8,25      0,00      0,00      0,00      0,00      0,00      0,00     77,32
23:44:14          3     16,67      0,00     10,42      0,00      0,00      3,12      4,17      0,00      0,00     65,62

23:44:14        CPU      %usr     %nice      %sys   %iowait    %steal      %irq     %soft    %guest    %gnice     %idle
23:44:15        all      8,74      0,00      4,11      0,00      0,00      0,26      0,77      0,00      0,00     86,12
23:44:15          0      8,33      0,00      3,12      0,00      0,00      0,00      0,00      0,00      0,00     88,54
23:44:15          1      9,09      0,00      5,05      0,00      0,00      0,00      0,00      0,00      0,00     85,86
23:44:15          2      7,22      0,00      4,12      0,00      0,00      0,00      0,00      0,00      0,00     88,66
23:44:15          3     10,31      0,00      4,12      0,00      0,00      1,03      3,09      0,00      0,00     81,44

23:44:15        CPU      %usr     %nice      %sys   %iowait    %steal      %irq     %soft    %guest    %gnice     %idle
23:44:16        all     31,27      0,00     14,99      0,26      0,00      1,03      1,55      0,00      0,00     50,90
23:44:16          0     42,27      0,00     19,59      0,00      0,00      0,00      0,00      0,00      0,00     38,14
23:44:16          1     27,08      0,00      9,38      1,04      0,00      0,00      0,00      0,00      0,00     62,50
23:44:16          2     26,80      0,00     15,46      0,00      0,00      0,00      0,00      0,00      0,00     57,73
23:44:16          3     28,87      0,00     15,46      0,00      0,00      4,12      6,19      0,00      0,00     45,36

23:44:16        CPU      %usr     %nice      %sys   %iowait    %steal      %irq     %soft    %guest    %gnice     %idle
23:44:17        all     20,67      0,00     10,08      0,26      0,00      1,29      1,55      0,00      0,00     66,15
23:44:17          0     23,96      0,00     11,46      0,00      0,00      0,00      0,00      0,00      0,00     64,58
23:44:17          1     20,41      0,00      9,18      1,02      0,00      0,00      0,00      0,00      0,00     69,39
23:44:17          2     18,56      0,00      8,25      0,00      0,00      1,03      0,00      0,00      0,00     72,16
23:44:17          3     19,79      0,00     11,46      0,00      0,00      4,17      6,25      0,00      0,00     58,33

23:44:17        CPU      %usr     %nice      %sys   %iowait    %steal      %irq     %soft    %guest    %gnice     %idle
23:44:18        all     10,00      0,00      4,75      0,00      0,00      1,00      0,75      0,00      0,00     83,50
23:44:18          0     10,89      0,00      3,96      0,00      0,00      0,99      0,00      0,00      0,00     84,16
23:44:18          1     10,00      0,00      4,00      0,00      0,00      1,00      0,00      0,00      0,00     85,00
23:44:18          2      9,90      0,00      4,95      0,00      0,00      0,00      0,00      0,00      0,00     85,15
23:44:18          3      9,18      0,00      6,12      0,00      0,00      2,04      3,06      0,00      0,00     79,59

23:44:18        CPU      %usr     %nice      %sys   %iowait    %steal      %irq     %soft    %guest    %gnice     %idle
23:44:19        all     15,54      0,00      8,29      0,00      0,00      1,04      1,81      0,00      0,00     73,32
23:44:19          0     16,67      0,00      8,33      0,00      0,00      0,00      0,00      0,00      0,00     75,00
23:44:19          1     14,58      0,00      8,33      0,00      0,00      0,00      0,00      0,00      0,00     77,08
23:44:19          2     14,29      0,00      8,16      0,00      0,00      0,00      1,02      0,00      0,00     76,53
23:44:19          3     16,67      0,00      8,33      0,00      0,00      4,17      6,25      0,00      0,00     64,58

23:44:19        CPU      %usr     %nice      %sys   %iowait    %steal      %irq     %soft    %guest    %gnice     %idle
23:44:20        all     23,83      0,00     11,40      0,00      0,00      1,04      1,55      0,00      0,00     62,18
23:44:20          0     23,47      0,00     12,24      0,00      0,00      0,00      0,00      0,00      0,00     64,29
23:44:20          1     24,24      0,00     11,11      0,00      0,00      0,00      0,00      0,00      0,00     64,65
23:44:20          2     24,74      0,00     10,31      0,00      0,00      0,00      0,00      0,00      0,00     64,95
23:44:20          3     22,83      0,00     11,96      0,00      0,00      4,35      6,52      0,00      0,00     54,35

23:44:20        CPU      %usr     %nice      %sys   %iowait    %steal      %irq     %soft    %guest    %gnice     %idle
23:44:21        all     22,86      0,00     12,47      0,78      0,00      1,04      1,82      0,00      0,00     61,04
23:44:21          0     22,92      0,00     12,50      1,04      0,00      0,00      0,00      0,00      0,00     63,54
23:44:21          1     23,96      0,00     10,42      1,04      0,00      0,00      0,00      0,00      0,00     64,58
23:44:21          2     22,68      0,00     12,37      1,03      0,00      0,00      0,00      0,00      0,00     63,92
23:44:21          3     21,88      0,00     14,58      0,00      0,00      4,17      7,29      0,00      0,00     52,08

23:44:21        CPU      %usr     %nice      %sys   %iowait    %steal      %irq     %soft    %guest    %gnice     %idle
23:44:22        all     17,05      0,00      8,53      0,00      0,00      1,03      1,29      0,00      0,00     72,09
23:44:22          0     17,53      0,00      8,25      0,00      0,00      0,00      0,00      0,00      0,00     74,23
23:44:22          1     15,62      0,00      8,33      0,00      0,00      0,00      0,00      0,00      0,00     76,04
23:44:22          2     19,39      0,00      7,14      0,00      0,00      1,02      0,00      0,00      0,00     72,45
23:44:22          3     15,62      0,00     10,42      0,00      0,00      3,12      5,21      0,00      0,00     65,62

23:44:22        CPU      %usr     %nice      %sys   %iowait    %steal      %irq     %soft    %guest    %gnice     %idle
23:44:23        all      5,24      0,00      2,00      0,00      0,00      0,25      0,50      0,00      0,00     92,02
23:44:23          0      5,94      0,00      1,98      0,00      0,00      0,00      0,00      0,00      0,00     92,08
23:44:23          1      5,00      0,00      2,00      0,00      0,00      0,00      0,00      0,00      0,00     93,00
23:44:23          2      5,94      0,00      1,98      0,00      0,00      0,00      0,00      0,00      0,00     92,08
23:44:23          3      4,04      0,00      2,02      0,00      0,00      1,01      2,02      0,00      0,00     90,91

23:44:23        CPU      %usr     %nice      %sys   %iowait    %steal      %irq     %soft    %guest    %gnice     %idle
23:44:24        all     15,38      0,00      8,46      0,00      0,00      1,54      1,03      0,00      0,00     73,59
23:44:24          0     15,46      0,00      8,25      0,00      0,00      1,03      0,00      0,00      0,00     75,26
23:44:24          1     14,43      0,00      8,25      0,00      0,00      1,03      0,00      0,00      0,00     76,29
23:44:24          2     16,33      0,00      7,14      0,00      0,00      0,00      0,00      0,00      0,00     76,53
23:44:24          3     15,31      0,00     10,20      0,00      0,00      4,08      4,08      0,00      0,00     66,33

23:44:24        CPU      %usr     %nice      %sys   %iowait    %steal      %irq     %soft    %guest    %gnice     %idle
23:44:25        all     20,94      0,00     12,04      0,00      0,00      1,05      1,83      0,00      0,00     64,14
23:44:25          0     21,28      0,00     10,64      0,00      0,00      0,00      0,00      0,00      0,00     68,09
23:44:25          1     21,05      0,00     10,53      0,00      0,00      0,00      0,00      0,00      0,00     68,42
23:44:25          2     19,79      0,00     12,50      0,00      0,00      0,00      0,00      0,00      0,00     67,71
23:44:25          3     21,65      0,00     14,43      0,00      0,00      4,12      7,22      0,00      0,00     52,58

23:44:25        CPU      %usr     %nice      %sys   %iowait    %steal      %irq     %soft    %guest    %gnice     %idle
23:44:26        all     15,52      0,00      7,89      0,25      0,00      0,76      1,02      0,00      0,00     74,55
23:44:26          0     16,33      0,00      7,14      0,00      0,00      0,00      0,00      0,00      0,00     76,53
23:44:26          1     14,29      0,00      8,16      1,02      0,00      0,00      0,00      0,00      0,00     76,53
23:44:26          2     14,29      0,00      7,14      0,00      0,00      0,00      0,00      0,00      0,00     78,57
23:44:26          3     17,17      0,00      9,09      0,00      0,00      3,03      4,04      0,00      0,00     66,67

23:44:26        CPU      %usr     %nice      %sys   %iowait    %steal      %irq     %soft    %guest    %gnice     %idle
23:44:27        all     14,72      0,00      6,35      0,00      0,00      0,51      1,27      0,00      0,00     77,16
23:44:27          0     16,00      0,00      7,00      0,00      0,00      0,00      0,00      0,00      0,00     77,00
23:44:27          1     13,27      0,00      6,12      0,00      0,00      0,00      0,00      0,00      0,00     80,61
23:44:27          2     11,46      0,00      5,21      0,00      0,00      0,00      0,00      0,00      0,00     83,33
23:44:27          3     18,00      0,00      7,00      0,00      0,00      2,00      5,00      0,00      0,00     68,00

23:44:27        CPU      %usr     %nice      %sys   %iowait    %steal      %irq     %soft    %guest    %gnice     %idle
23:44:28        all      7,42      0,00      3,84      0,00      0,00      0,26      0,51      0,00      0,00     87,98
23:44:28          0      7,29      0,00      3,12      0,00      0,00      0,00      0,00      0,00      0,00     89,58
23:44:28          1      5,10      0,00      5,10      0,00      0,00      0,00      0,00      0,00      0,00     89,80
23:44:28          2      7,07      0,00      3,03      0,00      0,00      0,00      0,00      0,00      0,00     89,90
23:44:28          3     10,20      0,00      4,08      0,00      0,00      1,02      2,04      0,00      0,00     82,65

23:44:28        CPU      %usr     %nice      %sys   %iowait    %steal      %irq     %soft    %guest    %gnice     %idle
23:44:29        all      6,30      0,00      2,77      0,00      0,00      0,50      0,76      0,00      0,00     89,67
23:44:29          0      7,07      0,00      2,02      0,00      0,00      0,00      0,00      0,00      0,00     90,91
23:44:29          1      5,00      0,00      3,00      0,00      0,00      0,00      1,00      0,00      0,00     91,00
23:44:29          2      6,00      0,00      3,00      0,00      0,00      1,00      0,00      0,00      0,00     90,00
23:44:29          3      7,14      0,00      3,06      0,00      0,00      1,02      2,04      0,00      0,00     86,73

23:44:29        CPU      %usr     %nice      %sys   %iowait    %steal      %irq     %soft    %guest    %gnice     %idle
23:44:30        all     14,51      0,00      7,51      0,00      0,00      1,04      1,30      0,00      0,00     75,65
23:44:30          0     14,58      0,00      6,25      0,00      0,00      1,04      0,00      0,00      0,00     78,12
23:44:30          1     14,74      0,00      6,32      0,00      0,00      0,00      0,00      0,00      0,00     78,95
23:44:30          2     13,27      0,00      8,16      0,00      0,00      0,00      0,00      0,00      0,00     78,57
23:44:30          3     15,46      0,00      9,28      0,00      0,00      3,09      5,15      0,00      0,00     67,01

23:44:30        CPU      %usr     %nice      %sys   %iowait    %steal      %irq     %soft    %guest    %gnice     %idle
23:44:31        all     16,07      0,00      7,40      0,00      0,00      0,77      1,02      0,00      0,00     74,74
23:44:31          0     16,33      0,00      8,16      0,00      0,00      0,00      0,00      0,00      0,00     75,51
23:44:31          1     15,15      0,00      7,07      0,00      0,00      1,01      0,00      0,00      0,00     76,77
23:44:31          2     12,50      0,00      6,25      0,00      0,00      0,00      0,00      0,00      0,00     81,25
23:44:31          3     20,20      0,00      8,08      0,00      0,00      2,02      4,04      0,00      0,00     65,66

23:44:31        CPU      %usr     %nice      %sys   %iowait    %steal      %irq     %soft    %guest    %gnice     %idle
23:44:32        all     13,59      0,00      5,64      0,00      0,00      0,51      1,28      0,00      0,00     78,97
23:44:32          0     13,27      0,00      6,12      0,00      0,00      0,00      1,02      0,00      0,00     79,59
23:44:32          1     12,37      0,00      5,15      0,00      0,00      0,00      0,00      0,00      0,00     82,47
23:44:32          2     12,37      0,00      4,12      0,00      0,00      0,00      0,00      0,00      0,00     83,51
23:44:32          3     16,33      0,00      7,14      0,00      0,00      2,04      4,08      0,00      0,00     70,41

23:44:32        CPU      %usr     %nice      %sys   %iowait    %steal      %irq     %soft    %guest    %gnice     %idle
23:44:33        all      8,38      0,00      3,55      0,00      0,00      0,51      0,76      0,00      0,00     86,80
23:44:33          0      8,00      0,00      5,00      0,00      0,00      0,00      0,00      0,00      0,00     87,00
23:44:33          1      8,25      0,00      2,06      0,00      0,00      0,00      0,00      0,00      0,00     89,69
23:44:33          2      8,16      0,00      3,06      0,00      0,00      0,00      0,00      0,00      0,00     88,78
23:44:33          3      9,09      0,00      4,04      0,00      0,00      2,02      3,03      0,00      0,00     81,82

23:44:33        CPU      %usr     %nice      %sys   %iowait    %steal      %irq     %soft    %guest    %gnice     %idle
23:44:34        all      5,30      0,00      2,78      0,25      0,00      0,25      0,51      0,00      0,00     90,91
23:44:34          0      7,07      0,00      2,02      0,00      0,00      0,00      0,00      0,00      0,00     90,91
23:44:34          1      4,04      0,00      3,03      1,01      0,00      0,00      0,00      0,00      0,00     91,92
23:44:34          2      4,04      0,00      3,03      0,00      0,00      0,00      0,00      0,00      0,00     92,93
23:44:34          3      6,06      0,00      3,03      0,00      0,00      1,01      2,02      0,00      0,00     87,88

23:44:34        CPU      %usr     %nice      %sys   %iowait    %steal      %irq     %soft    %guest    %gnice     %idle
23:44:35        all     14,06      0,00      9,64      0,00      0,00      1,04      1,04      0,00      0,00     74,22
23:44:35          0     12,50      0,00     16,67      0,00      0,00      0,00      0,00      0,00      0,00     70,83
23:44:35          1     14,43      0,00      7,22      0,00      0,00      0,00      0,00      0,00      0,00     78,35
23:44:35          2     11,58      0,00      7,37      0,00      0,00      1,05      0,00      0,00      0,00     80,00
23:44:35          3     17,71      0,00      7,29      0,00      0,00      3,12      4,17      0,00      0,00     67,71

23:44:35        CPU      %usr     %nice      %sys   %iowait    %steal      %irq     %soft    %guest    %gnice     %idle
23:44:36        all     15,54      0,00      7,51      0,00      0,00      0,78      1,30      0,00      0,00     74,87
23:44:36          0     16,33      0,00      7,14      0,00      0,00      1,02      0,00      0,00      0,00     75,51
23:44:36          1     15,46      0,00      7,22      0,00      0,00      0,00      0,00      0,00      0,00     77,32
23:44:36          2     13,54      0,00      6,25      0,00      0,00      0,00      0,00      0,00      0,00     80,21
23:44:36          3     16,84      0,00      9,47      0,00      0,00      2,11      5,26      0,00      0,00     66,32

23:44:36        CPU      %usr     %nice      %sys   %iowait    %steal      %irq     %soft    %guest    %gnice     %idle
23:44:37        all     13,37      0,00      5,66      0,00      0,00      0,77      1,03      0,00      0,00     79,18
23:44:37          0     14,29      0,00      5,10      0,00      0,00      0,00      0,00      0,00      0,00     80,61
23:44:37          1     11,34      0,00      5,15      0,00      0,00      1,03      0,00      0,00      0,00     82,47
23:44:37          2     10,53      0,00      5,26      0,00      0,00      0,00      0,00      0,00      0,00     84,21
23:44:37          3     17,17      0,00      7,07      0,00      0,00      2,02      4,04      0,00      0,00     69,70

23:44:37        CPU      %usr     %nice      %sys   %iowait    %steal      %irq     %soft    %guest    %gnice     %idle
23:44:38        all      9,00      0,00      5,00      0,00      0,00      0,50      0,75      0,00      0,00     84,75
23:44:38          0      9,90      0,00      5,94      0,00      0,00      0,00      0,00      0,00      0,00     84,16
23:44:38          1      8,08      0,00      5,05      0,00      0,00      0,00      0,00      0,00      0,00     86,87
23:44:38          2      9,00      0,00      4,00      0,00      0,00      0,00      0,00      0,00      0,00     87,00
23:44:38          3      9,00      0,00      5,00      0,00      0,00      2,00      3,00      0,00      0,00     81,00

23:44:38        CPU      %usr     %nice      %sys   %iowait    %steal      %irq     %soft    %guest    %gnice     %idle
23:44:39        all      5,14      0,00      2,06      0,00      0,00      0,26      0,51      0,00      0,00     92,03
23:44:39          0      4,17      0,00      2,08      0,00      0,00      0,00      0,00      0,00      0,00     93,75
23:44:39          1      5,15      0,00      2,06      0,00      0,00      0,00      0,00      0,00      0,00     92,78
23:44:39          2      5,15      0,00      1,03      0,00      0,00      0,00      0,00      0,00      0,00     93,81
23:44:39          3      6,06      0,00      3,03      0,00      0,00      1,01      2,02      0,00      0,00     87,88

23:44:39        CPU      %usr     %nice      %sys   %iowait    %steal      %irq     %soft    %guest    %gnice     %idle
23:44:40        all     14,03      0,00      6,23      0,00      0,00      0,52      1,30      0,00      0,00     77,92
23:44:40          0     15,62      0,00      5,21      0,00      0,00      0,00      0,00      0,00      0,00     79,17
23:44:40          1     14,29      0,00      6,12      0,00      0,00      0,00      0,00      0,00      0,00     79,59
23:44:40          2     11,34      0,00      6,19      0,00      0,00      0,00      1,03      0,00      0,00     81,44
23:44:40          3     14,89      0,00      7,45      0,00      0,00      2,13      4,26      0,00      0,00     71,28

23:44:40        CPU      %usr     %nice      %sys   %iowait    %steal      %irq     %soft    %guest    %gnice     %idle
23:44:41        all     14,66      0,00      7,07      0,00      0,00      0,79      1,05      0,00      0,00     76,44
23:44:41          0     13,68      0,00      7,37      0,00      0,00      0,00      0,00      0,00      0,00     78,95
23:44:41          1     13,54      0,00      7,29      0,00      0,00      0,00      0,00      0,00      0,00     79,17
23:44:41          2     13,83      0,00      5,32      0,00      0,00      0,00      0,00      0,00      0,00     80,85
23:44:41          3     17,53      0,00      8,25      0,00      0,00      3,09      4,12      0,00      0,00     67,01

23:44:41        CPU      %usr     %nice      %sys   %iowait    %steal      %irq     %soft    %guest    %gnice     %idle
23:44:42        all     14,43      0,00      5,15      0,26      0,00      0,77      1,29      0,00      0,00     78,09
23:44:42          0     13,54      0,00      5,21      0,00      0,00      0,00      0,00      0,00      0,00     81,25
23:44:42          1     14,43      0,00      4,12      1,03      0,00      0,00      0,00      0,00      0,00     80,41
23:44:42          2     13,27      0,00      5,10      0,00      0,00      1,02      0,00      0,00      0,00     80,61
23:44:42          3     16,49      0,00      6,19      0,00      0,00      2,06      5,15      0,00      0,00     70,10

23:44:42        CPU      %usr     %nice      %sys   %iowait    %steal      %irq     %soft    %guest    %gnice     %idle
23:44:43        all      9,62      0,00      4,30      0,00      0,00      0,76      0,76      0,00      0,00     84,56
23:44:43          0     10,20      0,00      4,08      0,00      0,00      1,02      0,00      0,00      0,00     84,69
23:44:43          1      9,18      0,00      4,08      0,00      0,00      0,00      0,00      0,00      0,00     86,73
23:44:43          2      9,00      0,00      4,00      0,00      0,00      0,00      0,00      0,00      0,00     87,00
23:44:43          3     10,10      0,00      5,05      0,00      0,00      2,02      3,03      0,00      0,00     79,80

23:44:43        CPU      %usr     %nice      %sys   %iowait    %steal      %irq     %soft    %guest    %gnice     %idle
23:44:44        all      6,39      0,00      1,79      0,00      0,00      0,00      0,51      0,00      0,00     91,30
23:44:44          0      6,12      0,00      2,04      0,00      0,00      0,00      0,00      0,00      0,00     91,84
23:44:44          1      7,07      0,00      2,02      0,00      0,00      0,00      0,00      0,00      0,00     90,91
23:44:44          2      6,19      0,00      1,03      0,00      0,00      0,00      0,00      0,00      0,00     92,78
23:44:44          3      6,19      0,00      2,06      0,00      0,00      0,00      2,06      0,00      0,00     89,69

23:44:44        CPU      %usr     %nice      %sys   %iowait    %steal      %irq     %soft    %guest    %gnice     %idle
23:44:45        all     12,66      0,00      6,72      0,00      0,00      1,03      0,78      0,00      0,00     78,81
23:44:45          0     13,27      0,00      7,14      0,00      0,00      0,00      0,00      0,00      0,00     79,59
23:44:45          1     11,58      0,00      4,21      0,00      0,00      1,05      0,00      0,00      0,00     83,16
23:44:45          2     11,34      0,00      7,22      0,00      0,00      0,00      0,00      0,00      0,00     81,44
23:44:45          3     14,43      0,00      8,25      0,00      0,00      3,09      3,09      0,00      0,00     71,13

23:44:45        CPU      %usr     %nice      %sys   %iowait    %steal      %irq     %soft    %guest    %gnice     %idle
23:44:46        all     24,81      0,00     11,63      0,00      0,00      0,52      1,29      0,00      0,00     61,76
23:44:46          0     37,37      0,00     17,17      0,00      0,00      0,00      0,00      0,00      0,00     45,45
23:44:46          1     20,62      0,00      8,25      0,00      0,00      0,00      0,00      0,00      0,00     71,13
23:44:46          2     20,21      0,00      8,51      0,00      0,00      0,00      0,00      0,00      0,00     71,28
23:44:46          3     20,62      0,00     12,37      0,00      0,00      2,06      5,15      0,00      0,00     59,79

23:44:46        CPU      %usr     %nice      %sys   %iowait    %steal      %irq     %soft    %guest    %gnice     %idle
23:44:47        all     13,12      0,00      5,77      1,84      0,00      0,79      1,05      0,00      0,00     77,43
23:44:47          0     12,77      0,00      5,32      0,00      0,00      0,00      0,00      0,00      0,00     81,91
23:44:47          1     10,64      0,00      6,38      3,19      0,00      0,00      0,00      0,00      0,00     79,79
23:44:47          2     13,54      0,00      5,21      1,04      0,00      0,00      0,00      0,00      0,00     80,21
23:44:47          3     15,46      0,00      6,19      3,09      0,00      3,09      4,12      0,00      0,00     68,04

23:44:47        CPU      %usr     %nice      %sys   %iowait    %steal      %irq     %soft    %guest    %gnice     %idle
23:44:48        all      9,87      0,00      4,56      0,00      0,00      0,25      1,27      0,00      0,00     84,05
23:44:48          0     10,10      0,00      5,05      0,00      0,00      0,00      0,00      0,00      0,00     84,85
23:44:48          1     11,11      0,00      3,03      0,00      0,00      0,00      1,01      0,00      0,00     84,85
23:44:48          2      7,14      0,00      5,10      0,00      0,00      0,00      0,00      0,00      0,00     87,76
23:44:48          3     11,11      0,00      5,05      0,00      0,00      1,01      4,04      0,00      0,00     78,79

23:44:48        CPU      %usr     %nice      %sys   %iowait    %steal      %irq     %soft    %guest    %gnice     %idle
23:44:49        all      6,28      0,00      2,51      0,00      0,00      0,50      0,50      0,00      0,00     90,20
23:44:49          0      7,07      0,00      2,02      0,00      0,00      0,00      0,00      0,00      0,00     90,91
23:44:49          1      5,05      0,00      3,03      0,00      0,00      0,00      0,00      0,00      0,00     91,92
23:44:49          2      4,95      0,00      2,97      0,00      0,00      0,99      0,00      0,00      0,00     91,09
23:44:49          3      8,08      0,00      2,02      0,00      0,00      1,01      2,02      0,00      0,00     86,87

23:44:49        CPU      %usr     %nice      %sys   %iowait    %steal      %irq     %soft    %guest    %gnice     %idle
23:44:50        all     12,82      0,00      6,15      0,00      0,00      0,51      1,03      0,00      0,00     79,49
23:44:50          0     12,24      0,00      7,14      0,00      0,00      0,00      0,00      0,00      0,00     80,61
23:44:50          1     12,37      0,00      5,15      0,00      0,00      0,00      0,00      0,00      0,00     82,47
23:44:50          2     11,34      0,00      6,19      0,00      0,00      0,00      0,00      0,00      0,00     82,47
23:44:50          3     15,31      0,00      6,12      0,00      0,00      2,04      4,08      0,00      0,00     72,45

Média:         CPU      %usr     %nice      %sys   %iowait    %steal      %irq     %soft    %guest    %gnice     %idle
Média:         all     11,57      0,00      5,46      0,10      0,00      0,62      0,93      0,00      0,00     81,32
Média:           0     12,19      0,00      5,70      0,03      0,00      0,14      0,03      0,00      0,00     81,90
Média:           1     11,17      0,00      4,95      0,22      0,00      0,14      0,05      0,00      0,00     83,47
Média:           2     10,75      0,00      5,08      0,03      0,00      0,14      0,05      0,00      0,00     83,95
Média:           3     12,16      0,00      6,11      0,10      0,00      2,08      3,60      0,00      0,00     75,95
