Linux 5.14.0-503.19.1.el9_5.x86_64 (localhost.localdomain) 	15/04/2025 	_x86_64_	(4 CPU)

23:38:58        CPU      %usr     %nice      %sys   %iowait    %steal      %irq     %soft    %guest    %gnice     %idle
23:38:59        all      0,25      0,00      0,00      0,00      0,00      0,25      0,25      0,00      0,00     99,25
23:38:59          0      0,99      0,00      0,00      0,00      0,00      0,00      0,00      0,00      0,00     99,01
23:38:59          1      0,00      0,00      0,00      0,00      0,00      0,00      0,00      0,00      0,00    100,00
23:38:59          2      0,00      0,00      0,00      0,00      0,00      0,00      0,00      0,00      0,00    100,00
23:38:59          3      0,00      0,00      0,00      0,00      0,00      0,98      0,98      0,00      0,00     98,04

23:38:59        CPU      %usr     %nice      %sys   %iowait    %steal      %irq     %soft    %guest    %gnice     %idle
23:39:00        all      0,00      0,00      0,00      0,00      0,00      0,00      0,00      0,00      0,00    100,00
23:39:00          0      0,00      0,00      0,00      0,00      0,00      0,00      0,00      0,00      0,00    100,00
23:39:00          1      0,00      0,00      0,00      0,00      0,00      0,00      0,00      0,00      0,00    100,00
23:39:00          2      0,00      0,00      0,00      0,00      0,00      0,00      0,00      0,00      0,00    100,00
23:39:00          3      0,00      0,00      0,00      0,00      0,00      0,00      0,00      0,00      0,00    100,00

23:39:00        CPU      %usr     %nice      %sys   %iowait    %steal      %irq     %soft    %guest    %gnice     %idle
23:39:01        all      0,00      0,00      0,00      0,25      0,00      0,00      0,00      0,00      0,00     99,75
23:39:01          0      0,00      0,00      0,00      0,00      0,00      0,00      0,00      0,00      0,00    100,00
23:39:01          1      0,00      0,00      0,00      0,99      0,00      0,00      0,00      0,00      0,00     99,01
23:39:01          2      0,00      0,00      0,00      0,00      0,00      0,00      0,00      0,00      0,00    100,00
23:39:01          3      0,00      0,00      0,00      0,00      0,00      0,00      0,00      0,00      0,00    100,00

23:39:01        CPU      %usr     %nice      %sys   %iowait    %steal      %irq     %soft    %guest    %gnice     %idle
23:39:02        all     27,69      0,00     13,08      0,26      0,00      0,51      1,28      0,00      0,00     57,18
23:39:02          0     25,51      0,00     10,20      0,00      0,00      0,00      0,00      0,00      0,00     64,29
23:39:02          1     38,38      0,00     18,18      0,00      0,00      0,00      0,00      0,00      0,00     43,43
23:39:02          2     24,21      0,00      8,42      0,00      0,00      0,00      0,00      0,00      0,00     67,37
23:39:02          3     22,45      0,00     15,31      1,02      0,00      2,04      5,10      0,00      0,00     54,08

23:39:02        CPU      %usr     %nice      %sys   %iowait    %steal      %irq     %soft    %guest    %gnice     %idle
23:39:03        all     29,90      0,00     14,95      0,00      0,00      1,03      1,80      0,00      0,00     52,32
23:39:03          0     29,47      0,00     13,68      0,00      0,00      0,00      0,00      0,00      0,00     56,84
23:39:03          1     34,69      0,00     16,33      0,00      0,00      0,00      1,02      0,00      0,00     47,96
23:39:03          2     25,77      0,00     12,37      0,00      0,00      0,00      0,00      0,00      0,00     61,86
23:39:03          3     29,59      0,00     17,35      0,00      0,00      4,08      6,12      0,00      0,00     42,86

23:39:03        CPU      %usr     %nice      %sys   %iowait    %steal      %irq     %soft    %guest    %gnice     %idle
23:39:04        all      8,63      0,00      4,31      0,00      0,00      0,51      0,76      0,00      0,00     85,79
23:39:04          0      9,09      0,00      5,05      0,00      0,00      0,00      0,00      0,00      0,00     85,86
23:39:04          1      8,16      0,00      4,08      0,00      0,00      0,00      0,00      0,00      0,00     87,76
23:39:04          2      8,25      0,00      2,06      0,00      0,00      1,03      0,00      0,00      0,00     88,66
23:39:04          3      9,00      0,00      6,00      0,00      0,00      1,00      3,00      0,00      0,00     81,00

23:39:04        CPU      %usr     %nice      %sys   %iowait    %steal      %irq     %soft    %guest    %gnice     %idle
23:39:05        all      0,00      0,00      0,00      0,00      0,00      0,00      0,25      0,00      0,00     99,75
23:39:05          0      0,00      0,00      0,00      0,00      0,00      0,00      0,99      0,00      0,00     99,01
23:39:05          1      0,00      0,00      0,00      0,00      0,00      0,00      0,00      0,00      0,00    100,00
23:39:05          2      0,00      0,00      0,00      0,00      0,00      0,00      0,00      0,00      0,00    100,00
23:39:05          3      0,00      0,00      0,00      0,00      0,00      0,00      0,00      0,00      0,00    100,00

23:39:05        CPU      %usr     %nice      %sys   %iowait    %steal      %irq     %soft    %guest    %gnice     %idle
23:39:06        all      0,00      0,00      0,00      0,00      0,00      0,25      0,00      0,00      0,00     99,75
23:39:06          0      0,00      0,00      0,00      0,00      0,00      0,99      0,00      0,00      0,00     99,01
23:39:06          1      0,00      0,00      0,00      0,00      0,00      0,00      0,00      0,00      0,00    100,00
23:39:06          2      0,00      0,00      0,00      0,00      0,00      0,00      0,00      0,00      0,00    100,00
23:39:06          3      0,00      0,00      0,00      0,00      0,00      0,00      0,00      0,00      0,00    100,00

23:39:06        CPU      %usr     %nice      %sys   %iowait    %steal      %irq     %soft    %guest    %gnice     %idle
23:39:07        all     10,78      0,00      4,51      0,25      0,00      0,75      1,25      0,00      0,00     82,46
23:39:07          0     11,00      0,00      5,00      0,00      0,00      0,00      0,00      0,00      0,00     84,00
23:39:07          1     11,11      0,00      3,03      0,00      0,00      0,00      0,00      0,00      0,00     85,86
23:39:07          2      9,09      0,00      4,04      0,00      0,00      0,00      0,00      0,00      0,00     86,87
23:39:07          3     11,88      0,00      5,94      0,99      0,00      2,97      4,95      0,00      0,00     73,27

23:39:07        CPU      %usr     %nice      %sys   %iowait    %steal      %irq     %soft    %guest    %gnice     %idle
23:39:08        all     11,00      0,00      4,09      0,00      0,00      0,77      1,28      0,00      0,00     82,86
23:39:08          0      9,28      0,00      4,12      0,00      0,00      0,00      0,00      0,00      0,00     86,60
23:39:08          1     12,12      0,00      4,04      0,00      0,00      0,00      0,00      0,00      0,00     83,84
23:39:08          2     10,31      0,00      4,12      0,00      0,00      0,00      0,00      0,00      0,00     85,57
23:39:08          3     12,24      0,00      4,08      0,00      0,00      3,06      5,10      0,00      0,00     75,51

23:39:08        CPU      %usr     %nice      %sys   %iowait    %steal      %irq     %soft    %guest    %gnice     %idle
23:39:09        all      6,53      0,00      3,27      0,00      0,00      0,25      0,75      0,00      0,00     89,20
23:39:09          0      6,06      0,00      3,03      0,00      0,00      0,00      0,00      0,00      0,00     90,91
23:39:09          1      6,06      0,00      3,03      0,00      0,00      0,00      0,00      0,00      0,00     90,91
23:39:09          2      6,93      0,00      3,96      0,00      0,00      0,00      0,00      0,00      0,00     89,11
23:39:09          3      7,07      0,00      3,03      0,00      0,00      1,01      3,03      0,00      0,00     85,86

23:39:09        CPU      %usr     %nice      %sys   %iowait    %steal      %irq     %soft    %guest    %gnice     %idle
23:39:10        all      0,00      0,00      0,00      0,25      0,00      0,25      0,00      0,00      0,00     99,50
23:39:10          0      0,00      0,00      0,00      0,00      0,00      0,00      0,00      0,00      0,00    100,00
23:39:10          1      0,00      0,00      0,00      0,98      0,00      0,98      0,00      0,00      0,00     98,04
23:39:10          2      0,00      0,00      0,00      0,00      0,00      0,00      0,00      0,00      0,00    100,00
23:39:10          3      0,00      0,00      0,00      0,00      0,00      0,00      0,00      0,00      0,00    100,00

23:39:10        CPU      %usr     %nice      %sys   %iowait    %steal      %irq     %soft    %guest    %gnice     %idle
23:39:11        all      0,00      0,00      0,00      0,00      0,00      0,00      0,00      0,00      0,00    100,00
23:39:11          0      0,00      0,00      0,00      0,00      0,00      0,00      0,00      0,00      0,00    100,00
23:39:11          1      0,00      0,00      0,00      0,00      0,00      0,00      0,00      0,00      0,00    100,00
23:39:11          2      0,00      0,00      0,00      0,00      0,00      0,00      0,00      0,00      0,00    100,00
23:39:11          3      0,00      0,00      0,00      0,00      0,00      0,00      0,00      0,00      0,00    100,00

23:39:11        CPU      %usr     %nice      %sys   %iowait    %steal      %irq     %soft    %guest    %gnice     %idle
23:39:12        all     18,77      0,00      7,97      0,00      0,00      1,03      1,54      0,00      0,00     70,69
23:39:12          0     19,79      0,00      7,29      0,00      0,00      0,00      0,00      0,00      0,00     72,92
23:39:12          1     19,59      0,00      6,19      0,00      0,00      0,00      0,00      0,00      0,00     74,23
23:39:12          2     16,49      0,00      8,25      0,00      0,00      0,00      0,00      0,00      0,00     75,26
23:39:12          3     19,19      0,00     10,10      0,00      0,00      4,04      6,06      0,00      0,00     60,61

23:39:12        CPU      %usr     %nice      %sys   %iowait    %steal      %irq     %soft    %guest    %gnice     %idle
23:39:13        all     18,53      0,00      9,90      0,00      0,00      1,27      1,52      0,00      0,00     68,78
23:39:13          0     19,39      0,00      9,18      0,00      0,00      0,00      0,00      0,00      0,00     71,43
23:39:13          1     18,18      0,00     10,10      0,00      0,00      0,00      0,00      0,00      0,00     71,72
23:39:13          2     17,82      0,00      9,90      0,00      0,00      0,00      0,00      0,00      0,00     72,28
23:39:13          3     18,75      0,00     10,42      0,00      0,00      5,21      6,25      0,00      0,00     59,38

23:39:13        CPU      %usr     %nice      %sys   %iowait    %steal      %irq     %soft    %guest    %gnice     %idle
23:39:14        all     24,10      0,00     11,79      0,00      0,00      1,28      2,05      0,00      0,00     60,77
23:39:14          0     24,74      0,00     10,31      0,00      0,00      0,00      0,00      0,00      0,00     64,95
23:39:14          1     23,96      0,00     11,46      0,00      0,00      0,00      0,00      0,00      0,00     64,58
23:39:14          2     22,45      0,00     11,22      0,00      0,00      1,02      0,00      0,00      0,00     65,31
23:39:14          3     25,25      0,00     14,14      0,00      0,00      4,04      8,08      0,00      0,00     48,48

23:39:14        CPU      %usr     %nice      %sys   %iowait    %steal      %irq     %soft    %guest    %gnice     %idle
23:39:15        all     26,79      0,00     12,76      0,00      0,00      1,28      1,53      0,00      0,00     57,65
23:39:15          0     26,53      0,00     12,24      0,00      0,00      1,02      0,00      0,00      0,00     60,20
23:39:15          1     28,28      0,00     12,12      0,00      0,00      0,00      0,00      0,00      0,00     59,60
23:39:15          2     28,57      0,00     12,24      0,00      0,00      0,00      0,00      0,00      0,00     59,18
23:39:15          3     23,71      0,00     14,43      0,00      0,00      4,12      6,19      0,00      0,00     51,55

23:39:15        CPU      %usr     %nice      %sys   %iowait    %steal      %irq     %soft    %guest    %gnice     %idle
23:39:16        all      7,04      0,00      4,02      0,00      0,00      0,25      0,50      0,00      0,00     88,19
23:39:16          0      7,14      0,00      3,06      0,00      0,00      0,00      0,00      0,00      0,00     89,80
23:39:16          1      6,06      0,00      5,05      0,00      0,00      0,00      0,00      0,00      0,00     88,89
23:39:16          2      8,08      0,00      3,03      0,00      0,00      0,00      0,00      0,00      0,00     88,89
23:39:16          3      6,86      0,00      4,90      0,00      0,00      0,98      1,96      0,00      0,00     85,29

23:39:16        CPU      %usr     %nice      %sys   %iowait    %steal      %irq     %soft    %guest    %gnice     %idle
23:39:17        all      9,87      0,00      5,06      0,00      0,00      0,51      0,76      0,00      0,00     83,80
23:39:17          0     10,10      0,00      5,05      0,00      0,00      0,00      0,00      0,00      0,00     84,85
23:39:17          1      9,90      0,00      4,95      0,00      0,00      0,99      0,00      0,00      0,00     84,16
23:39:17          2      9,09      0,00      4,04      0,00      0,00      0,00      0,00      0,00      0,00     86,87
23:39:17          3     10,42      0,00      6,25      0,00      0,00      1,04      3,12      0,00      0,00     79,17

23:39:17        CPU      %usr     %nice      %sys   %iowait    %steal      %irq     %soft    %guest    %gnice     %idle
23:39:18        all     11,34      0,00      5,04      0,25      0,00      0,50      0,76      0,00      0,00     82,12
23:39:18          0     11,22      0,00      5,10      0,00      0,00      0,00      0,00      0,00      0,00     83,67
23:39:18          1     11,00      0,00      5,00      1,00      0,00      0,00      0,00      0,00      0,00     83,00
23:39:18          2      9,00      0,00      5,00      0,00      0,00      0,00      0,00      0,00      0,00     86,00
23:39:18          3     14,14      0,00      5,05      0,00      0,00      2,02      3,03      0,00      0,00     75,76

23:39:18        CPU      %usr     %nice      %sys   %iowait    %steal      %irq     %soft    %guest    %gnice     %idle
23:39:19        all     12,88      0,00      6,31      0,00      0,00      0,51      1,01      0,00      0,00     79,29
23:39:19          0     13,86      0,00      6,93      0,00      0,00      0,00      0,00      0,00      0,00     79,21
23:39:19          1     12,12      0,00      6,06      0,00      0,00      0,00      0,00      0,00      0,00     81,82
23:39:19          2     10,31      0,00      5,15      0,00      0,00      0,00      0,00      0,00      0,00     84,54
23:39:19          3     15,15      0,00      7,07      0,00      0,00      2,02      4,04      0,00      0,00     71,72

23:39:19        CPU      %usr     %nice      %sys   %iowait    %steal      %irq     %soft    %guest    %gnice     %idle
23:39:20        all     16,97      0,00      8,74      0,00      0,00      0,77      1,29      0,00      0,00     72,24
23:39:20          0     19,39      0,00      8,16      0,00      0,00      0,00      0,00      0,00      0,00     72,45
23:39:20          1     15,46      0,00      9,28      0,00      0,00      0,00      0,00      0,00      0,00     75,26
23:39:20          2     15,46      0,00      8,25      0,00      0,00      0,00      0,00      0,00      0,00     76,29
23:39:20          3     17,53      0,00      9,28      0,00      0,00      3,09      5,15      0,00      0,00     64,95

23:39:20        CPU      %usr     %nice      %sys   %iowait    %steal      %irq     %soft    %guest    %gnice     %idle
23:39:21        all     10,15      0,00      7,87      0,25      0,00      1,02      0,76      0,00      0,00     79,95
23:39:21          0      9,00      0,00     12,00      1,00      0,00      1,00      0,00      0,00      0,00     77,00
23:39:21          1     10,31      0,00      6,19      0,00      0,00      0,00      0,00      0,00      0,00     83,51
23:39:21          2      9,18      0,00      6,12      0,00      0,00      1,02      0,00      0,00      0,00     83,67
23:39:21          3     12,12      0,00      7,07      0,00      0,00      2,02      3,03      0,00      0,00     75,76

23:39:21        CPU      %usr     %nice      %sys   %iowait    %steal      %irq     %soft    %guest    %gnice     %idle
23:39:22        all     18,78      0,00      8,63      0,00      0,00      1,02      1,52      0,00      0,00     70,05
23:39:22          0     19,39      0,00      8,16      0,00      0,00      0,00      0,00      0,00      0,00     72,45
23:39:22          1     18,18      0,00      9,09      0,00      0,00      0,00      0,00      0,00      0,00     72,73
23:39:22          2     18,37      0,00      7,14      0,00      0,00      0,00      0,00      0,00      0,00     74,49
23:39:22          3     19,19      0,00     10,10      0,00      0,00      4,04      6,06      0,00      0,00     60,61

23:39:22        CPU      %usr     %nice      %sys   %iowait    %steal      %irq     %soft    %guest    %gnice     %idle
23:39:23        all     10,69      0,00      5,60      0,00      0,00      1,02      1,02      0,00      0,00     81,68
23:39:23          0     10,31      0,00      5,15      0,00      0,00      0,00      0,00      0,00      0,00     84,54
23:39:23          1     11,11      0,00      5,05      0,00      0,00      1,01      0,00      0,00      0,00     82,83
23:39:23          2     11,00      0,00      6,00      0,00      0,00      0,00      0,00      0,00      0,00     83,00
23:39:23          3     10,31      0,00      6,19      0,00      0,00      3,09      4,12      0,00      0,00     76,29

23:39:23        CPU      %usr     %nice      %sys   %iowait    %steal      %irq     %soft    %guest    %gnice     %idle
23:39:24        all     30,53      0,00     15,78      0,25      0,00      1,27      2,80      0,00      0,00     49,36
23:39:24          0     36,73      0,00     19,39      0,00      0,00      0,00      1,02      0,00      0,00     42,86
23:39:24          1     27,55      0,00     12,24      0,00      0,00      0,00      1,02      0,00      0,00     59,18
23:39:24          2     28,57      0,00     13,27      1,02      0,00      0,00      1,02      0,00      0,00     56,12
23:39:24          3     29,29      0,00     18,18      0,00      0,00      5,05      8,08      0,00      0,00     39,39

23:39:24        CPU      %usr     %nice      %sys   %iowait    %steal      %irq     %soft    %guest    %gnice     %idle
23:39:25        all     26,97      0,00     14,25      0,00      0,00      1,27      1,78      0,00      0,00     55,73
23:39:25          0     31,31      0,00     14,14      0,00      0,00      1,01      0,00      0,00      0,00     53,54
23:39:25          1     24,24      0,00     13,13      0,00      0,00      0,00      0,00      0,00      0,00     62,63
23:39:25          2     23,96      0,00     11,46      0,00      0,00      0,00      0,00      0,00      0,00     64,58
23:39:25          3     28,28      0,00     18,18      0,00      0,00      4,04      7,07      0,00      0,00     42,42

23:39:25        CPU      %usr     %nice      %sys   %iowait    %steal      %irq     %soft    %guest    %gnice     %idle
23:39:26        all     24,37      0,00     11,93      0,00      0,00      1,52      2,03      0,00      0,00     60,15
23:39:26          0     23,00      0,00     14,00      0,00      0,00      0,00      0,00      0,00      0,00     63,00
23:39:26          1     24,49      0,00     11,22      0,00      0,00      0,00      0,00      0,00      0,00     64,29
23:39:26          2     24,49      0,00      8,16      0,00      0,00      1,02      0,00      0,00      0,00     66,33
23:39:26          3     25,51      0,00     14,29      0,00      0,00      5,10      8,16      0,00      0,00     46,94

23:39:26        CPU      %usr     %nice      %sys   %iowait    %steal      %irq     %soft    %guest    %gnice     %idle
23:39:27        all     30,61      0,00     14,29      0,00      0,00      1,53      2,04      0,00      0,00     51,53
23:39:27          0     31,00      0,00     16,00      0,00      0,00      0,00      0,00      0,00      0,00     53,00
23:39:27          1     30,93      0,00     12,37      0,00      0,00      1,03      0,00      0,00      0,00     55,67
23:39:27          2     30,93      0,00     13,40      0,00      0,00      0,00      0,00      0,00      0,00     55,67
23:39:27          3     29,59      0,00     15,31      0,00      0,00      5,10      8,16      0,00      0,00     41,84

23:39:27        CPU      %usr     %nice      %sys   %iowait    %steal      %irq     %soft    %guest    %gnice     %idle
23:39:28        all     29,72      0,00     13,95      1,55      0,00      1,03      2,07      0,00      0,00     51,68
23:39:28          0     31,96      0,00     12,37      1,03      0,00      0,00      0,00      0,00      0,00     54,64
23:39:28          1     29,90      0,00     13,40      4,12      0,00      0,00      0,00      0,00      0,00     52,58
23:39:28          2     30,93      0,00     13,40      1,03      0,00      0,00      0,00      0,00      0,00     54,64
23:39:28          3     26,04      0,00     16,67      0,00      0,00      4,17      8,33      0,00      0,00     44,79

23:39:28        CPU      %usr     %nice      %sys   %iowait    %steal      %irq     %soft    %guest    %gnice     %idle
23:39:29        all     20,72      0,00      9,46      0,00      0,00      1,53      1,53      0,00      0,00     66,75
23:39:29          0     19,59      0,00      9,28      0,00      0,00      1,03      0,00      0,00      0,00     70,10
23:39:29          1     18,95      0,00      9,47      0,00      0,00      0,00      0,00      0,00      0,00     71,58
23:39:29          2     22,22      0,00      8,08      0,00      0,00      0,00      0,00      0,00      0,00     69,70
23:39:29          3     22,00      0,00     11,00      0,00      0,00      5,00      6,00      0,00      0,00     56,00

23:39:29        CPU      %usr     %nice      %sys   %iowait    %steal      %irq     %soft    %guest    %gnice     %idle
23:39:30        all     19,14      0,00     10,08      0,00      0,00      1,01      1,51      0,00      0,00     68,26
23:39:30          0     19,19      0,00     10,10      0,00      0,00      0,00      0,00      0,00      0,00     70,71
23:39:30          1     20,00      0,00     10,00      0,00      0,00      0,00      0,00      0,00      0,00     70,00
23:39:30          2     18,00      0,00      9,00      0,00      0,00      1,00      0,00      0,00      0,00     72,00
23:39:30          3     19,39      0,00     11,22      0,00      0,00      3,06      6,12      0,00      0,00     60,20

23:39:30        CPU      %usr     %nice      %sys   %iowait    %steal      %irq     %soft    %guest    %gnice     %idle
23:39:31        all     15,19      0,00      7,34      0,00      0,00      1,01      1,52      0,00      0,00     74,94
23:39:31          0     15,31      0,00      7,14      0,00      0,00      0,00      0,00      0,00      0,00     77,55
23:39:31          1     14,29      0,00      7,14      0,00      0,00      0,00      0,00      0,00      0,00     78,57
23:39:31          2     15,31      0,00      6,12      0,00      0,00      0,00      0,00      0,00      0,00     78,57
23:39:31          3     15,84      0,00      8,91      0,00      0,00      3,96      5,94      0,00      0,00     65,35

23:39:31        CPU      %usr     %nice      %sys   %iowait    %steal      %irq     %soft    %guest    %gnice     %idle
23:39:32        all     13,27      0,00      6,38      0,00      0,00      1,02      1,02      0,00      0,00     78,32
23:39:32          0     13,27      0,00      6,12      0,00      0,00      0,00      0,00      0,00      0,00     80,61
23:39:32          1     12,12      0,00      8,08      0,00      0,00      0,00      0,00      0,00      0,00     79,80
23:39:32          2     14,29      0,00      4,08      0,00      0,00      0,00      0,00      0,00      0,00     81,63
23:39:32          3     13,40      0,00      7,22      0,00      0,00      4,12      4,12      0,00      0,00     71,13

23:39:32        CPU      %usr     %nice      %sys   %iowait    %steal      %irq     %soft    %guest    %gnice     %idle
23:39:33        all     10,33      0,00      4,79      0,00      0,00      1,01      1,01      0,00      0,00     82,87
23:39:33          0     11,22      0,00      4,08      0,00      0,00      0,00      0,00      0,00      0,00     84,69
23:39:33          1     10,89      0,00      3,96      0,00      0,00      0,99      0,00      0,00      0,00     84,16
23:39:33          2      9,09      0,00      5,05      0,00      0,00      0,00      0,00      0,00      0,00     85,86
23:39:33          3     10,10      0,00      6,06      0,00      0,00      3,03      4,04      0,00      0,00     76,77

23:39:33        CPU      %usr     %nice      %sys   %iowait    %steal      %irq     %soft    %guest    %gnice     %idle
23:39:34        all     26,55      0,00     12,37      0,26      0,00      1,29      2,06      0,00      0,00     57,47
23:39:34          0     26,53      0,00     12,24      0,00      0,00      1,02      0,00      0,00      0,00     60,20
23:39:34          1     25,77      0,00     12,37      1,03      0,00      0,00      0,00      0,00      0,00     60,82
23:39:34          2     26,04      0,00     11,46      0,00      0,00      0,00      0,00      0,00      0,00     62,50
23:39:34          3     27,84      0,00     13,40      0,00      0,00      4,12      8,25      0,00      0,00     46,39

23:39:34        CPU      %usr     %nice      %sys   %iowait    %steal      %irq     %soft    %guest    %gnice     %idle
23:39:35        all     33,77      0,00     16,62      0,00      0,00      1,04      2,08      0,00      0,00     46,49
23:39:35          0     35,42      0,00     15,62      0,00      0,00      0,00      0,00      0,00      0,00     48,96
23:39:35          1     33,33      0,00     16,67      0,00      0,00      0,00      0,00      0,00      0,00     50,00
23:39:35          2     35,79      0,00     14,74      0,00      0,00      0,00      0,00      0,00      0,00     49,47
23:39:35          3     30,61      0,00     19,39      0,00      0,00      4,08      8,16      0,00      0,00     37,76

23:39:35        CPU      %usr     %nice      %sys   %iowait    %steal      %irq     %soft    %guest    %gnice     %idle
23:39:36        all      7,98      0,00      4,49      0,00      0,00      0,75      0,50      0,00      0,00     86,28
23:39:36          0      9,00      0,00      5,00      0,00      0,00      0,00      0,00      0,00      0,00     86,00
23:39:36          1      7,00      0,00      5,00      0,00      0,00      0,00      0,00      0,00      0,00     88,00
23:39:36          2      6,86      0,00      3,92      0,00      0,00      0,98      0,00      0,00      0,00     88,24
23:39:36          3      9,09      0,00      4,04      0,00      0,00      2,02      2,02      0,00      0,00     82,83

23:39:36        CPU      %usr     %nice      %sys   %iowait    %steal      %irq     %soft    %guest    %gnice     %idle
23:39:37        all      5,78      0,00      2,26      0,00      0,00      0,00      0,50      0,00      0,00     91,46
23:39:37          0      6,06      0,00      2,02      0,00      0,00      0,00      0,00      0,00      0,00     91,92
23:39:37          1      6,00      0,00      2,00      0,00      0,00      0,00      0,00      0,00      0,00     92,00
23:39:37          2      4,00      0,00      2,00      0,00      0,00      0,00      0,00      0,00      0,00     94,00
23:39:37          3      7,07      0,00      3,03      0,00      0,00      0,00      2,02      0,00      0,00     87,88

23:39:37        CPU      %usr     %nice      %sys   %iowait    %steal      %irq     %soft    %guest    %gnice     %idle
23:39:38        all      3,28      0,00      1,52      0,00      0,00      0,25      0,25      0,00      0,00     94,70
23:39:38          0      3,03      0,00      2,02      0,00      0,00      0,00      0,00      0,00      0,00     94,95
23:39:38          1      4,04      0,00      1,01      0,00      0,00      0,00      0,00      0,00      0,00     94,95
23:39:38          2      3,00      0,00      2,00      0,00      0,00      0,00      0,00      0,00      0,00     95,00
23:39:38          3      3,06      0,00      1,02      0,00      0,00      1,02      1,02      0,00      0,00     93,88

23:39:38        CPU      %usr     %nice      %sys   %iowait    %steal      %irq     %soft    %guest    %gnice     %idle
23:39:39        all     14,07      0,00      6,39      0,00      0,00      0,51      1,28      0,00      0,00     77,75
23:39:39          0     15,46      0,00      5,15      0,00      0,00      0,00      0,00      0,00      0,00     79,38
23:39:39          1     13,27      0,00      6,12      0,00      0,00      0,00      0,00      0,00      0,00     80,61
23:39:39          2     11,34      0,00      6,19      0,00      0,00      0,00      0,00      0,00      0,00     82,47
23:39:39          3     16,16      0,00      8,08      0,00      0,00      2,02      5,05      0,00      0,00     68,69

23:39:39        CPU      %usr     %nice      %sys   %iowait    %steal      %irq     %soft    %guest    %gnice     %idle
23:39:40        all     22,68      0,00     10,31      0,26      0,00      1,03      1,80      0,00      0,00     63,92
23:39:40          0     21,88      0,00     10,42      0,00      0,00      0,00      1,04      0,00      0,00     66,67
23:39:40          1     22,22      0,00      9,09      1,01      0,00      1,01      0,00      0,00      0,00     66,67
23:39:40          2     22,68      0,00      9,28      0,00      0,00      0,00      1,03      0,00      0,00     67,01
23:39:40          3     23,96      0,00     12,50      0,00      0,00      3,12      5,21      0,00      0,00     55,21

23:39:40        CPU      %usr     %nice      %sys   %iowait    %steal      %irq     %soft    %guest    %gnice     %idle
23:39:41        all     16,67      0,00      7,07      0,00      0,00      1,01      1,52      0,00      0,00     73,74
23:39:41          0     17,00      0,00      8,00      0,00      0,00      1,00      0,00      0,00      0,00     74,00
23:39:41          1     17,00      0,00      7,00      0,00      0,00      0,00      1,00      0,00      0,00     75,00
23:39:41          2     14,43      0,00      5,15      0,00      0,00      0,00      0,00      0,00      0,00     80,41
23:39:41          3     18,18      0,00      8,08      0,00      0,00      3,03      5,05      0,00      0,00     65,66

23:39:41        CPU      %usr     %nice      %sys   %iowait    %steal      %irq     %soft    %guest    %gnice     %idle
23:39:42        all      5,29      0,00      2,77      0,00      0,00      0,25      0,50      0,00      0,00     91,18
23:39:42          0      7,00      0,00      2,00      0,00      0,00      0,00      0,00      0,00      0,00     91,00
23:39:42          1      5,10      0,00      2,04      0,00      0,00      0,00      0,00      0,00      0,00     92,86
23:39:42          2      4,04      0,00      2,02      0,00      0,00      0,00      0,00      0,00      0,00     93,94
23:39:42          3      5,00      0,00      5,00      0,00      0,00      1,00      2,00      0,00      0,00     87,00

23:39:42        CPU      %usr     %nice      %sys   %iowait    %steal      %irq     %soft    %guest    %gnice     %idle
23:39:43        all      3,53      0,00      4,28      0,00      0,00      0,25      0,25      0,00      0,00     91,69
23:39:43          0      4,00      0,00     10,00      0,00      0,00      0,00      0,00      0,00      0,00     86,00
23:39:43          1      3,03      0,00      3,03      0,00      0,00      0,00      0,00      0,00      0,00     93,94
23:39:43          2      3,00      0,00      2,00      0,00      0,00      0,00      0,00      0,00      0,00     95,00
23:39:43          3      4,08      0,00      2,04      0,00      0,00      1,02      1,02      0,00      0,00     91,84

23:39:43        CPU      %usr     %nice      %sys   %iowait    %steal      %irq     %soft    %guest    %gnice     %idle
23:39:44        all     16,75      0,00      8,38      0,00      0,00      1,27      1,52      0,00      0,00     72,08
23:39:44          0     16,49      0,00      7,22      0,00      0,00      0,00      0,00      0,00      0,00     76,29
23:39:44          1     16,16      0,00      8,08      0,00      0,00      0,00      0,00      0,00      0,00     75,76
23:39:44          2     17,82      0,00      7,92      0,00      0,00      0,99      0,00      0,00      0,00     73,27
23:39:44          3     16,49      0,00     10,31      0,00      0,00      4,12      6,19      0,00      0,00     62,89

23:39:44        CPU      %usr     %nice      %sys   %iowait    %steal      %irq     %soft    %guest    %gnice     %idle
23:39:45        all     19,58      0,00      9,66      0,00      0,00      1,04      1,83      0,00      0,00     67,89
23:39:45          0     19,79      0,00      9,38      0,00      0,00      0,00      0,00      0,00      0,00     70,83
23:39:45          1     20,83      0,00      8,33      0,00      0,00      0,00      0,00      0,00      0,00     70,83
23:39:45          2     18,75      0,00      8,33      0,00      0,00      0,00      0,00      0,00      0,00     72,92
23:39:45          3     18,95      0,00     12,63      0,00      0,00      4,21      7,37      0,00      0,00     56,84

23:39:45        CPU      %usr     %nice      %sys   %iowait    %steal      %irq     %soft    %guest    %gnice     %idle
23:39:46        all     23,12      0,00     11,81      0,00      0,00      1,76      1,76      0,00      0,00     61,56
23:39:46          0     24,00      0,00     11,00      0,00      0,00      1,00      0,00      0,00      0,00     64,00
23:39:46          1     22,77      0,00     11,88      0,00      0,00      0,99      0,00      0,00      0,00     64,36
23:39:46          2     21,65      0,00     10,31      0,00      0,00      0,00      0,00      0,00      0,00     68,04
23:39:46          3     24,00      0,00     14,00      0,00      0,00      5,00      7,00      0,00      0,00     50,00

23:39:46        CPU      %usr     %nice      %sys   %iowait    %steal      %irq     %soft    %guest    %gnice     %idle
23:39:47        all     16,88      0,00      7,79      0,00      0,00      1,04      1,82      0,00      0,00     72,47
23:39:47          0     15,96      0,00      7,45      0,00      0,00      0,00      0,00      0,00      0,00     76,60
23:39:47          1     19,39      0,00      6,12      0,00      0,00      0,00      0,00      0,00      0,00     74,49
23:39:47          2     16,33      0,00      8,16      0,00      0,00      0,00      0,00      0,00      0,00     75,51
23:39:47          3     15,79      0,00      9,47      0,00      0,00      4,21      7,37      0,00      0,00     63,16

23:39:47        CPU      %usr     %nice      %sys   %iowait    %steal      %irq     %soft    %guest    %gnice     %idle
23:39:48        all     19,49      0,00      8,86      0,25      0,00      0,76      1,52      0,00      0,00     69,11
23:39:48          0     19,39      0,00      9,18      0,00      0,00      0,00      0,00      0,00      0,00     71,43
23:39:48          1     19,19      0,00      8,08      1,01      0,00      0,00      0,00      0,00      0,00     71,72
23:39:48          2     21,00      0,00      8,00      0,00      0,00      0,00      0,00      0,00      0,00     71,00
23:39:48          3     18,37      0,00     10,20      0,00      0,00      3,06      6,12      0,00      0,00     62,24

23:39:48        CPU      %usr     %nice      %sys   %iowait    %steal      %irq     %soft    %guest    %gnice     %idle
23:39:49        all     32,05      0,00     14,87      0,00      0,00      1,54      2,31      0,00      0,00     49,23
23:39:49          0     34,02      0,00     12,37      0,00      0,00      0,00      0,00      0,00      0,00     53,61
23:39:49          1     32,63      0,00     13,68      0,00      0,00      0,00      0,00      0,00      0,00     53,68
23:39:49          2     33,33      0,00     15,15      0,00      0,00      1,01      0,00      0,00      0,00     50,51
23:39:49          3     28,28      0,00     18,18      0,00      0,00      5,05      9,09      0,00      0,00     39,39

23:39:49        CPU      %usr     %nice      %sys   %iowait    %steal      %irq     %soft    %guest    %gnice     %idle
23:39:50        all     27,18      0,00     13,08      0,00      0,00      1,54      2,05      0,00      0,00     56,15
23:39:50          0     27,27      0,00     13,13      0,00      0,00      1,01      0,00      0,00      0,00     58,59
23:39:50          1     29,59      0,00     12,24      0,00      0,00      0,00      0,00      0,00      0,00     58,16
23:39:50          2     25,53      0,00     10,64      0,00      0,00      0,00      0,00      0,00      0,00     63,83
23:39:50          3     26,26      0,00     16,16      0,00      0,00      5,05      8,08      0,00      0,00     44,44

23:39:50        CPU      %usr     %nice      %sys   %iowait    %steal      %irq     %soft    %guest    %gnice     %idle
23:39:51        all     24,55      0,00     12,02      0,00      0,00      1,53      2,05      0,00      0,00     59,85
23:39:51          0     26,53      0,00     11,22      0,00      0,00      0,00      0,00      0,00      0,00     62,24
23:39:51          1     22,92      0,00     11,46      0,00      0,00      1,04      0,00      0,00      0,00     64,58
23:39:51          2     23,71      0,00     11,34      0,00      0,00      0,00      0,00      0,00      0,00     64,95
23:39:51          3     25,00      0,00     14,00      0,00      0,00      5,00      8,00      0,00      0,00     48,00

23:39:51        CPU      %usr     %nice      %sys   %iowait    %steal      %irq     %soft    %guest    %gnice     %idle
23:39:52        all     26,42      0,00     13,21      0,00      0,00      1,04      1,81      0,00      0,00     57,51
23:39:52          0     28,57      0,00     12,24      0,00      0,00      0,00      0,00      0,00      0,00     59,18
23:39:52          1     26,80      0,00     12,37      0,00      0,00      0,00      0,00      0,00      0,00     60,82
23:39:52          2     26,32      0,00     11,58      0,00      0,00      0,00      0,00      0,00      0,00     62,11
23:39:52          3     23,96      0,00     16,67      0,00      0,00      4,17      7,29      0,00      0,00     47,92

23:39:52        CPU      %usr     %nice      %sys   %iowait    %steal      %irq     %soft    %guest    %gnice     %idle
23:39:53        all     10,43      0,00      5,09      0,00      0,00      0,51      1,02      0,00      0,00     82,95
23:39:53          0     10,00      0,00      7,00      0,00      0,00      0,00      0,00      0,00      0,00     83,00
23:39:53          1     10,31      0,00      4,12      0,00      0,00      0,00      0,00      0,00      0,00     85,57
23:39:53          2      9,28      0,00      4,12      0,00      0,00      0,00      0,00      0,00      0,00     86,60
23:39:53          3     12,12      0,00      5,05      0,00      0,00      2,02      4,04      0,00      0,00     76,77

23:39:53        CPU      %usr     %nice      %sys   %iowait    %steal      %irq     %soft    %guest    %gnice     %idle
23:39:54        all     25,38      0,00     11,42      0,00      0,00      1,52      1,52      0,00      0,00     60,15
23:39:54          0     24,74      0,00      8,25      0,00      0,00      0,00      0,00      0,00      0,00     67,01
23:39:54          1     25,51      0,00     12,24      0,00      0,00      0,00      0,00      0,00      0,00     62,24
23:39:54          2     29,29      0,00     12,12      0,00      0,00      1,01      0,00      0,00      0,00     57,58
23:39:54          3     22,00      0,00     13,00      0,00      0,00      5,00      6,00      0,00      0,00     54,00

23:39:54        CPU      %usr     %nice      %sys   %iowait    %steal      %irq     %soft    %guest    %gnice     %idle
23:39:55        all     25,06      0,00     13,30      1,02      0,00      1,53      1,79      0,00      0,00     57,29
23:39:55          0     25,25      0,00     11,11      1,01      0,00      1,01      0,00      0,00      0,00     61,62
23:39:55          1     23,47      0,00     13,27      1,02      0,00      1,02      0,00      0,00      0,00     61,22
23:39:55          2     26,53      0,00     14,29      1,02      0,00      0,00      0,00      0,00      0,00     58,16
23:39:55          3     25,00      0,00     14,58      1,04      0,00      4,17      7,29      0,00      0,00     47,92

23:39:55        CPU      %usr     %nice      %sys   %iowait    %steal      %irq     %soft    %guest    %gnice     %idle
23:39:56        all     26,56      0,00     12,76      0,00      0,00      1,30      2,60      0,00      0,00     56,77
23:39:56          0     29,17      0,00     10,42      0,00      0,00      0,00      1,04      0,00      0,00     59,38
23:39:56          1     25,26      0,00     13,68      0,00      0,00      0,00      0,00      0,00      0,00     61,05
23:39:56          2     26,80      0,00     11,34      0,00      0,00      0,00      1,03      0,00      0,00     60,82
23:39:56          3     25,00      0,00     15,62      0,00      0,00      5,21      8,33      0,00      0,00     45,83

23:39:56        CPU      %usr     %nice      %sys   %iowait    %steal      %irq     %soft    %guest    %gnice     %idle
23:39:57        all     12,34      0,00      5,79      0,00      0,00      0,50      1,01      0,00      0,00     80,35
23:39:57          0     13,13      0,00      5,05      0,00      0,00      0,00      0,00      0,00      0,00     81,82
23:39:57          1     11,22      0,00      5,10      0,00      0,00      0,00      0,00      0,00      0,00     83,67
23:39:57          2     13,00      0,00      6,00      0,00      0,00      0,00      0,00      0,00      0,00     81,00
23:39:57          3     12,00      0,00      7,00      0,00      0,00      2,00      4,00      0,00      0,00     75,00

23:39:57        CPU      %usr     %nice      %sys   %iowait    %steal      %irq     %soft    %guest    %gnice     %idle
23:39:58        all     19,29      0,00      9,90      0,00      0,00      1,27      1,78      0,00      0,00     67,77
23:39:58          0     20,20      0,00     10,10      0,00      0,00      0,00      0,00      0,00      0,00     69,70
23:39:58          1     20,00      0,00      9,00      0,00      0,00      0,00      1,00      0,00      0,00     70,00
23:39:58          2     19,00      0,00     10,00      0,00      0,00      1,00      0,00      0,00      0,00     70,00
23:39:58          3     17,89      0,00     10,53      0,00      0,00      4,21      6,32      0,00      0,00     61,05

Média:         CPU      %usr     %nice      %sys   %iowait    %steal      %irq     %soft    %guest    %gnice     %idle
Média:         all     16,02      0,00      7,83      0,08      0,00      0,86      1,27      0,00      0,00     73,94
Média:           0     16,49      0,00      7,71      0,05      0,00      0,17      0,07      0,00      0,00     75,51
Média:           1     16,10      0,00      7,53      0,19      0,00      0,15      0,07      0,00      0,00     75,96
Média:           2     15,53      0,00      6,98      0,05      0,00      0,17      0,05      0,00      0,00     77,22
Média:           3     15,95      0,00      9,09      0,05      0,00      2,95      4,88      0,00      0,00     67,08
