Linux 5.14.0-503.19.1.el9_5.x86_64 (localhost.localdomain) 	15/04/2025 	_x86_64_	(4 CPU)

23:20:36        CPU      %usr     %nice      %sys   %iowait    %steal      %irq     %soft    %guest    %gnice     %idle
23:20:37        all      0,00      0,00      0,00      0,00      0,00      0,00      0,00      0,00      0,00    100,00
23:20:37          0      0,00      0,00      0,00      0,00      0,00      0,00      0,00      0,00      0,00    100,00
23:20:37          1      0,00      0,00      0,00      0,00      0,00      0,00      0,00      0,00      0,00    100,00
23:20:37          2      0,00      0,00      0,00      0,00      0,00      0,00      0,00      0,00      0,00    100,00
23:20:37          3      0,00      0,00      0,00      0,00      0,00      0,00      0,00      0,00      0,00    100,00

23:20:37        CPU      %usr     %nice      %sys   %iowait    %steal      %irq     %soft    %guest    %gnice     %idle
23:20:38        all      0,00      0,00      2,00      0,25      0,00      0,25      0,00      0,00      0,00     97,50
23:20:38          0      0,00      0,00      8,08      0,00      0,00      0,00      0,00      0,00      0,00     91,92
23:20:38          1      0,00      0,00      0,00      0,99      0,00      0,99      0,00      0,00      0,00     98,02
23:20:38          2      0,00      0,00      0,00      0,00      0,00      0,00      0,00      0,00      0,00    100,00
23:20:38          3      0,00      0,00      0,00      0,00      0,00      0,00      0,00      0,00      0,00    100,00

23:20:38        CPU      %usr     %nice      %sys   %iowait    %steal      %irq     %soft    %guest    %gnice     %idle
23:20:39        all      0,00      0,00      0,00      0,00      0,00      0,00      0,00      0,00      0,00    100,00
23:20:39          0      0,00      0,00      0,00      0,00      0,00      0,00      0,00      0,00      0,00    100,00
23:20:39          1      0,00      0,00      0,00      0,00      0,00      0,00      0,00      0,00      0,00    100,00
23:20:39          2      0,00      0,00      0,00      0,00      0,00      0,00      0,00      0,00      0,00    100,00
23:20:39          3      0,00      0,00      0,00      0,00      0,00      0,00      0,00      0,00      0,00    100,00

23:20:39        CPU      %usr     %nice      %sys   %iowait    %steal      %irq     %soft    %guest    %gnice     %idle
23:20:40        all      0,25      0,00      0,25      0,00      0,00      0,75      1,25      0,00      0,00     97,49
23:20:40          0      0,00      0,00      0,00      0,00      0,00      0,00      0,00      0,00      0,00    100,00
23:20:40          1      1,00      0,00      0,00      0,00      0,00      0,00      0,00      0,00      0,00     99,00
23:20:40          2      0,00      0,00      1,00      0,00      0,00      0,00      0,00      0,00      0,00     99,00
23:20:40          3      0,00      0,00      0,00      0,00      0,00      3,00      5,00      0,00      0,00     92,00

23:20:40        CPU      %usr     %nice      %sys   %iowait    %steal      %irq     %soft    %guest    %gnice     %idle
23:20:41        all      0,00      0,00      0,00      0,00      0,00      0,50      1,50      0,00      0,00     97,99
23:20:41          0      0,00      0,00      0,00      0,00      0,00      0,00      0,00      0,00      0,00    100,00
23:20:41          1      0,00      0,00      0,00      0,00      0,00      0,00      0,00      0,00      0,00    100,00
23:20:41          2      0,00      0,00      0,00      0,00      0,00      0,00      0,00      0,00      0,00    100,00
23:20:41          3      0,00      0,00      0,00      0,00      0,00      2,02      6,06      0,00      0,00     91,92

23:20:41        CPU      %usr     %nice      %sys   %iowait    %steal      %irq     %soft    %guest    %gnice     %idle
23:20:42        all      0,00      0,00      0,00      0,00      0,00      0,50      0,50      0,00      0,00     99,00
23:20:42          0      0,00      0,00      0,00      0,00      0,00      0,00      0,00      0,00      0,00    100,00
23:20:42          1      0,00      0,00      0,00      0,00      0,00      0,00      0,00      0,00      0,00    100,00
23:20:42          2      0,00      0,00      0,00      0,00      0,00      0,00      0,00      0,00      0,00    100,00
23:20:42          3      0,00      0,00      0,00      0,00      0,00      2,00      2,00      0,00      0,00     96,00

23:20:42        CPU      %usr     %nice      %sys   %iowait    %steal      %irq     %soft    %guest    %gnice     %idle
23:20:43        all      0,00      0,00      0,25      0,00      0,00      0,00      0,00      0,00      0,00     99,75
23:20:43          0      0,00      0,00      0,00      0,00      0,00      0,00      0,00      0,00      0,00    100,00
23:20:43          1      0,00      0,00      0,00      0,00      0,00      0,00      0,00      0,00      0,00    100,00
23:20:43          2      0,00      0,00      0,00      0,00      0,00      0,00      0,00      0,00      0,00    100,00
23:20:43          3      0,00      0,00      0,99      0,00      0,00      0,00      0,00      0,00      0,00     99,01

23:20:43        CPU      %usr     %nice      %sys   %iowait    %steal      %irq     %soft    %guest    %gnice     %idle
23:20:44        all      0,00      0,00      0,00      0,00      0,00      0,00      0,00      0,00      0,00    100,00
23:20:44          0      0,00      0,00      0,00      0,00      0,00      0,00      0,00      0,00      0,00    100,00
23:20:44          1      0,00      0,00      0,00      0,00      0,00      0,00      0,00      0,00      0,00    100,00
23:20:44          2      0,00      0,00      0,00      0,00      0,00      0,00      0,00      0,00      0,00    100,00
23:20:44          3      0,00      0,00      0,00      0,00      0,00      0,00      0,00      0,00      0,00    100,00

23:20:44        CPU      %usr     %nice      %sys   %iowait    %steal      %irq     %soft    %guest    %gnice     %idle
23:20:45        all     10,13      0,00      3,80      0,25      0,00      0,51      2,03      0,00      0,00     83,29
23:20:45          0     10,00      0,00      4,00      0,00      0,00      0,00      0,00      0,00      0,00     86,00
23:20:45          1     11,00      0,00      3,00      1,00      0,00      0,00      0,00      0,00      0,00     85,00
23:20:45          2      9,28      0,00      3,09      0,00      0,00      0,00      0,00      0,00      0,00     87,63
23:20:45          3     10,20      0,00      5,10      0,00      0,00      2,04      8,16      0,00      0,00     74,49

23:20:45        CPU      %usr     %nice      %sys   %iowait    %steal      %irq     %soft    %guest    %gnice     %idle
23:20:46        all     11,69      0,00      4,48      0,00      0,00      0,75      1,99      0,00      0,00     81,09
23:20:46          0     10,10      0,00      5,05      0,00      0,00      0,00      0,00      0,00      0,00     84,85
23:20:46          1     12,75      0,00      3,92      0,00      0,00      0,00      0,00      0,00      0,00     83,33
23:20:46          2     11,00      0,00      4,00      0,00      0,00      0,00      0,00      0,00      0,00     85,00
23:20:46          3     12,87      0,00      4,95      0,00      0,00      2,97      7,92      0,00      0,00     71,29

23:20:46        CPU      %usr     %nice      %sys   %iowait    %steal      %irq     %soft    %guest    %gnice     %idle
23:20:47        all      6,09      0,00      2,28      0,00      0,00      0,51      1,52      0,00      0,00     89,59
23:20:47          0      6,06      0,00      2,02      0,00      0,00      0,00      0,00      0,00      0,00     91,92
23:20:47          1      7,07      0,00      2,02      0,00      0,00      0,00      0,00      0,00      0,00     90,91
23:20:47          2      5,15      0,00      2,06      0,00      0,00      0,00      0,00      0,00      0,00     92,78
23:20:47          3      6,06      0,00      3,03      0,00      0,00      2,02      6,06      0,00      0,00     82,83

23:20:47        CPU      %usr     %nice      %sys   %iowait    %steal      %irq     %soft    %guest    %gnice     %idle
23:20:48        all      0,75      0,00      0,25      0,00      0,00      0,00      0,00      0,00      0,00     99,00
23:20:48          0      0,00      0,00      1,00      0,00      0,00      0,00      0,00      0,00      0,00     99,00
23:20:48          1      1,00      0,00      0,00      0,00      0,00      0,00      0,00      0,00      0,00     99,00
23:20:48          2      0,99      0,00      0,00      0,00      0,00      0,00      0,00      0,00      0,00     99,01
23:20:48          3      1,00      0,00      0,00      0,00      0,00      0,00      0,00      0,00      0,00     99,00

23:20:48        CPU      %usr     %nice      %sys   %iowait    %steal      %irq     %soft    %guest    %gnice     %idle
23:20:49        all      0,00      0,00      0,00      0,00      0,00      0,00      0,00      0,00      0,00    100,00
23:20:49          0      0,00      0,00      0,00      0,00      0,00      0,00      0,00      0,00      0,00    100,00
23:20:49          1      0,00      0,00      0,00      0,00      0,00      0,00      0,00      0,00      0,00    100,00
23:20:49          2      0,00      0,00      0,00      0,00      0,00      0,00      0,00      0,00      0,00    100,00
23:20:49          3      0,00      0,00      0,00      0,00      0,00      0,00      0,00      0,00      0,00    100,00

23:20:49        CPU      %usr     %nice      %sys   %iowait    %steal      %irq     %soft    %guest    %gnice     %idle
23:20:50        all      8,31      0,00      4,53      0,00      0,00      1,01      2,02      0,00      0,00     84,13
23:20:50          0      8,00      0,00      5,00      0,00      0,00      0,00      0,00      0,00      0,00     87,00
23:20:50          1      9,00      0,00      5,00      0,00      0,00      0,00      0,00      0,00      0,00     86,00
23:20:50          2      9,90      0,00      3,96      0,00      0,00      0,00      0,00      0,00      0,00     86,14
23:20:50          3      6,25      0,00      4,17      0,00      0,00      4,17      8,33      0,00      0,00     77,08

23:20:50        CPU      %usr     %nice      %sys   %iowait    %steal      %irq     %soft    %guest    %gnice     %idle
23:20:51        all      9,25      0,00      5,25      0,25      0,00      1,25      2,25      0,00      0,00     81,75
23:20:51          0     10,00      0,00      5,00      0,00      0,00      0,00      0,00      0,00      0,00     85,00
23:20:51          1      9,90      0,00      4,95      0,99      0,00      0,00      0,00      0,00      0,00     84,16
23:20:51          2      8,08      0,00      5,05      0,00      0,00      1,01      0,00      0,00      0,00     85,86
23:20:51          3      9,00      0,00      6,00      0,00      0,00      4,00      9,00      0,00      0,00     72,00

23:20:51        CPU      %usr     %nice      %sys   %iowait    %steal      %irq     %soft    %guest    %gnice     %idle
23:20:52        all     10,47      0,00      6,23      0,00      0,00      1,50      2,49      0,00      0,00     79,30
23:20:52          0     10,89      0,00      5,94      0,00      0,00      0,99      0,00      0,00      0,00     82,18
23:20:52          1     11,00      0,00      6,00      0,00      0,00      0,00      0,00      0,00      0,00     83,00
23:20:52          2     11,88      0,00      5,94      0,00      0,00      0,00      0,00      0,00      0,00     82,18
23:20:52          3      8,08      0,00      7,07      0,00      0,00      5,05     10,10      0,00      0,00     69,70

23:20:52        CPU      %usr     %nice      %sys   %iowait    %steal      %irq     %soft    %guest    %gnice     %idle
23:20:53        all      6,52      0,00      4,01      0,00      0,00      1,00      2,51      0,00      0,00     85,96
23:20:53          0      7,00      0,00      5,00      0,00      0,00      0,00      0,00      0,00      0,00     88,00
23:20:53          1      7,00      0,00      4,00      0,00      0,00      0,00      0,00      0,00      0,00     89,00
23:20:53          2      6,06      0,00      4,04      0,00      0,00      0,00      0,00      0,00      0,00     89,90
23:20:53          3      6,00      0,00      3,00      0,00      0,00      4,00     10,00      0,00      0,00     77,00

23:20:53        CPU      %usr     %nice      %sys   %iowait    %steal      %irq     %soft    %guest    %gnice     %idle
23:20:54        all      0,00      0,00      0,25      0,00      0,00      0,00      0,00      0,00      0,00     99,75
23:20:54          0      0,00      0,00      0,00      0,00      0,00      0,00      0,00      0,00      0,00    100,00
23:20:54          1      0,00      0,00      0,00      0,00      0,00      0,00      0,00      0,00      0,00    100,00
23:20:54          2      0,00      0,00      0,00      0,00      0,00      0,00      0,00      0,00      0,00    100,00
23:20:54          3      0,00      0,00      1,00      0,00      0,00      0,00      0,00      0,00      0,00     99,00

23:20:54        CPU      %usr     %nice      %sys   %iowait    %steal      %irq     %soft    %guest    %gnice     %idle
23:20:55        all      0,25      0,00      0,00      0,25      0,00      0,50      0,75      0,00      0,00     98,25
23:20:55          0      0,99      0,00      0,00      0,00      0,00      0,00      0,00      0,00      0,00     99,01
23:20:55          1      0,00      0,00      0,00      1,00      0,00      1,00      0,00      0,00      0,00     98,00
23:20:55          2      0,00      0,00      0,00      0,00      0,00      0,00      0,00      0,00      0,00    100,00
23:20:55          3      0,00      0,00      0,00      0,00      0,00      1,00      3,00      0,00      0,00     96,00

23:20:55        CPU      %usr     %nice      %sys   %iowait    %steal      %irq     %soft    %guest    %gnice     %idle
23:20:56        all      0,00      0,00      0,00      0,00      0,00      0,25      0,75      0,00      0,00     98,99
23:20:56          0      0,00      0,00      0,00      0,00      0,00      0,00      0,00      0,00      0,00    100,00
23:20:56          1      0,00      0,00      0,00      0,00      0,00      0,00      0,00      0,00      0,00    100,00
23:20:56          2      0,00      0,00      0,00      0,00      0,00      0,00      0,00      0,00      0,00    100,00
23:20:56          3      0,00      0,00      0,00      0,00      0,00      1,01      3,03      0,00      0,00     95,96

23:20:56        CPU      %usr     %nice      %sys   %iowait    %steal      %irq     %soft    %guest    %gnice     %idle
23:20:57        all      0,00      0,00      0,00      0,00      0,00      0,50      0,76      0,00      0,00     98,74
23:20:57          0      0,00      0,00      0,00      0,00      0,00      0,00      0,00      0,00      0,00    100,00
23:20:57          1      0,00      0,00      0,00      0,00      0,00      0,00      0,00      0,00      0,00    100,00
23:20:57          2      0,00      0,00      0,00      0,00      0,00      0,00      0,00      0,00      0,00    100,00
23:20:57          3      0,00      0,00      0,00      0,00      0,00      2,02      3,03      0,00      0,00     94,95

23:20:57        CPU      %usr     %nice      %sys   %iowait    %steal      %irq     %soft    %guest    %gnice     %idle
23:20:58        all      0,00      0,00      0,00      0,00      0,00      0,50      1,25      0,00      0,00     98,25
23:20:58          0      0,00      0,00      0,00      0,00      0,00      0,00      0,00      0,00      0,00    100,00
23:20:58          1      0,00      0,00      0,00      0,00      0,00      0,00      0,00      0,00      0,00    100,00
23:20:58          2      0,00      0,00      0,00      0,00      0,00      0,00      0,00      0,00      0,00    100,00
23:20:58          3      0,00      0,00      0,00      0,00      0,00      2,00      5,00      0,00      0,00     93,00

23:20:58        CPU      %usr     %nice      %sys   %iowait    %steal      %irq     %soft    %guest    %gnice     %idle
23:20:59        all      0,00      0,00      0,00      0,25      0,00      0,25      0,25      0,00      0,00     99,25
23:20:59          0      0,00      0,00      0,00      0,00      0,00      0,00      0,00      0,00      0,00    100,00
23:20:59          1      0,00      0,00      0,00      1,00      0,00      0,00      0,00      0,00      0,00     99,00
23:20:59          2      0,00      0,00      0,00      0,00      0,00      0,00      0,00      0,00      0,00    100,00
23:20:59          3      0,00      0,00      0,00      0,00      0,00      1,01      1,01      0,00      0,00     97,98

23:20:59        CPU      %usr     %nice      %sys   %iowait    %steal      %irq     %soft    %guest    %gnice     %idle
23:21:00        all      0,50      0,00      0,00      0,00      0,00      0,25      0,75      0,00      0,00     98,50
23:21:00          0      1,00      0,00      0,00      0,00      0,00      0,00      0,00      0,00      0,00     99,00
23:21:00          1      0,00      0,00      0,00      0,00      0,00      0,00      0,00      0,00      0,00    100,00
23:21:00          2      0,00      0,00      0,00      0,00      0,00      0,00      0,00      0,00      0,00    100,00
23:21:00          3      0,99      0,00      0,00      0,00      0,00      0,99      2,97      0,00      0,00     95,05

23:21:00        CPU      %usr     %nice      %sys   %iowait    %steal      %irq     %soft    %guest    %gnice     %idle
23:21:01        all      0,00      0,00      2,01      0,00      0,00      0,50      0,75      0,00      0,00     96,74
23:21:01          0      0,00      0,00      8,00      0,00      0,00      0,00      0,00      0,00      0,00     92,00
23:21:01          1      0,00      0,00      0,00      0,00      0,00      0,00      0,00      0,00      0,00    100,00
23:21:01          2      0,00      0,00      0,00      0,00      0,00      0,00      0,00      0,00      0,00    100,00
23:21:01          3      0,00      0,00      0,00      0,00      0,00      2,00      3,00      0,00      0,00     95,00

23:21:01        CPU      %usr     %nice      %sys   %iowait    %steal      %irq     %soft    %guest    %gnice     %idle
23:21:02        all      0,25      0,00      0,25      0,25      0,00      0,50      0,75      0,00      0,00     98,00
23:21:02          0      0,00      0,00      0,00      0,00      0,00      0,00      0,00      0,00      0,00    100,00
23:21:02          1      0,99      0,00      0,99      0,00      0,00      0,00      0,00      0,00      0,00     98,02
23:21:02          2      0,00      0,00      0,00      1,00      0,00      0,00      0,00      0,00      0,00     99,00
23:21:02          3      0,00      0,00      0,00      0,00      0,00      2,00      3,00      0,00      0,00     95,00

23:21:02        CPU      %usr     %nice      %sys   %iowait    %steal      %irq     %soft    %guest    %gnice     %idle
23:21:03        all      0,00      0,00      0,00      0,25      0,00      0,25      0,76      0,00      0,00     98,74
23:21:03          0      0,00      0,00      0,00      0,00      0,00      0,00      0,00      0,00      0,00    100,00
23:21:03          1      0,00      0,00      0,00      1,00      0,00      0,00      0,00      0,00      0,00     99,00
23:21:03          2      0,00      0,00      0,00      0,00      0,00      0,00      0,00      0,00      0,00    100,00
23:21:03          3      0,00      0,00      0,00      0,00      0,00      1,01      3,03      0,00      0,00     95,96

23:21:03        CPU      %usr     %nice      %sys   %iowait    %steal      %irq     %soft    %guest    %gnice     %idle
23:21:04        all      0,00      0,00      0,25      0,00      0,00      0,50      1,24      0,00      0,00     98,01
23:21:04          0      0,00      0,00      0,00      0,00      0,00      0,00      0,00      0,00      0,00    100,00
23:21:04          1      0,00      0,00      0,00      0,00      0,00      0,00      0,99      0,00      0,00     99,01
23:21:04          2      0,00      0,00      0,99      0,00      0,00      0,00      0,00      0,00      0,00     99,01
23:21:04          3      0,00      0,00      0,00      0,00      0,00      2,00      4,00      0,00      0,00     94,00

23:21:04        CPU      %usr     %nice      %sys   %iowait    %steal      %irq     %soft    %guest    %gnice     %idle
23:21:05        all      7,50      0,00      3,25      0,00      0,00      0,75      1,50      0,00      0,00     87,00
23:21:05          0      8,00      0,00      3,00      0,00      0,00      0,00      0,00      0,00      0,00     89,00
23:21:05          1      8,08      0,00      3,03      0,00      0,00      0,00      0,00      0,00      0,00     88,89
23:21:05          2      8,00      0,00      3,00      0,00      0,00      0,00      0,00      0,00      0,00     89,00
23:21:05          3      5,94      0,00      3,96      0,00      0,00      2,97      5,94      0,00      0,00     81,19

23:21:05        CPU      %usr     %nice      %sys   %iowait    %steal      %irq     %soft    %guest    %gnice     %idle
23:21:06        all      7,36      0,00      3,30      0,00      0,00      0,76      1,78      0,00      0,00     86,80
23:21:06          0      8,08      0,00      3,03      0,00      0,00      0,00      0,00      0,00      0,00     88,89
23:21:06          1      8,08      0,00      3,03      0,00      0,00      0,00      0,00      0,00      0,00     88,89
23:21:06          2      7,14      0,00      5,10      0,00      0,00      0,00      0,00      0,00      0,00     87,76
23:21:06          3      6,12      0,00      2,04      0,00      0,00      3,06      7,14      0,00      0,00     81,63

23:21:06        CPU      %usr     %nice      %sys   %iowait    %steal      %irq     %soft    %guest    %gnice     %idle
23:21:07        all      7,59      0,00      4,56      0,00      0,00      1,01      1,77      0,00      0,00     85,06
23:21:07          0      8,00      0,00      5,00      0,00      0,00      0,00      0,00      0,00      0,00     87,00
23:21:07          1      8,08      0,00      5,05      0,00      0,00      0,00      0,00      0,00      0,00     86,87
23:21:07          2      8,16      0,00      3,06      0,00      0,00      0,00      0,00      0,00      0,00     88,78
23:21:07          3      6,12      0,00      5,10      0,00      0,00      4,08      7,14      0,00      0,00     77,55

23:21:07        CPU      %usr     %nice      %sys   %iowait    %steal      %irq     %soft    %guest    %gnice     %idle
23:21:08        all      6,17      0,00      2,96      0,00      0,00      0,99      1,48      0,00      0,00     88,40
23:21:08          0      6,00      0,00      3,00      0,00      0,00      0,00      0,00      0,00      0,00     91,00
23:21:08          1      6,86      0,00      1,96      0,00      0,00      0,98      0,00      0,00      0,00     90,20
23:21:08          2      5,94      0,00      3,96      0,00      0,00      0,00      0,00      0,00      0,00     90,10
23:21:08          3      5,88      0,00      2,94      0,00      0,00      2,94      5,88      0,00      0,00     82,35

23:21:08        CPU      %usr     %nice      %sys   %iowait    %steal      %irq     %soft    %guest    %gnice     %idle
23:21:09        all     10,66      0,00      5,08      0,00      0,00      1,02      2,28      0,00      0,00     80,96
23:21:09          0     10,20      0,00      5,10      0,00      0,00      0,00      0,00      0,00      0,00     84,69
23:21:09          1     10,31      0,00      4,12      0,00      0,00      0,00      0,00      0,00      0,00     85,57
23:21:09          2     12,00      0,00      5,00      0,00      0,00      0,00      0,00      0,00      0,00     83,00
23:21:09          3     10,10      0,00      6,06      0,00      0,00      4,04      9,09      0,00      0,00     70,71

23:21:09        CPU      %usr     %nice      %sys   %iowait    %steal      %irq     %soft    %guest    %gnice     %idle
23:21:10        all      5,81      0,00      3,28      0,00      0,00      0,76      1,77      0,00      0,00     88,38
23:21:10          0      6,06      0,00      3,03      0,00      0,00      0,00      0,00      0,00      0,00     90,91
23:21:10          1      6,06      0,00      3,03      0,00      0,00      0,00      0,00      0,00      0,00     90,91
23:21:10          2      6,06      0,00      4,04      0,00      0,00      0,00      0,00      0,00      0,00     89,90
23:21:10          3      5,05      0,00      3,03      0,00      0,00      3,03      7,07      0,00      0,00     81,82

23:21:10        CPU      %usr     %nice      %sys   %iowait    %steal      %irq     %soft    %guest    %gnice     %idle
23:21:11        all      7,02      0,00      3,01      0,25      0,00      0,75      1,25      0,00      0,00     87,72
23:21:11          0      6,06      0,00      3,03      0,00      0,00      1,01      0,00      0,00      0,00     89,90
23:21:11          1      7,84      0,00      3,92      0,98      0,00      0,00      0,00      0,00      0,00     87,25
23:21:11          2      8,00      0,00      3,00      0,00      0,00      0,00      0,00      0,00      0,00     89,00
23:21:11          3      6,12      0,00      2,04      0,00      0,00      2,04      5,10      0,00      0,00     84,69

23:21:11        CPU      %usr     %nice      %sys   %iowait    %steal      %irq     %soft    %guest    %gnice     %idle
23:21:12        all      8,77      0,00      3,76      0,00      0,00      1,25      2,01      0,00      0,00     84,21
23:21:12          0      9,00      0,00      4,00      0,00      0,00      0,00      0,00      0,00      0,00     87,00
23:21:12          1      9,18      0,00      3,06      0,00      0,00      0,00      0,00      0,00      0,00     87,76
23:21:12          2     10,89      0,00      3,96      0,00      0,00      0,99      0,00      0,00      0,00     84,16
23:21:12          3      6,00      0,00      4,00      0,00      0,00      4,00      8,00      0,00      0,00     78,00

23:21:12        CPU      %usr     %nice      %sys   %iowait    %steal      %irq     %soft    %guest    %gnice     %idle
23:21:13        all      5,74      0,00      2,99      0,00      0,00      0,75      1,50      0,00      0,00     89,03
23:21:13          0      5,10      0,00      2,04      0,00      0,00      0,00      0,00      0,00      0,00     92,86
23:21:13          1      6,93      0,00      3,96      0,00      0,00      0,00      0,00      0,00      0,00     89,11
23:21:13          2      6,86      0,00      2,94      0,00      0,00      0,00      0,98      0,00      0,00     89,22
23:21:13          3      4,00      0,00      3,00      0,00      0,00      3,00      5,00      0,00      0,00     85,00

23:21:13        CPU      %usr     %nice      %sys   %iowait    %steal      %irq     %soft    %guest    %gnice     %idle
23:21:14        all      7,34      0,00      3,29      0,00      0,00      0,76      1,52      0,00      0,00     87,09
23:21:14          0      8,00      0,00      4,00      0,00      0,00      0,00      0,00      0,00      0,00     88,00
23:21:14          1      8,08      0,00      3,03      0,00      0,00      0,00      0,00      0,00      0,00     88,89
23:21:14          2      8,16      0,00      3,06      0,00      0,00      0,00      0,00      0,00      0,00     88,78
23:21:14          3      5,10      0,00      3,06      0,00      0,00      3,06      6,12      0,00      0,00     82,65

23:21:14        CPU      %usr     %nice      %sys   %iowait    %steal      %irq     %soft    %guest    %gnice     %idle
23:21:15        all      5,51      0,00      3,01      0,00      0,00      0,50      1,25      0,00      0,00     89,72
23:21:15          0      6,93      0,00      2,97      0,00      0,00      0,00      0,00      0,00      0,00     90,10
23:21:15          1      5,05      0,00      3,03      0,00      0,00      0,00      0,00      0,00      0,00     91,92
23:21:15          2      5,05      0,00      3,03      0,00      0,00      0,00      0,00      0,00      0,00     91,92
23:21:15          3      5,00      0,00      3,00      0,00      0,00      2,00      5,00      0,00      0,00     85,00

23:21:15        CPU      %usr     %nice      %sys   %iowait    %steal      %irq     %soft    %guest    %gnice     %idle
23:21:16        all      4,02      0,00      2,51      0,00      0,00      0,75      2,01      0,00      0,00     90,70
23:21:16          0      4,95      0,00      1,98      0,00      0,00      0,00      0,99      0,00      0,00     92,08
23:21:16          1      4,00      0,00      3,00      0,00      0,00      0,00      0,00      0,00      0,00     93,00
23:21:16          2      3,06      0,00      2,04      0,00      0,00      0,00      0,00      0,00      0,00     94,90
23:21:16          3      4,04      0,00      3,03      0,00      0,00      3,03      7,07      0,00      0,00     82,83

23:21:16        CPU      %usr     %nice      %sys   %iowait    %steal      %irq     %soft    %guest    %gnice     %idle
23:21:17        all     12,19      0,00      6,72      0,25      0,00      1,24      2,49      0,00      0,00     77,11
23:21:17          0     12,87      0,00      6,93      0,00      0,00      0,00      0,00      0,00      0,00     80,20
23:21:17          1     11,00      0,00      7,00      1,00      0,00      0,00      0,00      0,00      0,00     81,00
23:21:17          2     14,71      0,00      5,88      0,00      0,00      0,00      0,00      0,00      0,00     79,41
23:21:17          3     10,10      0,00      7,07      0,00      0,00      5,05     10,10      0,00      0,00     67,68

23:21:17        CPU      %usr     %nice      %sys   %iowait    %steal      %irq     %soft    %guest    %gnice     %idle
23:21:18        all     10,43      0,00      6,36      0,51      0,00      1,02      2,54      0,00      0,00     79,13
23:21:18          0      9,28      0,00      6,19      2,06      0,00      0,00      0,00      0,00      0,00     82,47
23:21:18          1     12,12      0,00      5,05      0,00      0,00      0,00      0,00      0,00      0,00     82,83
23:21:18          2     10,31      0,00      6,19      0,00      0,00      0,00      0,00      0,00      0,00     83,51
23:21:18          3     10,00      0,00      8,00      0,00      0,00      4,00     10,00      0,00      0,00     68,00

23:21:18        CPU      %usr     %nice      %sys   %iowait    %steal      %irq     %soft    %guest    %gnice     %idle
23:21:19        all     10,30      0,00      5,78      0,00      0,00      1,51      2,51      0,00      0,00     79,90
23:21:19          0     11,22      0,00      4,08      0,00      0,00      0,00      0,00      0,00      0,00     84,69
23:21:19          1     12,00      0,00      5,00      0,00      0,00      1,00      0,00      0,00      0,00     82,00
23:21:19          2     10,20      0,00      5,10      0,00      0,00      0,00      0,00      0,00      0,00     84,69
23:21:19          3      7,84      0,00      8,82      0,00      0,00      4,90      9,80      0,00      0,00     68,63

23:21:19        CPU      %usr     %nice      %sys   %iowait    %steal      %irq     %soft    %guest    %gnice     %idle
23:21:20        all      6,08      0,00      3,04      0,00      0,00      0,51      1,27      0,00      0,00     89,11
23:21:20          0      6,06      0,00      3,03      0,00      0,00      0,00      0,00      0,00      0,00     90,91
23:21:20          1      6,06      0,00      3,03      0,00      0,00      0,00      0,00      0,00      0,00     90,91
23:21:20          2      6,12      0,00      2,04      0,00      0,00      0,00      0,00      0,00      0,00     91,84
23:21:20          3      6,06      0,00      4,04      0,00      0,00      2,02      5,05      0,00      0,00     82,83

23:21:20        CPU      %usr     %nice      %sys   %iowait    %steal      %irq     %soft    %guest    %gnice     %idle
23:21:21        all      6,28      0,00      3,52      0,00      0,00      0,50      1,26      0,00      0,00     88,44
23:21:21          0      6,06      0,00      3,03      0,00      0,00      0,00      0,00      0,00      0,00     90,91
23:21:21          1      7,00      0,00      4,00      0,00      0,00      0,00      0,00      0,00      0,00     89,00
23:21:21          2      7,00      0,00      3,00      0,00      0,00      0,00      0,00      0,00      0,00     90,00
23:21:21          3      5,05      0,00      4,04      0,00      0,00      2,02      5,05      0,00      0,00     83,84

23:21:21        CPU      %usr     %nice      %sys   %iowait    %steal      %irq     %soft    %guest    %gnice     %idle
23:21:22        all     15,00      0,00      8,50      0,50      0,00      1,50      2,75      0,00      0,00     71,75
23:21:22          0     14,85      0,00      8,91      0,00      0,00      0,99      0,00      0,00      0,00     75,25
23:21:22          1     15,00      0,00      8,00      0,00      0,00      0,00      0,00      0,00      0,00     77,00
23:21:22          2     14,14      0,00      9,09      0,00      0,00      0,00      0,00      0,00      0,00     76,77
23:21:22          3     16,00      0,00      8,00      2,00      0,00      5,00     11,00      0,00      0,00     58,00

23:21:22        CPU      %usr     %nice      %sys   %iowait    %steal      %irq     %soft    %guest    %gnice     %idle
23:21:23        all      7,20      0,00      5,21      0,25      0,00      1,24      2,73      0,00      0,00     83,37
23:21:23          0      7,00      0,00      9,00      0,00      0,00      0,00      0,00      0,00      0,00     84,00
23:21:23          1      7,84      0,00      4,90      0,98      0,00      0,00      0,00      0,00      0,00     86,27
23:21:23          2      8,08      0,00      2,02      0,00      0,00      0,00      0,00      0,00      0,00     89,90
23:21:23          3      5,88      0,00      4,90      0,00      0,00      4,90     10,78      0,00      0,00     73,53

23:21:23        CPU      %usr     %nice      %sys   %iowait    %steal      %irq     %soft    %guest    %gnice     %idle
23:21:24        all      0,00      0,00      1,00      0,00      0,00      0,50      1,00      0,00      0,00     97,50
23:21:24          0      0,00      0,00      3,00      0,00      0,00      0,00      0,00      0,00      0,00     97,00
23:21:24          1      0,00      0,00      0,00      0,00      0,00      0,00      0,00      0,00      0,00    100,00
23:21:24          2      0,00      0,00      0,99      0,00      0,00      0,00      0,00      0,00      0,00     99,01
23:21:24          3      0,00      0,00      0,00      0,00      0,00      2,02      4,04      0,00      0,00     93,94

23:21:24        CPU      %usr     %nice      %sys   %iowait    %steal      %irq     %soft    %guest    %gnice     %idle
23:21:25        all      0,25      0,00      0,00      0,00      0,00      0,25      0,75      0,00      0,00     98,75
23:21:25          0      0,00      0,00      0,00      0,00      0,00      0,00      0,00      0,00      0,00    100,00
23:21:25          1      0,00      0,00      0,00      0,00      0,00      0,00      0,00      0,00      0,00    100,00
23:21:25          2      0,00      0,00      0,00      0,00      0,00      0,00      0,00      0,00      0,00    100,00
23:21:25          3      0,99      0,00      0,00      0,00      0,00      0,99      2,97      0,00      0,00     95,05

23:21:25        CPU      %usr     %nice      %sys   %iowait    %steal      %irq     %soft    %guest    %gnice     %idle
23:21:26        all      0,25      0,00      0,00      0,00      0,00      0,25      0,25      0,00      0,00     99,25
23:21:26          0      0,99      0,00      0,00      0,00      0,00      0,00      0,00      0,00      0,00     99,01
23:21:26          1      0,00      0,00      0,00      0,00      0,00      0,00      0,00      0,00      0,00    100,00
23:21:26          2      0,00      0,00      0,00      0,00      0,00      1,00      0,00      0,00      0,00     99,00
23:21:26          3      0,00      0,00      0,00      0,00      0,00      0,00      1,01      0,00      0,00     98,99

23:21:26        CPU      %usr     %nice      %sys   %iowait    %steal      %irq     %soft    %guest    %gnice     %idle
23:21:27        all      0,50      0,00      0,75      0,00      0,00      0,25      0,50      0,00      0,00     98,00
23:21:27          0      0,00      0,00      1,00      0,00      0,00      0,00      0,00      0,00      0,00     99,00
23:21:27          1      0,99      0,00      0,99      0,00      0,00      0,00      0,00      0,00      0,00     98,02
23:21:27          2      1,00      0,00      0,00      0,00      0,00      0,00      0,00      0,00      0,00     99,00
23:21:27          3      0,00      0,00      1,00      0,00      0,00      1,00      2,00      0,00      0,00     96,00

23:21:27        CPU      %usr     %nice      %sys   %iowait    %steal      %irq     %soft    %guest    %gnice     %idle
23:21:28        all      5,30      0,00      2,27      0,00      0,00      0,76      1,52      0,00      0,00     90,15
23:21:28          0      6,06      0,00      2,02      0,00      0,00      0,00      0,00      0,00      0,00     91,92
23:21:28          1      6,06      0,00      2,02      0,00      0,00      0,00      0,00      0,00      0,00     91,92
23:21:28          2      5,05      0,00      3,03      0,00      0,00      0,00      0,00      0,00      0,00     91,92
23:21:28          3      4,04      0,00      2,02      0,00      0,00      3,03      6,06      0,00      0,00     84,85

23:21:28        CPU      %usr     %nice      %sys   %iowait    %steal      %irq     %soft    %guest    %gnice     %idle
23:21:29        all      1,75      0,00      1,25      0,00      0,00      0,25      0,75      0,00      0,00     95,99
23:21:29          0      1,00      0,00      2,00      0,00      0,00      0,00      0,00      0,00      0,00     97,00
23:21:29          1      2,02      0,00      1,01      0,00      0,00      0,00      0,00      0,00      0,00     96,97
23:21:29          2      2,00      0,00      1,00      0,00      0,00      0,00      0,00      0,00      0,00     97,00
23:21:29          3      2,00      0,00      1,00      0,00      0,00      1,00      3,00      0,00      0,00     93,00

23:21:29        CPU      %usr     %nice      %sys   %iowait    %steal      %irq     %soft    %guest    %gnice     %idle
23:21:30        all     10,38      0,00      5,82      0,00      0,00      1,27      2,53      0,00      0,00     80,00
23:21:30          0     12,00      0,00      6,00      0,00      0,00      0,00      0,00      0,00      0,00     82,00
23:21:30          1     10,20      0,00      5,10      0,00      0,00      0,00      0,00      0,00      0,00     84,69
23:21:30          2     10,20      0,00      6,12      0,00      0,00      0,00      0,00      0,00      0,00     83,67
23:21:30          3      9,09      0,00      6,06      0,00      0,00      5,05     10,10      0,00      0,00     69,70

23:21:30        CPU      %usr     %nice      %sys   %iowait    %steal      %irq     %soft    %guest    %gnice     %idle
23:21:31        all      5,53      0,00      3,02      0,00      0,00      0,75      2,26      0,00      0,00     88,44
23:21:31          0      6,06      0,00      2,02      0,00      0,00      0,00      0,00      0,00      0,00     91,92
23:21:31          1      6,00      0,00      4,00      0,00      0,00      0,00      0,00      0,00      0,00     90,00
23:21:31          2      6,06      0,00      3,03      0,00      0,00      0,00      0,00      0,00      0,00     90,91
23:21:31          3      4,00      0,00      3,00      0,00      0,00      3,00      9,00      0,00      0,00     81,00

23:21:31        CPU      %usr     %nice      %sys   %iowait    %steal      %irq     %soft    %guest    %gnice     %idle
23:21:32        all      2,51      0,00      1,75      0,25      0,00      0,25      0,75      0,00      0,00     94,49
23:21:32          0      2,02      0,00      2,02      0,00      0,00      0,00      0,00      0,00      0,00     95,96
23:21:32          1      2,02      0,00      1,01      1,01      0,00      0,00      0,00      0,00      0,00     95,96
23:21:32          2      3,92      0,00      1,96      0,00      0,00      0,00      0,00      0,00      0,00     94,12
23:21:32          3      2,02      0,00      2,02      0,00      0,00      1,01      3,03      0,00      0,00     91,92

23:21:32        CPU      %usr     %nice      %sys   %iowait    %steal      %irq     %soft    %guest    %gnice     %idle
23:21:33        all      7,81      0,00      4,28      0,00      0,00      1,01      2,02      0,00      0,00     84,89
23:21:33          0      7,14      0,00      4,08      0,00      0,00      0,00      0,00      0,00      0,00     88,78
23:21:33          1      9,00      0,00      4,00      0,00      0,00      0,00      0,00      0,00      0,00     87,00
23:21:33          2      7,14      0,00      5,10      0,00      0,00      0,00      0,00      0,00      0,00     87,76
23:21:33          3      7,92      0,00      3,96      0,00      0,00      3,96      7,92      0,00      0,00     76,24

23:21:33        CPU      %usr     %nice      %sys   %iowait    %steal      %irq     %soft    %guest    %gnice     %idle
23:21:34        all      4,25      0,00      2,00      0,00      0,00      0,75      1,00      0,00      0,00     92,00
23:21:34          0      3,96      0,00      2,97      0,00      0,00      0,00      0,00      0,00      0,00     93,07
23:21:34          1      4,00      0,00      2,00      0,00      0,00      1,00      0,00      0,00      0,00     93,00
23:21:34          2      5,00      0,00      1,00      0,00      0,00      0,00      0,00      0,00      0,00     94,00
23:21:34          3      4,04      0,00      2,02      0,00      0,00      2,02      4,04      0,00      0,00     87,88

23:21:34        CPU      %usr     %nice      %sys   %iowait    %steal      %irq     %soft    %guest    %gnice     %idle
23:21:35        all      7,58      0,00      4,29      0,00      0,00      1,01      2,02      0,00      0,00     85,10
23:21:35          0      7,92      0,00      5,94      0,00      0,00      0,00      0,00      0,00      0,00     86,14
23:21:35          1      7,14      0,00      4,08      0,00      0,00      0,00      0,00      0,00      0,00     88,78
23:21:35          2      8,16      0,00      3,06      0,00      0,00      0,00      0,00      0,00      0,00     88,78
23:21:35          3      7,07      0,00      4,04      0,00      0,00      4,04      8,08      0,00      0,00     76,77

23:21:35        CPU      %usr     %nice      %sys   %iowait    %steal      %irq     %soft    %guest    %gnice     %idle
23:21:36        all      9,27      0,00      5,51      0,00      0,00      1,00      2,01      0,00      0,00     82,21
23:21:36          0      8,91      0,00      6,93      0,00      0,00      0,00      0,00      0,00      0,00     84,16
23:21:36          1     10,78      0,00      5,88      0,00      0,00      0,00      0,00      0,00      0,00     83,33
23:21:36          2      9,28      0,00      4,12      0,00      0,00      0,00      0,00      0,00      0,00     86,60
23:21:36          3      8,08      0,00      5,05      0,00      0,00      4,04      8,08      0,00      0,00     74,75

Média:         CPU      %usr     %nice      %sys   %iowait    %steal      %irq     %soft    %guest    %gnice     %idle
Média:         all      4,51      0,00      2,47      0,06      0,00      0,64      1,32      0,00      0,00     91,01
Média:           0      4,56      0,00      2,81      0,03      0,00      0,05      0,02      0,00      0,00     92,53
Média:           1      4,81      0,00      2,29      0,17      0,00      0,08      0,02      0,00      0,00     92,64
Média:           2      4,66      0,00      2,24      0,02      0,00      0,05      0,02      0,00      0,00     93,02
Média:           3      4,00      0,00      2,53      0,03      0,00      2,38      5,22      0,00      0,00     85,85
