Linux 5.14.0-503.19.1.el9_5.x86_64 (localhost.localdomain) 	15/04/2025 	_x86_64_	(4 CPU)

23:40:36        CPU      %usr     %nice      %sys   %iowait    %steal      %irq     %soft    %guest    %gnice     %idle
23:40:37        all      0,00      0,00      0,00      0,00      0,00      0,00      0,00      0,00      0,00    100,00
23:40:37          0      0,00      0,00      0,00      0,00      0,00      0,00      0,00      0,00      0,00    100,00
23:40:37          1      0,00      0,00      0,00      0,00      0,00      0,00      0,00      0,00      0,00    100,00
23:40:37          2      0,00      0,00      0,00      0,00      0,00      0,00      0,00      0,00      0,00    100,00
23:40:37          3      0,00      0,00      0,00      0,00      0,00      0,00      0,00      0,00      0,00    100,00

23:40:37        CPU      %usr     %nice      %sys   %iowait    %steal      %irq     %soft    %guest    %gnice     %idle
23:40:38        all      0,00      0,00      0,25      0,25      0,00      0,00      0,00      0,00      0,00     99,50
23:40:38          0      0,00      0,00      0,99      0,00      0,00      0,00      0,00      0,00      0,00     99,01
23:40:38          1      0,00      0,00      0,00      0,99      0,00      0,00      0,00      0,00      0,00     99,01
23:40:38          2      0,00      0,00      0,00      0,00      0,00      0,00      0,00      0,00      0,00    100,00
23:40:38          3      0,00      0,00      0,00      0,00      0,00      0,00      0,00      0,00      0,00    100,00

23:40:38        CPU      %usr     %nice      %sys   %iowait    %steal      %irq     %soft    %guest    %gnice     %idle
23:40:39        all      0,00      0,00      0,00      0,00      0,00      0,00      0,00      0,00      0,00    100,00
23:40:39          0      0,00      0,00      0,00      0,00      0,00      0,00      0,00      0,00      0,00    100,00
23:40:39          1      0,00      0,00      0,00      0,00      0,00      0,00      0,00      0,00      0,00    100,00
23:40:39          2      0,00      0,00      0,00      0,00      0,00      0,00      0,00      0,00      0,00    100,00
23:40:39          3      0,00      0,00      0,00      0,00      0,00      0,00      0,00      0,00      0,00    100,00

23:40:39        CPU      %usr     %nice      %sys   %iowait    %steal      %irq     %soft    %guest    %gnice     %idle
23:40:40        all     11,97      0,00      5,74      0,00      0,00      0,75      1,25      0,00      0,00     80,30
23:40:40          0     11,11      0,00      5,05      0,00      0,00      0,00      0,00      0,00      0,00     83,84
23:40:40          1     12,75      0,00      5,88      0,00      0,00      0,00      0,00      0,00      0,00     81,37
23:40:40          2     12,75      0,00      5,88      0,00      0,00      0,00      0,00      0,00      0,00     81,37
23:40:40          3     11,22      0,00      6,12      0,00      0,00      3,06      5,10      0,00      0,00     74,49

23:40:40        CPU      %usr     %nice      %sys   %iowait    %steal      %irq     %soft    %guest    %gnice     %idle
23:40:41        all     11,90      0,00      4,30      0,00      0,00      0,76      1,52      0,00      0,00     81,52
23:40:41          0     12,24      0,00      4,08      0,00      0,00      0,00      0,00      0,00      0,00     83,67
23:40:41          1     12,12      0,00      4,04      0,00      0,00      0,00      0,00      0,00      0,00     83,84
23:40:41          2     11,22      0,00      3,06      0,00      0,00      0,00      1,02      0,00      0,00     84,69
23:40:41          3     12,00      0,00      6,00      0,00      0,00      3,00      5,00      0,00      0,00     74,00

23:40:41        CPU      %usr     %nice      %sys   %iowait    %steal      %irq     %soft    %guest    %gnice     %idle
23:40:42        all      5,46      0,00      2,73      0,25      0,00      0,74      0,74      0,00      0,00     90,07
23:40:42          0      4,00      0,00      3,00      0,00      0,00      1,00      0,00      0,00      0,00     92,00
23:40:42          1      5,83      0,00      2,91      0,97      0,00      0,97      0,00      0,00      0,00     89,32
23:40:42          2      5,94      0,00      2,97      0,00      0,00      0,00      0,00      0,00      0,00     91,09
23:40:42          3      6,06      0,00      2,02      0,00      0,00      1,01      3,03      0,00      0,00     87,88

23:40:42        CPU      %usr     %nice      %sys   %iowait    %steal      %irq     %soft    %guest    %gnice     %idle
23:40:43        all      0,00      0,00      0,00      0,00      0,00      0,00      0,00      0,00      0,00    100,00
23:40:43          0      0,00      0,00      0,00      0,00      0,00      0,00      0,00      0,00      0,00    100,00
23:40:43          1      0,00      0,00      0,00      0,00      0,00      0,00      0,00      0,00      0,00    100,00
23:40:43          2      0,00      0,00      0,00      0,00      0,00      0,00      0,00      0,00      0,00    100,00
23:40:43          3      0,00      0,00      0,00      0,00      0,00      0,00      0,00      0,00      0,00    100,00

23:40:43        CPU      %usr     %nice      %sys   %iowait    %steal      %irq     %soft    %guest    %gnice     %idle
23:40:44        all      0,00      0,00      0,00      0,00      0,00      0,00      0,00      0,00      0,00    100,00
23:40:44          0      0,00      0,00      0,00      0,00      0,00      0,00      0,00      0,00      0,00    100,00
23:40:44          1      0,00      0,00      0,00      0,00      0,00      0,00      0,00      0,00      0,00    100,00
23:40:44          2      0,00      0,00      0,00      0,00      0,00      0,00      0,00      0,00      0,00    100,00
23:40:44          3      0,00      0,00      0,00      0,00      0,00      0,00      0,00      0,00      0,00    100,00

23:40:44        CPU      %usr     %nice      %sys   %iowait    %steal      %irq     %soft    %guest    %gnice     %idle
23:40:45        all     10,80      0,00      3,77      0,00      0,00      0,75      1,26      0,00      0,00     83,42
23:40:45          0     11,88      0,00      3,96      0,00      0,00      0,00      0,00      0,00      0,00     84,16
23:40:45          1      8,25      0,00      4,12      0,00      0,00      0,00      0,00      0,00      0,00     87,63
23:40:45          2     10,20      0,00      3,06      0,00      0,00      0,00      0,00      0,00      0,00     86,73
23:40:45          3     12,75      0,00      3,92      0,00      0,00      2,94      4,90      0,00      0,00     75,49

23:40:45        CPU      %usr     %nice      %sys   %iowait    %steal      %irq     %soft    %guest    %gnice     %idle
23:40:46        all     12,53      0,00      4,60      0,00      0,00      0,77      1,28      0,00      0,00     80,82
23:40:46          0     12,12      0,00      5,05      0,00      0,00      0,00      0,00      0,00      0,00     82,83
23:40:46          1     13,40      0,00      3,09      0,00      0,00      0,00      0,00      0,00      0,00     83,51
23:40:46          2     12,12      0,00      5,05      0,00      0,00      0,00      0,00      0,00      0,00     82,83
23:40:46          3     12,50      0,00      5,21      0,00      0,00      3,12      5,21      0,00      0,00     73,96

23:40:46        CPU      %usr     %nice      %sys   %iowait    %steal      %irq     %soft    %guest    %gnice     %idle
23:40:47        all     11,62      0,00      5,56      0,51      0,00      1,26      1,26      0,00      0,00     79,80
23:40:47          0     10,42      0,00      4,17      0,00      0,00      0,00      0,00      0,00      0,00     85,42
23:40:47          1     12,00      0,00      6,00      0,00      0,00      0,00      0,00      0,00      0,00     82,00
23:40:47          2     12,00      0,00      5,00      0,00      0,00      1,00      0,00      0,00      0,00     82,00
23:40:47          3     12,00      0,00      7,00      2,00      0,00      4,00      5,00      0,00      0,00     70,00

23:40:47        CPU      %usr     %nice      %sys   %iowait    %steal      %irq     %soft    %guest    %gnice     %idle
23:40:48        all     17,97      0,00      8,86      0,00      0,00      1,01      1,77      0,00      0,00     70,38
23:40:48          0     18,18      0,00      9,09      0,00      0,00      0,00      0,00      0,00      0,00     72,73
23:40:48          1     18,37      0,00      8,16      0,00      0,00      0,00      0,00      0,00      0,00     73,47
23:40:48          2     21,00      0,00      7,00      0,00      0,00      0,00      0,00      0,00      0,00     72,00
23:40:48          3     14,29      0,00     11,22      0,00      0,00      4,08      7,14      0,00      0,00     63,27

23:40:48        CPU      %usr     %nice      %sys   %iowait    %steal      %irq     %soft    %guest    %gnice     %idle
23:40:49        all      0,25      0,00      0,25      0,00      0,00      0,00      0,25      0,00      0,00     99,25
23:40:49          0      0,99      0,00      0,99      0,00      0,00      0,00      0,00      0,00      0,00     98,02
23:40:49          1      0,00      0,00      0,00      0,00      0,00      0,00      0,00      0,00      0,00    100,00
23:40:49          2      0,00      0,00      0,00      0,00      0,00      0,00      0,00      0,00      0,00    100,00
23:40:49          3      0,00      0,00      0,00      0,00      0,00      0,00      1,00      0,00      0,00     99,00

23:40:49        CPU      %usr     %nice      %sys   %iowait    %steal      %irq     %soft    %guest    %gnice     %idle
23:40:50        all     26,61      0,00     13,44      0,26      0,00      1,29      1,81      0,00      0,00     56,59
23:40:50          0     35,71      0,00     16,33      0,00      0,00      1,02      0,00      0,00      0,00     46,94
23:40:50          1     22,11      0,00     10,53      1,05      0,00      0,00      1,05      0,00      0,00     65,26
23:40:50          2     24,74      0,00     14,43      0,00      0,00      0,00      0,00      0,00      0,00     60,82
23:40:50          3     23,71      0,00     12,37      0,00      0,00      4,12      6,19      0,00      0,00     53,61

23:40:50        CPU      %usr     %nice      %sys   %iowait    %steal      %irq     %soft    %guest    %gnice     %idle
23:40:51        all     26,37      0,00     15,93      0,00      0,00      1,83      1,83      0,00      0,00     54,05
23:40:51          0     31,58      0,00     23,16      0,00      0,00      0,00      0,00      0,00      0,00     45,26
23:40:51          1     26,80      0,00     14,43      0,00      0,00      1,03      0,00      0,00      0,00     57,73
23:40:51          2     22,92      0,00     12,50      0,00      0,00      0,00      0,00      0,00      0,00     64,58
23:40:51          3     24,21      0,00     13,68      0,00      0,00      6,32      7,37      0,00      0,00     48,42

23:40:51        CPU      %usr     %nice      %sys   %iowait    %steal      %irq     %soft    %guest    %gnice     %idle
23:40:52        all     25,84      0,00     11,89      0,00      0,00      1,03      1,55      0,00      0,00     59,69
23:40:52          0     26,80      0,00     11,34      0,00      0,00      0,00      0,00      0,00      0,00     61,86
23:40:52          1     26,80      0,00     10,31      0,00      0,00      0,00      0,00      0,00      0,00     62,89
23:40:52          2     26,04      0,00     11,46      0,00      0,00      1,04      0,00      0,00      0,00     61,46
23:40:52          3     23,71      0,00     14,43      0,00      0,00      3,09      6,19      0,00      0,00     52,58

23:40:52        CPU      %usr     %nice      %sys   %iowait    %steal      %irq     %soft    %guest    %gnice     %idle
23:40:53        all      9,34      0,00      4,80      0,00      0,00      0,51      0,76      0,00      0,00     84,60
23:40:53          0     10,10      0,00      5,05      0,00      0,00      0,00      0,00      0,00      0,00     84,85
23:40:53          1      9,09      0,00      5,05      0,00      0,00      0,00      0,00      0,00      0,00     85,86
23:40:53          2      6,06      0,00      5,05      0,00      0,00      0,00      0,00      0,00      0,00     88,89
23:40:53          3     12,12      0,00      4,04      0,00      0,00      2,02      3,03      0,00      0,00     78,79

23:40:53        CPU      %usr     %nice      %sys   %iowait    %steal      %irq     %soft    %guest    %gnice     %idle
23:40:54        all      7,59      0,00      3,29      0,00      0,00      0,25      0,51      0,00      0,00     88,35
23:40:54          0      8,08      0,00      3,03      0,00      0,00      0,00      0,00      0,00      0,00     88,89
23:40:54          1      7,07      0,00      4,04      0,00      0,00      0,00      0,00      0,00      0,00     88,89
23:40:54          2      7,14      0,00      2,04      0,00      0,00      0,00      0,00      0,00      0,00     90,82
23:40:54          3      8,08      0,00      4,04      0,00      0,00      1,01      2,02      0,00      0,00     84,85

23:40:54        CPU      %usr     %nice      %sys   %iowait    %steal      %irq     %soft    %guest    %gnice     %idle
23:40:55        all     11,36      0,00      4,80      0,00      0,00      0,25      0,76      0,00      0,00     82,83
23:40:55          0     10,20      0,00      5,10      0,00      0,00      0,00      0,00      0,00      0,00     84,69
23:40:55          1     11,11      0,00      5,05      0,00      0,00      0,00      0,00      0,00      0,00     83,84
23:40:55          2     10,10      0,00      4,04      0,00      0,00      0,00      0,00      0,00      0,00     85,86
23:40:55          3     14,00      0,00      5,00      0,00      0,00      1,00      3,00      0,00      0,00     77,00

23:40:55        CPU      %usr     %nice      %sys   %iowait    %steal      %irq     %soft    %guest    %gnice     %idle
23:40:56        all     11,14      0,00      5,57      0,00      0,00      0,76      1,01      0,00      0,00     81,52
23:40:56          0     10,89      0,00      5,94      0,00      0,00      0,99      0,99      0,00      0,00     81,19
23:40:56          1     11,11      0,00      5,05      0,00      0,00      0,00      0,00      0,00      0,00     83,84
23:40:56          2     10,10      0,00      6,06      0,00      0,00      0,00      0,00      0,00      0,00     83,84
23:40:56          3     12,50      0,00      5,21      0,00      0,00      2,08      3,12      0,00      0,00     77,08

23:40:56        CPU      %usr     %nice      %sys   %iowait    %steal      %irq     %soft    %guest    %gnice     %idle
23:40:57        all     18,75      0,00      9,38      0,00      0,00      1,04      1,56      0,00      0,00     69,27
23:40:57          0     18,95      0,00      8,42      0,00      0,00      0,00      0,00      0,00      0,00     72,63
23:40:57          1     18,56      0,00      9,28      0,00      0,00      1,03      0,00      0,00      0,00     71,13
23:40:57          2     17,02      0,00      8,51      0,00      0,00      0,00      0,00      0,00      0,00     74,47
23:40:57          3     20,41      0,00     11,22      0,00      0,00      3,06      6,12      0,00      0,00     59,18

23:40:57        CPU      %usr     %nice      %sys   %iowait    %steal      %irq     %soft    %guest    %gnice     %idle
23:40:58        all     11,25      0,00      4,60      0,00      0,00      0,51      0,77      0,00      0,00     82,86
23:40:58          0     12,37      0,00      4,12      0,00      0,00      0,00      0,00      0,00      0,00     83,51
23:40:58          1     11,22      0,00      4,08      0,00      0,00      0,00      0,00      0,00      0,00     84,69
23:40:58          2      8,16      0,00      5,10      0,00      0,00      0,00      0,00      0,00      0,00     86,73
23:40:58          3     13,27      0,00      5,10      0,00      0,00      2,04      3,06      0,00      0,00     76,53

23:40:58        CPU      %usr     %nice      %sys   %iowait    %steal      %irq     %soft    %guest    %gnice     %idle
23:40:59        all      8,61      0,00      3,29      0,25      0,00      0,25      0,51      0,00      0,00     87,09
23:40:59          0      8,16      0,00      3,06      0,00      0,00      0,00      0,00      0,00      0,00     88,78
23:40:59          1      9,09      0,00      2,02      1,01      0,00      0,00      0,00      0,00      0,00     87,88
23:40:59          2      8,00      0,00      4,00      0,00      0,00      0,00      0,00      0,00      0,00     88,00
23:40:59          3      9,18      0,00      4,08      0,00      0,00      1,02      2,04      0,00      0,00     83,67

23:40:59        CPU      %usr     %nice      %sys   %iowait    %steal      %irq     %soft    %guest    %gnice     %idle
23:41:00        all      9,87      0,00      4,30      0,00      0,00      0,76      1,01      0,00      0,00     84,05
23:41:00          0     10,20      0,00      4,08      0,00      0,00      0,00      0,00      0,00      0,00     85,71
23:41:00          1      9,09      0,00      5,05      0,00      0,00      0,00      0,00      0,00      0,00     85,86
23:41:00          2     10,00      0,00      4,00      0,00      0,00      1,00      0,00      0,00      0,00     85,00
23:41:00          3     10,20      0,00      4,08      0,00      0,00      2,04      4,08      0,00      0,00     79,59

23:41:00        CPU      %usr     %nice      %sys   %iowait    %steal      %irq     %soft    %guest    %gnice     %idle
23:41:01        all      9,61      0,00      4,42      0,00      0,00      0,52      0,78      0,00      0,00     84,68
23:41:01          0      9,47      0,00      4,21      0,00      0,00      0,00      0,00      0,00      0,00     86,32
23:41:01          1     10,42      0,00      3,12      0,00      0,00      0,00      0,00      0,00      0,00     86,46
23:41:01          2      7,14      0,00      5,10      0,00      0,00      0,00      0,00      0,00      0,00     87,76
23:41:01          3     11,46      0,00      5,21      0,00      0,00      2,08      3,12      0,00      0,00     78,12

23:41:01        CPU      %usr     %nice      %sys   %iowait    %steal      %irq     %soft    %guest    %gnice     %idle
23:41:02        all     30,41      0,00     13,40      0,00      0,00      0,77      1,55      0,00      0,00     53,87
23:41:02          0     46,94      0,00     20,41      0,00      0,00      1,02      0,00      0,00      0,00     31,63
23:41:02          1     22,68      0,00     11,34      0,00      0,00      0,00      0,00      0,00      0,00     65,98
23:41:02          2     24,24      0,00     11,11      0,00      0,00      0,00      1,01      0,00      0,00     63,64
23:41:02          3     27,66      0,00     10,64      0,00      0,00      2,13      5,32      0,00      0,00     54,26

23:41:02        CPU      %usr     %nice      %sys   %iowait    %steal      %irq     %soft    %guest    %gnice     %idle
23:41:03        all     14,57      0,00      7,79      1,76      0,00      1,01      1,01      0,00      0,00     73,87
23:41:03          0     14,85      0,00      7,92      0,00      0,00      0,00      0,00      0,00      0,00     77,23
23:41:03          1     12,24      0,00      7,14      4,08      0,00      1,02      0,00      0,00      0,00     75,51
23:41:03          2     18,00      0,00      8,00      1,00      0,00      0,00      0,00      0,00      0,00     73,00
23:41:03          3     13,13      0,00      8,08      2,02      0,00      3,03      4,04      0,00      0,00     69,70

23:41:03        CPU      %usr     %nice      %sys   %iowait    %steal      %irq     %soft    %guest    %gnice     %idle
23:41:04        all     20,73      0,00     10,36      0,00      0,00      1,04      1,55      0,00      0,00     66,32
23:41:04          0     21,88      0,00     10,42      0,00      0,00      0,00      0,00      0,00      0,00     67,71
23:41:04          1     21,43      0,00      9,18      0,00      0,00      0,00      0,00      0,00      0,00     69,39
23:41:04          2     18,95      0,00      9,47      0,00      0,00      0,00      0,00      0,00      0,00     71,58
23:41:04          3     20,62      0,00     12,37      0,00      0,00      4,12      6,19      0,00      0,00     56,70

23:41:04        CPU      %usr     %nice      %sys   %iowait    %steal      %irq     %soft    %guest    %gnice     %idle
23:41:05        all     14,18      0,00      7,59      0,00      0,00      1,01      1,27      0,00      0,00     75,95
23:41:05          0     14,29      0,00      7,14      0,00      0,00      0,00      0,00      0,00      0,00     78,57
23:41:05          1     15,15      0,00      6,06      0,00      0,00      0,00      0,00      0,00      0,00     78,79
23:41:05          2     13,13      0,00      8,08      0,00      0,00      1,01      0,00      0,00      0,00     77,78
23:41:05          3     14,14      0,00      9,09      0,00      0,00      3,03      5,05      0,00      0,00     68,69

23:41:05        CPU      %usr     %nice      %sys   %iowait    %steal      %irq     %soft    %guest    %gnice     %idle
23:41:06        all     18,00      0,00      9,00      0,00      0,00      0,75      1,50      0,00      0,00     70,75
23:41:06          0     19,80      0,00      8,91      0,00      0,00      0,00      0,00      0,00      0,00     71,29
23:41:06          1     17,17      0,00      8,08      0,00      0,00      0,00      1,01      0,00      0,00     73,74
23:41:06          2     18,63      0,00      7,84      0,00      0,00      0,00      0,00      0,00      0,00     73,53
23:41:06          3     16,33      0,00     11,22      0,00      0,00      3,06      5,10      0,00      0,00     64,29

23:41:06        CPU      %usr     %nice      %sys   %iowait    %steal      %irq     %soft    %guest    %gnice     %idle
23:41:07        all     17,88      0,00      9,59      0,26      0,00      1,30      1,55      0,00      0,00     69,43
23:41:07          0     18,75      0,00      9,38      0,00      0,00      0,00      0,00      0,00      0,00     71,88
23:41:07          1     18,37      0,00      8,16      1,02      0,00      0,00      0,00      0,00      0,00     72,45
23:41:07          2     17,71      0,00      8,33      0,00      0,00      0,00      0,00      0,00      0,00     73,96
23:41:07          3     16,67      0,00     12,50      0,00      0,00      5,21      6,25      0,00      0,00     59,38

23:41:07        CPU      %usr     %nice      %sys   %iowait    %steal      %irq     %soft    %guest    %gnice     %idle
23:41:08        all     22,08      0,00     10,66      0,00      0,00      1,52      1,52      0,00      0,00     64,21
23:41:08          0     22,45      0,00     10,20      0,00      0,00      1,02      0,00      0,00      0,00     66,33
23:41:08          1     20,41      0,00     10,20      0,00      0,00      1,02      0,00      0,00      0,00     68,37
23:41:08          2     22,68      0,00      8,25      0,00      0,00      0,00      0,00      0,00      0,00     69,07
23:41:08          3     22,77      0,00     13,86      0,00      0,00      3,96      5,94      0,00      0,00     53,47

23:41:08        CPU      %usr     %nice      %sys   %iowait    %steal      %irq     %soft    %guest    %gnice     %idle
23:41:09        all     20,00      0,00      9,74      0,00      0,00      1,03      1,79      0,00      0,00     67,44
23:41:09          0     22,77      0,00      8,91      0,00      0,00      0,00      0,00      0,00      0,00     68,32
23:41:09          1     20,00      0,00      8,42      0,00      0,00      0,00      0,00      0,00      0,00     71,58
23:41:09          2     17,53      0,00     10,31      0,00      0,00      0,00      0,00      0,00      0,00     72,16
23:41:09          3     19,59      0,00     11,34      0,00      0,00      4,12      7,22      0,00      0,00     57,73

23:41:09        CPU      %usr     %nice      %sys   %iowait    %steal      %irq     %soft    %guest    %gnice     %idle
23:41:10        all     16,54      0,00      8,27      0,00      0,00      1,03      1,29      0,00      0,00     72,87
23:41:10          0     16,84      0,00      7,37      0,00      0,00      0,00      0,00      0,00      0,00     75,79
23:41:10          1     15,62      0,00      8,33      0,00      0,00      0,00      0,00      0,00      0,00     76,04
23:41:10          2     15,31      0,00      8,16      0,00      0,00      0,00      0,00      0,00      0,00     76,53
23:41:10          3     18,37      0,00      9,18      0,00      0,00      4,08      5,10      0,00      0,00     63,27

23:41:10        CPU      %usr     %nice      %sys   %iowait    %steal      %irq     %soft    %guest    %gnice     %idle
23:41:11        all     16,41      0,00      7,18      0,00      0,00      1,03      1,28      0,00      0,00     74,10
23:41:11          0     18,37      0,00      7,14      0,00      0,00      0,00      0,00      0,00      0,00     74,49
23:41:11          1     14,58      0,00      6,25      0,00      0,00      0,00      0,00      0,00      0,00     79,17
23:41:11          2     15,46      0,00      6,19      0,00      0,00      1,03      0,00      0,00      0,00     77,32
23:41:11          3     17,17      0,00      9,09      0,00      0,00      3,03      5,05      0,00      0,00     65,66

23:41:11        CPU      %usr     %nice      %sys   %iowait    %steal      %irq     %soft    %guest    %gnice     %idle
23:41:12        all     18,09      0,00      8,53      0,00      0,00      1,03      1,55      0,00      0,00     70,80
23:41:12          0     18,37      0,00      8,16      0,00      0,00      0,00      1,02      0,00      0,00     72,45
23:41:12          1     19,59      0,00      7,22      0,00      0,00      0,00      0,00      0,00      0,00     73,20
23:41:12          2     15,46      0,00      9,28      0,00      0,00      0,00      0,00      0,00      0,00     75,26
23:41:12          3     18,95      0,00      9,47      0,00      0,00      4,21      5,26      0,00      0,00     62,11

23:41:12        CPU      %usr     %nice      %sys   %iowait    %steal      %irq     %soft    %guest    %gnice     %idle
23:41:13        all     17,26      0,00     10,15      0,51      0,00      1,52      1,52      0,00      0,00     69,04
23:41:13          0     17,53      0,00     14,43      0,00      0,00      1,03      0,00      0,00      0,00     67,01
23:41:13          1     16,33      0,00      8,16      2,04      0,00      0,00      0,00      0,00      0,00     73,47
23:41:13          2     17,00      0,00      8,00      0,00      0,00      0,00      0,00      0,00      0,00     75,00
23:41:13          3     18,18      0,00     10,10      0,00      0,00      5,05      6,06      0,00      0,00     60,61

23:41:13        CPU      %usr     %nice      %sys   %iowait    %steal      %irq     %soft    %guest    %gnice     %idle
23:41:14        all     11,34      0,00      5,29      0,00      0,00      0,76      1,01      0,00      0,00     81,61
23:41:14          0     13,00      0,00      4,00      0,00      0,00      0,00      0,00      0,00      0,00     83,00
23:41:14          1     12,00      0,00      5,00      0,00      0,00      0,00      0,00      0,00      0,00     83,00
23:41:14          2     10,20      0,00      5,10      0,00      0,00      0,00      0,00      0,00      0,00     84,69
23:41:14          3     10,10      0,00      7,07      0,00      0,00      3,03      4,04      0,00      0,00     75,76

23:41:14        CPU      %usr     %nice      %sys   %iowait    %steal      %irq     %soft    %guest    %gnice     %idle
23:41:15        all     26,14      0,00     12,94      0,00      0,00      1,27      2,03      0,00      0,00     57,61
23:41:15          0     28,28      0,00     11,11      0,00      0,00      0,00      0,00      0,00      0,00     60,61
23:41:15          1     23,71      0,00     13,40      0,00      0,00      1,03      0,00      0,00      0,00     61,86
23:41:15          2     27,27      0,00     11,11      0,00      0,00      0,00      0,00      0,00      0,00     61,62
23:41:15          3     25,25      0,00     16,16      0,00      0,00      4,04      8,08      0,00      0,00     46,46

23:41:15        CPU      %usr     %nice      %sys   %iowait    %steal      %irq     %soft    %guest    %gnice     %idle
23:41:16        all     25,26      0,00     11,86      0,00      0,00      1,55      1,80      0,00      0,00     59,54
23:41:16          0     23,40      0,00     11,70      0,00      0,00      0,00      0,00      0,00      0,00     64,89
23:41:16          1     26,26      0,00     11,11      0,00      0,00      0,00      0,00      0,00      0,00     62,63
23:41:16          2     25,77      0,00     10,31      0,00      0,00      1,03      0,00      0,00      0,00     62,89
23:41:16          3     25,51      0,00     14,29      0,00      0,00      5,10      7,14      0,00      0,00     47,96

23:41:16        CPU      %usr     %nice      %sys   %iowait    %steal      %irq     %soft    %guest    %gnice     %idle
23:41:17        all     22,88      0,00     11,83      0,00      0,00      1,54      2,06      0,00      0,00     61,70
23:41:17          0     24,49      0,00     11,22      0,00      0,00      1,02      0,00      0,00      0,00     63,27
23:41:17          1     24,74      0,00     10,31      0,00      0,00      0,00      0,00      0,00      0,00     64,95
23:41:17          2     21,88      0,00     10,42      0,00      0,00      0,00      0,00      0,00      0,00     67,71
23:41:17          3     20,41      0,00     15,31      0,00      0,00      5,10      8,16      0,00      0,00     51,02

23:41:17        CPU      %usr     %nice      %sys   %iowait    %steal      %irq     %soft    %guest    %gnice     %idle
23:41:18        all     26,49      0,00     13,25      0,00      0,00      1,30      2,08      0,00      0,00     56,88
23:41:18          0     26,32      0,00     13,68      0,00      0,00      0,00      0,00      0,00      0,00     60,00
23:41:18          1     27,84      0,00     11,34      0,00      0,00      0,00      0,00      0,00      0,00     60,82
23:41:18          2     27,08      0,00     11,46      0,00      0,00      0,00      0,00      0,00      0,00     61,46
23:41:18          3     24,74      0,00     16,49      0,00      0,00      5,15      8,25      0,00      0,00     45,36

23:41:18        CPU      %usr     %nice      %sys   %iowait    %steal      %irq     %soft    %guest    %gnice     %idle
23:41:19        all     21,72      0,00      9,85      0,00      0,00      1,26      1,77      0,00      0,00     65,40
23:41:19          0     20,62      0,00     10,31      0,00      0,00      0,00      0,00      0,00      0,00     69,07
23:41:19          1     21,43      0,00      9,18      0,00      0,00      1,02      0,00      0,00      0,00     68,37
23:41:19          2     22,77      0,00      8,91      0,00      0,00      0,00      0,99      0,00      0,00     67,33
23:41:19          3     22,00      0,00     11,00      0,00      0,00      4,00      6,00      0,00      0,00     57,00

23:41:19        CPU      %usr     %nice      %sys   %iowait    %steal      %irq     %soft    %guest    %gnice     %idle
23:41:20        all     12,82      0,00      5,90      0,00      0,00      0,51      1,03      0,00      0,00     79,74
23:41:20          0     13,27      0,00      6,12      0,00      0,00      0,00      0,00      0,00      0,00     80,61
23:41:20          1     14,29      0,00      5,10      0,00      0,00      0,00      0,00      0,00      0,00     80,61
23:41:20          2     11,34      0,00      5,15      0,00      0,00      0,00      0,00      0,00      0,00     83,51
23:41:20          3     12,37      0,00      7,22      0,00      0,00      2,06      4,12      0,00      0,00     74,23

23:41:20        CPU      %usr     %nice      %sys   %iowait    %steal      %irq     %soft    %guest    %gnice     %idle
23:41:21        all     11,45      0,00      4,83      0,00      0,00      0,51      0,76      0,00      0,00     82,44
23:41:21          0     11,11      0,00      6,06      0,00      0,00      0,00      0,00      0,00      0,00     82,83
23:41:21          1     10,20      0,00      5,10      0,00      0,00      0,00      0,00      0,00      0,00     84,69
23:41:21          2      9,09      0,00      3,03      0,00      0,00      1,01      0,00      0,00      0,00     86,87
23:41:21          3     15,46      0,00      5,15      0,00      0,00      1,03      3,09      0,00      0,00     75,26

23:41:21        CPU      %usr     %nice      %sys   %iowait    %steal      %irq     %soft    %guest    %gnice     %idle
23:41:22        all     11,14      0,00      4,56      0,00      0,00      0,76      1,01      0,00      0,00     82,53
23:41:22          0     12,12      0,00      4,04      0,00      0,00      1,01      0,00      0,00      0,00     82,83
23:41:22          1     10,20      0,00      4,08      0,00      0,00      0,00      0,00      0,00      0,00     85,71
23:41:22          2     10,10      0,00      4,04      0,00      0,00      0,00      0,00      0,00      0,00     85,86
23:41:22          3     12,12      0,00      6,06      0,00      0,00      2,02      4,04      0,00      0,00     75,76

23:41:22        CPU      %usr     %nice      %sys   %iowait    %steal      %irq     %soft    %guest    %gnice     %idle
23:41:23        all     11,48      0,00      5,87      0,26      0,00      0,51      1,02      0,00      0,00     80,87
23:41:23          0     11,22      0,00      6,12      0,00      0,00      0,00      0,00      0,00      0,00     82,65
23:41:23          1     10,20      0,00      6,12      1,02      0,00      0,00      0,00      0,00      0,00     82,65
23:41:23          2     10,10      0,00      6,06      0,00      0,00      0,00      0,00      0,00      0,00     83,84
23:41:23          3     14,43      0,00      5,15      0,00      0,00      2,06      4,12      0,00      0,00     74,23

23:41:23        CPU      %usr     %nice      %sys   %iowait    %steal      %irq     %soft    %guest    %gnice     %idle
23:41:24        all     13,30      0,00      5,12      0,00      0,00      0,51      1,02      0,00      0,00     80,05
23:41:24          0     13,40      0,00      5,15      0,00      0,00      0,00      0,00      0,00      0,00     81,44
23:41:24          1     12,37      0,00      4,12      0,00      0,00      0,00      1,03      0,00      0,00     82,47
23:41:24          2     12,24      0,00      5,10      0,00      0,00      0,00      0,00      0,00      0,00     82,65
23:41:24          3     15,15      0,00      6,06      0,00      0,00      2,02      3,03      0,00      0,00     73,74

23:41:24        CPU      %usr     %nice      %sys   %iowait    %steal      %irq     %soft    %guest    %gnice     %idle
23:41:25        all     14,03      0,00      7,91      0,00      0,00      1,02      1,28      0,00      0,00     75,77
23:41:25          0     14,14      0,00      9,09      0,00      0,00      0,00      0,00      0,00      0,00     76,77
23:41:25          1     13,40      0,00      7,22      0,00      0,00      0,00      0,00      0,00      0,00     79,38
23:41:25          2     13,40      0,00      6,19      0,00      0,00      0,00      0,00      0,00      0,00     80,41
23:41:25          3     15,15      0,00      9,09      0,00      0,00      4,04      5,05      0,00      0,00     66,67

23:41:25        CPU      %usr     %nice      %sys   %iowait    %steal      %irq     %soft    %guest    %gnice     %idle
23:41:26        all     10,75      0,00      4,75      0,00      0,00      1,00      1,25      0,00      0,00     82,25
23:41:26          0     10,10      0,00      5,05      0,00      0,00      0,00      0,00      0,00      0,00     84,85
23:41:26          1     11,76      0,00      3,92      0,00      0,00      0,98      0,00      0,00      0,00     83,33
23:41:26          2     11,00      0,00      5,00      0,00      0,00      0,00      0,00      0,00      0,00     84,00
23:41:26          3     10,10      0,00      5,05      0,00      0,00      3,03      5,05      0,00      0,00     76,77

23:41:26        CPU      %usr     %nice      %sys   %iowait    %steal      %irq     %soft    %guest    %gnice     %idle
23:41:27        all     10,41      0,00      5,08      0,00      0,00      0,76      1,02      0,00      0,00     82,74
23:41:27          0     10,89      0,00      5,94      0,00      0,00      0,00      0,00      0,00      0,00     83,17
23:41:27          1     10,31      0,00      4,12      0,00      0,00      0,00      0,00      0,00      0,00     85,57
23:41:27          2     10,20      0,00      4,08      0,00      0,00      0,00      0,00      0,00      0,00     85,71
23:41:27          3     10,20      0,00      6,12      0,00      0,00      3,06      4,08      0,00      0,00     76,53

23:41:27        CPU      %usr     %nice      %sys   %iowait    %steal      %irq     %soft    %guest    %gnice     %idle
23:41:28        all     16,88      0,00      7,16      0,00      0,00      1,28      1,79      0,00      0,00     72,89
23:41:28          0     17,53      0,00      6,19      0,00      0,00      0,00      0,00      0,00      0,00     76,29
23:41:28          1     15,46      0,00      7,22      0,00      0,00      0,00      0,00      0,00      0,00     77,32
23:41:28          2     17,35      0,00      6,12      0,00      0,00      0,00      0,00      0,00      0,00     76,53
23:41:28          3     17,17      0,00      9,09      0,00      0,00      5,05      7,07      0,00      0,00     61,62

23:41:28        CPU      %usr     %nice      %sys   %iowait    %steal      %irq     %soft    %guest    %gnice     %idle
23:41:29        all     14,90      0,00      5,56      0,00      0,00      1,52      1,52      0,00      0,00     76,52
23:41:29          0     13,13      0,00      6,06      0,00      0,00      1,01      0,00      0,00      0,00     79,80
23:41:29          1     14,43      0,00      5,15      0,00      0,00      0,00      0,00      0,00      0,00     80,41
23:41:29          2     16,00      0,00      5,00      0,00      0,00      1,00      0,00      0,00      0,00     78,00
23:41:29          3     16,00      0,00      6,00      0,00      0,00      4,00      6,00      0,00      0,00     68,00

23:41:29        CPU      %usr     %nice      %sys   %iowait    %steal      %irq     %soft    %guest    %gnice     %idle
23:41:30        all     12,47      0,00      4,58      0,00      0,00      0,51      1,27      0,00      0,00     81,17
23:41:30          0     11,46      0,00      4,17      0,00      0,00      0,00      0,00      0,00      0,00     84,38
23:41:30          1     12,12      0,00      5,05      0,00      0,00      0,00      0,00      0,00      0,00     82,83
23:41:30          2     13,13      0,00      4,04      0,00      0,00      0,00      0,00      0,00      0,00     82,83
23:41:30          3     13,13      0,00      5,05      0,00      0,00      2,02      5,05      0,00      0,00     74,75

23:41:30        CPU      %usr     %nice      %sys   %iowait    %steal      %irq     %soft    %guest    %gnice     %idle
23:41:31        all     15,09      0,00      7,16      0,26      0,00      1,02      1,02      0,00      0,00     75,45
23:41:31          0     16,16      0,00      7,07      0,00      0,00      0,00      0,00      0,00      0,00     76,77
23:41:31          1     15,46      0,00      6,19      1,03      0,00      0,00      0,00      0,00      0,00     77,32
23:41:31          2     15,31      0,00      6,12      0,00      0,00      0,00      0,00      0,00      0,00     78,57
23:41:31          3     13,40      0,00      9,28      0,00      0,00      4,12      4,12      0,00      0,00     69,07

23:41:31        CPU      %usr     %nice      %sys   %iowait    %steal      %irq     %soft    %guest    %gnice     %idle
23:41:32        all     15,83      0,00      8,79      0,00      0,00      0,50      1,26      0,00      0,00     73,62
23:41:32          0     22,00      0,00     11,00      0,00      0,00      0,00      1,00      0,00      0,00     66,00
23:41:32          1     14,14      0,00      9,09      0,00      0,00      0,00      0,00      0,00      0,00     76,77
23:41:32          2     13,27      0,00      6,12      0,00      0,00      0,00      0,00      0,00      0,00     80,61
23:41:32          3     13,86      0,00      8,91      0,00      0,00      1,98      3,96      0,00      0,00     71,29

23:41:32        CPU      %usr     %nice      %sys   %iowait    %steal      %irq     %soft    %guest    %gnice     %idle
23:41:33        all     28,68      0,00     14,47      0,79      0,00      1,32      1,58      0,00      0,00     53,16
23:41:33          0     25,81      0,00     12,90      1,08      0,00      0,00      0,00      0,00      0,00     60,22
23:41:33          1     30,93      0,00     13,40      1,03      0,00      1,03      0,00      0,00      0,00     53,61
23:41:33          2     25,26      0,00     12,63      0,00      0,00      0,00      0,00      0,00      0,00     62,11
23:41:33          3     32,63      0,00     18,95      1,05      0,00      4,21      6,32      0,00      0,00     36,84

23:41:33        CPU      %usr     %nice      %sys   %iowait    %steal      %irq     %soft    %guest    %gnice     %idle
23:41:34        all     24,69      0,00     13,60      0,00      0,00      1,76      1,76      0,00      0,00     58,19
23:41:34          0     25,51      0,00     13,27      0,00      0,00      1,02      0,00      0,00      0,00     60,20
23:41:34          1     24,24      0,00     13,13      0,00      0,00      0,00      0,00      0,00      0,00     62,63
23:41:34          2     22,77      0,00     13,86      0,00      0,00      0,99      0,00      0,00      0,00     62,38
23:41:34          3     26,26      0,00     14,14      0,00      0,00      5,05      7,07      0,00      0,00     47,47

23:41:34        CPU      %usr     %nice      %sys   %iowait    %steal      %irq     %soft    %guest    %gnice     %idle
23:41:35        all     20,66      0,00     10,46      0,00      0,00      0,77      1,79      0,00      0,00     66,33
23:41:35          0     21,21      0,00     10,10      0,00      0,00      0,00      0,00      0,00      0,00     68,69
23:41:35          1     21,43      0,00      9,18      0,00      0,00      0,00      0,00      0,00      0,00     69,39
23:41:35          2     19,59      0,00     10,31      0,00      0,00      0,00      0,00      0,00      0,00     70,10
23:41:35          3     20,41      0,00     12,24      0,00      0,00      3,06      7,14      0,00      0,00     57,14

23:41:35        CPU      %usr     %nice      %sys   %iowait    %steal      %irq     %soft    %guest    %gnice     %idle
23:41:36        all     10,89      0,00      6,58      0,00      0,00      0,76      0,76      0,00      0,00     81,01
23:41:36          0     10,31      0,00     11,34      0,00      0,00      0,00      0,00      0,00      0,00     78,35
23:41:36          1     10,10      0,00      5,05      0,00      0,00      0,00      0,00      0,00      0,00     84,85
23:41:36          2      9,09      0,00      5,05      0,00      0,00      0,00      0,00      0,00      0,00     85,86
23:41:36          3     14,00      0,00      5,00      0,00      0,00      3,00      3,00      0,00      0,00     75,00

Média:         CPU      %usr     %nice      %sys   %iowait    %steal      %irq     %soft    %guest    %gnice     %idle
Média:         all     14,50      0,00      6,99      0,09      0,00      0,84      1,19      0,00      0,00     76,39
Média:           0     15,29      0,00      7,33      0,02      0,00      0,17      0,05      0,00      0,00     77,14
Média:           1     14,20      0,00      6,38      0,24      0,00      0,15      0,05      0,00      0,00     78,98
Média:           2     13,79      0,00      6,35      0,02      0,00      0,15      0,05      0,00      0,00     79,64
Média:           3     14,73      0,00      7,90      0,08      0,00      2,90      4,59      0,00      0,00     69,79
