Linux 5.14.0-503.19.1.el9_5.x86_64 (localhost.localdomain) 	15/04/2025 	_x86_64_	(4 CPU)

23:45:26        CPU      %usr     %nice      %sys   %iowait    %steal      %irq     %soft    %guest    %gnice     %idle
23:45:27        all      0,00      0,00      0,00      0,25      0,00      0,00      0,00      0,00      0,00     99,75
23:45:27          0      0,00      0,00      0,00      0,00      0,00      0,00      0,00      0,00      0,00    100,00
23:45:27          1      0,00      0,00      0,00      0,99      0,00      0,00      0,00      0,00      0,00     99,01
23:45:27          2      0,00      0,00      0,00      0,00      0,00      0,00      0,00      0,00      0,00    100,00
23:45:27          3      0,00      0,00      0,00      0,00      0,00      0,00      0,00      0,00      0,00    100,00

23:45:27        CPU      %usr     %nice      %sys   %iowait    %steal      %irq     %soft    %guest    %gnice     %idle
23:45:28        all      0,00      0,00      0,00      0,00      0,00      0,00      0,00      0,00      0,00    100,00
23:45:28          0      0,00      0,00      0,00      0,00      0,00      0,00      0,00      0,00      0,00    100,00
23:45:28          1      0,00      0,00      0,00      0,00      0,00      0,00      0,00      0,00      0,00    100,00
23:45:28          2      0,00      0,00      0,00      0,00      0,00      0,00      0,00      0,00      0,00    100,00
23:45:28          3      0,00      0,00      0,00      0,00      0,00      0,00      0,00      0,00      0,00    100,00

23:45:28        CPU      %usr     %nice      %sys   %iowait    %steal      %irq     %soft    %guest    %gnice     %idle
23:45:29        all      0,00      0,00      0,00      0,00      0,00      0,00      0,00      0,00      0,00    100,00
23:45:29          0      0,00      0,00      0,00      0,00      0,00      0,00      0,00      0,00      0,00    100,00
23:45:29          1      0,00      0,00      0,00      0,00      0,00      0,00      0,00      0,00      0,00    100,00
23:45:29          2      0,00      0,00      0,00      0,00      0,00      0,00      0,00      0,00      0,00    100,00
23:45:29          3      0,00      0,00      0,00      0,00      0,00      0,00      0,00      0,00      0,00    100,00

23:45:29        CPU      %usr     %nice      %sys   %iowait    %steal      %irq     %soft    %guest    %gnice     %idle
23:45:30        all     10,38      0,00      4,30      0,00      0,00      0,76      1,52      0,00      0,00     83,04
23:45:30          0     10,00      0,00      5,00      0,00      0,00      0,00      1,00      0,00      0,00     84,00
23:45:30          1     10,20      0,00      4,08      0,00      0,00      0,00      0,00      0,00      0,00     85,71
23:45:30          2     10,31      0,00      3,09      0,00      0,00      0,00      0,00      0,00      0,00     86,60
23:45:30          3     11,00      0,00      5,00      0,00      0,00      3,00      5,00      0,00      0,00     76,00

23:45:30        CPU      %usr     %nice      %sys   %iowait    %steal      %irq     %soft    %guest    %gnice     %idle
23:45:31        all     12,69      0,00      4,57      0,25      0,00      1,27      1,27      0,00      0,00     79,95
23:45:31          0     12,37      0,00      4,12      0,00      0,00      0,00      0,00      0,00      0,00     83,51
23:45:31          1     13,00      0,00      4,00      1,00      0,00      1,00      0,00      0,00      0,00     81,00
23:45:31          2     12,00      0,00      5,00      0,00      0,00      1,00      0,00      0,00      0,00     82,00
23:45:31          3     13,40      0,00      5,15      0,00      0,00      3,09      5,15      0,00      0,00     73,20

23:45:31        CPU      %usr     %nice      %sys   %iowait    %steal      %irq     %soft    %guest    %gnice     %idle
23:45:32        all      4,02      0,00      1,51      0,00      0,00      0,25      0,50      0,00      0,00     93,72
23:45:32          0      4,04      0,00      1,01      0,00      0,00      0,00      0,00      0,00      0,00     94,95
23:45:32          1      3,96      0,00      2,97      0,00      0,00      0,00      0,00      0,00      0,00     93,07
23:45:32          2      4,04      0,00      1,01      0,00      0,00      0,00      0,00      0,00      0,00     94,95
23:45:32          3      4,04      0,00      1,01      0,00      0,00      1,01      2,02      0,00      0,00     91,92

23:45:32        CPU      %usr     %nice      %sys   %iowait    %steal      %irq     %soft    %guest    %gnice     %idle
23:45:33        all      0,00      0,00      0,25      0,00      0,00      0,00      0,00      0,00      0,00     99,75
23:45:33          0      0,00      0,00      0,99      0,00      0,00      0,00      0,00      0,00      0,00     99,01
23:45:33          1      0,00      0,00      0,00      0,00      0,00      0,00      0,00      0,00      0,00    100,00
23:45:33          2      0,00      0,00      0,00      0,00      0,00      0,00      0,00      0,00      0,00    100,00
23:45:33          3      0,00      0,00      0,00      0,00      0,00      0,00      0,00      0,00      0,00    100,00

23:45:33        CPU      %usr     %nice      %sys   %iowait    %steal      %irq     %soft    %guest    %gnice     %idle
23:45:34        all      0,00      0,00      0,00      0,00      0,00      0,00      0,00      0,00      0,00    100,00
23:45:34          0      0,00      0,00      0,00      0,00      0,00      0,00      0,00      0,00      0,00    100,00
23:45:34          1      0,00      0,00      0,00      0,00      0,00      0,00      0,00      0,00      0,00    100,00
23:45:34          2      0,00      0,00      0,00      0,00      0,00      0,00      0,00      0,00      0,00    100,00
23:45:34          3      0,00      0,00      0,00      0,00      0,00      0,00      0,00      0,00      0,00    100,00

23:45:34        CPU      %usr     %nice      %sys   %iowait    %steal      %irq     %soft    %guest    %gnice     %idle
23:45:35        all     10,23      0,00      4,09      0,26      0,00      0,77      1,28      0,00      0,00     83,38
23:45:35          0     11,11      0,00      4,04      0,00      0,00      0,00      0,00      0,00      0,00     84,85
23:45:35          1      9,28      0,00      3,09      0,00      0,00      0,00      0,00      0,00      0,00     87,63
23:45:35          2      9,28      0,00      5,15      1,03      0,00      0,00      0,00      0,00      0,00     84,54
23:45:35          3     11,22      0,00      4,08      0,00      0,00      3,06      5,10      0,00      0,00     76,53

23:45:35        CPU      %usr     %nice      %sys   %iowait    %steal      %irq     %soft    %guest    %gnice     %idle
23:45:36        all     18,70      0,00      8,83      0,00      0,00      0,52      0,78      0,00      0,00     71,17
23:45:36          0     13,83      0,00      5,32      0,00      0,00      0,00      0,00      0,00      0,00     80,85
23:45:36          1     16,67      0,00      8,33      0,00      0,00      0,00      0,00      0,00      0,00     75,00
23:45:36          2     18,75      0,00      8,33      0,00      0,00      0,00      0,00      0,00      0,00     72,92
23:45:36          3     25,25      0,00     13,13      0,00      0,00      2,02      3,03      0,00      0,00     56,57

23:45:36        CPU      %usr     %nice      %sys   %iowait    %steal      %irq     %soft    %guest    %gnice     %idle
23:45:37        all     30,21      0,00     14,06      0,00      0,00      0,78      1,30      0,00      0,00     53,65
23:45:37          0     27,08      0,00     13,54      0,00      0,00      1,04      0,00      0,00      0,00     58,33
23:45:37          1     26,32      0,00     11,58      0,00      0,00      0,00      0,00      0,00      0,00     62,11
23:45:37          2     29,47      0,00     11,58      0,00      0,00      0,00      0,00      0,00      0,00     58,95
23:45:37          3     37,76      0,00     19,39      0,00      0,00      2,04      5,10      0,00      0,00     35,71

23:45:37        CPU      %usr     %nice      %sys   %iowait    %steal      %irq     %soft    %guest    %gnice     %idle
23:45:38        all      0,25      0,00      0,25      0,00      0,00      0,00      0,00      0,00      0,00     99,50
23:45:38          0      0,00      0,00      0,00      0,00      0,00      0,00      0,00      0,00      0,00    100,00
23:45:38          1      0,00      0,00      0,00      0,00      0,00      0,00      0,00      0,00      0,00    100,00
23:45:38          2      0,00      0,00      1,00      0,00      0,00      0,00      0,00      0,00      0,00     99,00
23:45:38          3      0,99      0,00      0,00      0,00      0,00      0,00      0,00      0,00      0,00     99,01

23:45:38        CPU      %usr     %nice      %sys   %iowait    %steal      %irq     %soft    %guest    %gnice     %idle
23:45:39        all      0,25      0,00      0,00      0,25      0,00      0,00      0,00      0,00      0,00     99,50
23:45:39          0      0,00      0,00      0,00      0,00      0,00      0,00      0,00      0,00      0,00    100,00
23:45:39          1      0,99      0,00      0,00      0,99      0,00      0,00      0,00      0,00      0,00     98,02
23:45:39          2      0,00      0,00      0,00      0,00      0,00      0,00      0,00      0,00      0,00    100,00
23:45:39          3      0,00      0,00      0,00      0,00      0,00      0,00      0,00      0,00      0,00    100,00

23:45:39        CPU      %usr     %nice      %sys   %iowait    %steal      %irq     %soft    %guest    %gnice     %idle
23:45:40        all      8,70      0,00      4,35      0,00      0,00      1,02      1,28      0,00      0,00     84,65
23:45:40          0      9,18      0,00      4,08      0,00      0,00      0,00      0,00      0,00      0,00     86,73
23:45:40          1      8,25      0,00      4,12      0,00      0,00      0,00      0,00      0,00      0,00     87,63
23:45:40          2      8,25      0,00      3,09      0,00      0,00      1,03      0,00      0,00      0,00     87,63
23:45:40          3      9,09      0,00      6,06      0,00      0,00      3,03      5,05      0,00      0,00     76,77

23:45:40        CPU      %usr     %nice      %sys   %iowait    %steal      %irq     %soft    %guest    %gnice     %idle
23:45:41        all      7,81      0,00      3,02      0,00      0,00      0,50      1,01      0,00      0,00     87,66
23:45:41          0      8,91      0,00      2,97      0,00      0,00      0,00      0,00      0,00      0,00     88,12
23:45:41          1      7,07      0,00      3,03      0,00      0,00      0,00      0,00      0,00      0,00     89,90
23:45:41          2      7,07      0,00      3,03      0,00      0,00      0,00      0,00      0,00      0,00     89,90
23:45:41          3      8,16      0,00      3,06      0,00      0,00      2,04      4,08      0,00      0,00     82,65

23:45:41        CPU      %usr     %nice      %sys   %iowait    %steal      %irq     %soft    %guest    %gnice     %idle
23:45:42        all     12,12      0,00      6,31      0,00      0,00      0,76      1,26      0,00      0,00     79,55
23:45:42          0     11,22      0,00     11,22      0,00      0,00      0,00      0,00      0,00      0,00     77,55
23:45:42          1     13,00      0,00      5,00      0,00      0,00      0,00      0,00      0,00      0,00     82,00
23:45:42          2     11,11      0,00      5,05      0,00      0,00      0,00      0,00      0,00      0,00     83,84
23:45:42          3     13,13      0,00      4,04      0,00      0,00      3,03      5,05      0,00      0,00     74,75

23:45:42        CPU      %usr     %nice      %sys   %iowait    %steal      %irq     %soft    %guest    %gnice     %idle
23:45:43        all      0,50      0,00      0,50      0,00      0,00      0,00      0,25      0,00      0,00     98,75
23:45:43          0      0,00      0,00      0,00      0,00      0,00      0,00      0,00      0,00      0,00    100,00
23:45:43          1      0,99      0,00      0,00      0,00      0,00      0,00      0,99      0,00      0,00     98,02
23:45:43          2      0,99      0,00      0,99      0,00      0,00      0,00      0,00      0,00      0,00     98,02
23:45:43          3      0,00      0,00      1,00      0,00      0,00      0,00      0,00      0,00      0,00     99,00

23:45:43        CPU      %usr     %nice      %sys   %iowait    %steal      %irq     %soft    %guest    %gnice     %idle
23:45:44        all      0,00      0,00      0,00      0,00      0,00      0,25      0,00      0,00      0,00     99,75
23:45:44          0      0,00      0,00      0,00      0,00      0,00      0,00      0,00      0,00      0,00    100,00
23:45:44          1      0,00      0,00      0,00      0,00      0,00      0,00      0,00      0,00      0,00    100,00
23:45:44          2      0,00      0,00      0,00      0,00      0,00      0,00      0,00      0,00      0,00    100,00
23:45:44          3      0,00      0,00      0,00      0,00      0,00      0,99      0,00      0,00      0,00     99,01

23:45:44        CPU      %usr     %nice      %sys   %iowait    %steal      %irq     %soft    %guest    %gnice     %idle
23:45:45        all     19,01      0,00      8,07      0,26      0,00      0,78      1,30      0,00      0,00     70,57
23:45:45          0     19,39      0,00      9,18      0,00      0,00      0,00      0,00      0,00      0,00     71,43
23:45:45          1     16,67      0,00      9,38      1,04      0,00      1,04      0,00      0,00      0,00     71,88
23:45:45          2     18,95      0,00      6,32      0,00      0,00      0,00      0,00      0,00      0,00     74,74
23:45:45          3     21,05      0,00      7,37      0,00      0,00      2,11      5,26      0,00      0,00     64,21

23:45:45        CPU      %usr     %nice      %sys   %iowait    %steal      %irq     %soft    %guest    %gnice     %idle
23:45:46        all     14,74      0,00      6,05      0,00      0,00      0,79      1,05      0,00      0,00     77,37
23:45:46          0     15,05      0,00      5,38      0,00      0,00      0,00      0,00      0,00      0,00     79,57
23:45:46          1     14,43      0,00      6,19      0,00      0,00      0,00      0,00      0,00      0,00     79,38
23:45:46          2     12,63      0,00      6,32      0,00      0,00      0,00      0,00      0,00      0,00     81,05
23:45:46          3     16,84      0,00      6,32      0,00      0,00      3,16      4,21      0,00      0,00     69,47

23:45:46        CPU      %usr     %nice      %sys   %iowait    %steal      %irq     %soft    %guest    %gnice     %idle
23:45:47        all     20,97      0,00      8,87      0,00      0,00      1,08      1,88      0,00      0,00     67,20
23:45:47          0     22,11      0,00      9,47      0,00      0,00      1,05      0,00      0,00      0,00     67,37
23:45:47          1     20,22      0,00      7,87      0,00      0,00      0,00      0,00      0,00      0,00     71,91
23:45:47          2     19,59      0,00      8,25      0,00      0,00      0,00      1,03      0,00      0,00     71,13
23:45:47          3     21,98      0,00      9,89      0,00      0,00      3,30      6,59      0,00      0,00     58,24

23:45:47        CPU      %usr     %nice      %sys   %iowait    %steal      %irq     %soft    %guest    %gnice     %idle
23:45:48        all      2,26      0,00      1,51      0,00      0,00      0,00      0,25      0,00      0,00     95,98
23:45:48          0      3,00      0,00      1,00      0,00      0,00      0,00      0,00      0,00      0,00     96,00
23:45:48          1      2,02      0,00      1,01      0,00      0,00      0,00      0,00      0,00      0,00     96,97
23:45:48          2      2,00      0,00      2,00      0,00      0,00      0,00      0,00      0,00      0,00     96,00
23:45:48          3      2,02      0,00      2,02      0,00      0,00      0,00      1,01      0,00      0,00     94,95

23:45:48        CPU      %usr     %nice      %sys   %iowait    %steal      %irq     %soft    %guest    %gnice     %idle
23:45:49        all      0,25      0,00      0,00      0,00      0,00      0,00      0,00      0,00      0,00     99,75
23:45:49          0      0,00      0,00      0,00      0,00      0,00      0,00      0,00      0,00      0,00    100,00
23:45:49          1      0,00      0,00      0,00      0,00      0,00      0,00      0,00      0,00      0,00    100,00
23:45:49          2      0,00      0,00      0,00      0,00      0,00      0,00      0,00      0,00      0,00    100,00
23:45:49          3      0,99      0,00      0,00      0,00      0,00      0,00      0,00      0,00      0,00     99,01

23:45:49        CPU      %usr     %nice      %sys   %iowait    %steal      %irq     %soft    %guest    %gnice     %idle
23:45:50        all     15,54      0,00      7,25      0,00      0,00      1,30      1,30      0,00      0,00     74,61
23:45:50          0     16,67      0,00      7,29      0,00      0,00      0,00      0,00      0,00      0,00     76,04
23:45:50          1     15,46      0,00      7,22      0,00      0,00      0,00      0,00      0,00      0,00     77,32
23:45:50          2     14,43      0,00      6,19      0,00      0,00      1,03      0,00      0,00      0,00     78,35
23:45:50          3     15,62      0,00      8,33      0,00      0,00      4,17      5,21      0,00      0,00     66,67

23:45:50        CPU      %usr     %nice      %sys   %iowait    %steal      %irq     %soft    %guest    %gnice     %idle
23:45:51        all     25,71      0,00     11,95      0,00      0,00      1,30      1,82      0,00      0,00     59,22
23:45:51          0     27,08      0,00     10,42      0,00      0,00      0,00      0,00      0,00      0,00     62,50
23:45:51          1     25,00      0,00     11,46      0,00      0,00      1,04      0,00      0,00      0,00     62,50
23:45:51          2     27,08      0,00     10,42      0,00      0,00      0,00      0,00      0,00      0,00     62,50
23:45:51          3     23,71      0,00     15,46      0,00      0,00      4,12      7,22      0,00      0,00     49,48

23:45:51        CPU      %usr     %nice      %sys   %iowait    %steal      %irq     %soft    %guest    %gnice     %idle
23:45:52        all     11,51      0,00      5,37      0,26      0,00      0,51      0,77      0,00      0,00     81,59
23:45:52          0     11,22      0,00      4,08      0,00      0,00      0,00      0,00      0,00      0,00     84,69
23:45:52          1     10,31      0,00      4,12      0,00      0,00      0,00      0,00      0,00      0,00     85,57
23:45:52          2      9,18      0,00      5,10      1,02      0,00      0,00      0,00      0,00      0,00     84,69
23:45:52          3     15,31      0,00      8,16      0,00      0,00      2,04      3,06      0,00      0,00     71,43

23:45:52        CPU      %usr     %nice      %sys   %iowait    %steal      %irq     %soft    %guest    %gnice     %idle
23:45:53        all     31,79      0,00     15,38      0,00      0,00      1,79      2,31      0,00      0,00     48,72
23:45:53          0     30,00      0,00     14,00      0,00      0,00      1,00      1,00      0,00      0,00     54,00
23:45:53          1     30,21      0,00     14,58      0,00      0,00      0,00      0,00      0,00      0,00     55,21
23:45:53          2     38,14      0,00     17,53      0,00      0,00      0,00      0,00      0,00      0,00     44,33
23:45:53          3     28,87      0,00     15,46      0,00      0,00      6,19      8,25      0,00      0,00     41,24

23:45:53        CPU      %usr     %nice      %sys   %iowait    %steal      %irq     %soft    %guest    %gnice     %idle
23:45:54        all     26,08      0,00     12,66      0,25      0,00      0,51      1,01      0,00      0,00     59,49
23:45:54          0     26,53      0,00     12,24      0,00      0,00      0,00      0,00      0,00      0,00     61,22
23:45:54          1     27,00      0,00     11,00      1,00      0,00      0,00      0,00      0,00      0,00     61,00
23:45:54          2     32,65      0,00     13,27      0,00      0,00      0,00      0,00      0,00      0,00     54,08
23:45:54          3     18,18      0,00     14,14      0,00      0,00      2,02      4,04      0,00      0,00     61,62

23:45:54        CPU      %usr     %nice      %sys   %iowait    %steal      %irq     %soft    %guest    %gnice     %idle
23:45:55        all      8,72      0,00      3,59      0,00      0,00      0,51      0,77      0,00      0,00     86,41
23:45:55          0      8,08      0,00      5,05      0,00      0,00      0,00      0,00      0,00      0,00     86,87
23:45:55          1      7,29      0,00      3,12      0,00      0,00      0,00      0,00      0,00      0,00     89,58
23:45:55          2      8,25      0,00      2,06      0,00      0,00      1,03      0,00      0,00      0,00     88,66
23:45:55          3     11,22      0,00      4,08      0,00      0,00      1,02      3,06      0,00      0,00     80,61

23:45:55        CPU      %usr     %nice      %sys   %iowait    %steal      %irq     %soft    %guest    %gnice     %idle
23:45:56        all     14,58      0,00      7,03      0,00      0,00      0,78      1,04      0,00      0,00     76,56
23:45:56          0     14,43      0,00      8,25      0,00      0,00      0,00      0,00      0,00      0,00     77,32
23:45:56          1     14,74      0,00      5,26      0,00      0,00      0,00      0,00      0,00      0,00     80,00
23:45:56          2     10,64      0,00      6,38      0,00      0,00      0,00      0,00      0,00      0,00     82,98
23:45:56          3     18,37      0,00      8,16      0,00      0,00      3,06      4,08      0,00      0,00     66,33

23:45:56        CPU      %usr     %nice      %sys   %iowait    %steal      %irq     %soft    %guest    %gnice     %idle
23:45:57        all      3,82      0,00      2,04      0,00      0,00      0,25      0,51      0,00      0,00     93,38
23:45:57          0      3,09      0,00      2,06      0,00      0,00      0,00      0,00      0,00      0,00     94,85
23:45:57          1      4,95      0,00      1,98      0,00      0,00      0,99      0,00      0,00      0,00     92,08
23:45:57          2      3,06      0,00      2,04      0,00      0,00      0,00      0,00      0,00      0,00     94,90
23:45:57          3      4,12      0,00      2,06      0,00      0,00      0,00      2,06      0,00      0,00     91,75

23:45:57        CPU      %usr     %nice      %sys   %iowait    %steal      %irq     %soft    %guest    %gnice     %idle
23:45:58        all      9,16      0,00      4,07      0,00      0,00      0,51      0,76      0,00      0,00     85,50
23:45:58          0     10,10      0,00      4,04      0,00      0,00      0,00      0,00      0,00      0,00     85,86
23:45:58          1      8,25      0,00      3,09      0,00      0,00      0,00      0,00      0,00      0,00     88,66
23:45:58          2      8,08      0,00      4,04      0,00      0,00      0,00      0,00      0,00      0,00     87,88
23:45:58          3     10,20      0,00      5,10      0,00      0,00      2,04      3,06      0,00      0,00     79,59

23:45:58        CPU      %usr     %nice      %sys   %iowait    %steal      %irq     %soft    %guest    %gnice     %idle
23:45:59        all     20,58      0,00      8,97      0,00      0,00      0,79      1,32      0,00      0,00     68,34
23:45:59          0     21,05      0,00      8,42      0,00      0,00      0,00      0,00      0,00      0,00     70,53
23:45:59          1     19,79      0,00     10,42      0,00      0,00      0,00      0,00      0,00      0,00     69,79
23:45:59          2     20,00      0,00      7,37      0,00      0,00      0,00      0,00      0,00      0,00     72,63
23:45:59          3     21,51      0,00      9,68      0,00      0,00      3,23      5,38      0,00      0,00     60,22

23:45:59        CPU      %usr     %nice      %sys   %iowait    %steal      %irq     %soft    %guest    %gnice     %idle
23:46:00        all      9,20      0,00      4,23      0,25      0,00      0,50      1,00      0,00      0,00     84,83
23:46:00          0     10,00      0,00      4,00      0,00      0,00      1,00      0,00      0,00      0,00     85,00
23:46:00          1      9,71      0,00      3,88      0,97      0,00      0,00      0,97      0,00      0,00     84,47
23:46:00          2      6,00      0,00      4,00      0,00      0,00      0,00      0,00      0,00      0,00     90,00
23:46:00          3     11,11      0,00      5,05      0,00      0,00      1,01      3,03      0,00      0,00     79,80

23:46:00        CPU      %usr     %nice      %sys   %iowait    %steal      %irq     %soft    %guest    %gnice     %idle
23:46:01        all     14,55      0,00      6,49      0,00      0,00      0,78      1,04      0,00      0,00     77,14
23:46:01          0     15,62      0,00      6,25      0,00      0,00      0,00      0,00      0,00      0,00     78,12
23:46:01          1     13,40      0,00      7,22      0,00      0,00      0,00      0,00      0,00      0,00     79,38
23:46:01          2     13,27      0,00      6,12      0,00      0,00      0,00      0,00      0,00      0,00     80,61
23:46:01          3     15,96      0,00      6,38      0,00      0,00      3,19      4,26      0,00      0,00     70,21

23:46:01        CPU      %usr     %nice      %sys   %iowait    %steal      %irq     %soft    %guest    %gnice     %idle
23:46:02        all      5,08      0,00      2,03      0,00      0,00      0,25      0,51      0,00      0,00     92,13
23:46:02          0      5,10      0,00      2,04      0,00      0,00      0,00      0,00      0,00      0,00     92,86
23:46:02          1      4,08      0,00      2,04      0,00      0,00      0,00      0,00      0,00      0,00     93,88
23:46:02          2      5,05      0,00      2,02      0,00      0,00      0,00      0,00      0,00      0,00     92,93
23:46:02          3      6,06      0,00      2,02      0,00      0,00      1,01      2,02      0,00      0,00     88,89

23:46:02        CPU      %usr     %nice      %sys   %iowait    %steal      %irq     %soft    %guest    %gnice     %idle
23:46:03        all      8,70      0,00      4,35      0,00      0,00      0,51      0,77      0,00      0,00     85,68
23:46:03          0      8,25      0,00      4,12      0,00      0,00      0,00      0,00      0,00      0,00     87,63
23:46:03          1      8,25      0,00      3,09      0,00      0,00      0,00      0,00      0,00      0,00     88,66
23:46:03          2      8,00      0,00      5,00      0,00      0,00      1,00      0,00      0,00      0,00     86,00
23:46:03          3     10,31      0,00      5,15      0,00      0,00      1,03      3,09      0,00      0,00     80,41

23:46:03        CPU      %usr     %nice      %sys   %iowait    %steal      %irq     %soft    %guest    %gnice     %idle
23:46:04        all     19,16      0,00      8,40      1,57      0,00      1,05      1,31      0,00      0,00     68,50
23:46:04          0     19,15      0,00      7,45      0,00      0,00      0,00      0,00      0,00      0,00     73,40
23:46:04          1     18,95      0,00      8,42      2,11      0,00      1,05      0,00      0,00      0,00     69,47
23:46:04          2     17,71      0,00      7,29      2,08      0,00      0,00      0,00      0,00      0,00     72,92
23:46:04          3     20,83      0,00     10,42      2,08      0,00      3,12      5,21      0,00      0,00     58,33

23:46:04        CPU      %usr     %nice      %sys   %iowait    %steal      %irq     %soft    %guest    %gnice     %idle
23:46:05        all      9,72      0,00      6,39      0,00      0,00      0,51      0,77      0,00      0,00     82,61
23:46:05          0      9,09      0,00     14,14      0,00      0,00      0,00      0,00      0,00      0,00     76,77
23:46:05          1     11,11      0,00      4,04      0,00      0,00      0,00      0,00      0,00      0,00     84,85
23:46:05          2      8,33      0,00      2,08      0,00      0,00      0,00      0,00      0,00      0,00     89,58
23:46:05          3     10,31      0,00      5,15      0,00      0,00      2,06      3,09      0,00      0,00     79,38

23:46:05        CPU      %usr     %nice      %sys   %iowait    %steal      %irq     %soft    %guest    %gnice     %idle
23:46:06        all     14,36      0,00      6,67      0,26      0,00      0,51      1,28      0,00      0,00     76,92
23:46:06          0     15,46      0,00      5,15      0,00      0,00      0,00      0,00      0,00      0,00     79,38
23:46:06          1     13,27      0,00      7,14      1,02      0,00      0,00      0,00      0,00      0,00     78,57
23:46:06          2     12,00      0,00      7,00      0,00      0,00      0,00      1,00      0,00      0,00     80,00
23:46:06          3     16,84      0,00      7,37      0,00      0,00      2,11      4,21      0,00      0,00     69,47

23:46:06        CPU      %usr     %nice      %sys   %iowait    %steal      %irq     %soft    %guest    %gnice     %idle
23:46:07        all      5,84      0,00      2,54      0,00      0,00      0,25      0,76      0,00      0,00     90,61
23:46:07          0      6,12      0,00      3,06      0,00      0,00      0,00      0,00      0,00      0,00     90,82
23:46:07          1      6,06      0,00      2,02      0,00      0,00      0,00      0,00      0,00      0,00     91,92
23:46:07          2      4,12      0,00      2,06      0,00      0,00      0,00      0,00      0,00      0,00     93,81
23:46:07          3      7,00      0,00      3,00      0,00      0,00      1,00      3,00      0,00      0,00     86,00

23:46:07        CPU      %usr     %nice      %sys   %iowait    %steal      %irq     %soft    %guest    %gnice     %idle
23:46:08        all      9,16      0,00      4,07      0,00      0,00      0,76      0,51      0,00      0,00     85,50
23:46:08          0      8,16      0,00      4,08      0,00      0,00      1,02      0,00      0,00      0,00     86,73
23:46:08          1     10,10      0,00      4,04      0,00      0,00      0,00      0,00      0,00      0,00     85,86
23:46:08          2      7,14      0,00      4,08      0,00      0,00      0,00      0,00      0,00      0,00     88,78
23:46:08          3     11,22      0,00      4,08      0,00      0,00      2,04      2,04      0,00      0,00     80,61

23:46:08        CPU      %usr     %nice      %sys   %iowait    %steal      %irq     %soft    %guest    %gnice     %idle
23:46:09        all      7,42      0,00      2,81      0,00      0,00      0,26      0,77      0,00      0,00     88,75
23:46:09          0      8,08      0,00      3,03      0,00      0,00      0,00      0,00      0,00      0,00     88,89
23:46:09          1      7,14      0,00      3,06      0,00      0,00      0,00      0,00      0,00      0,00     89,80
23:46:09          2      7,22      0,00      2,06      0,00      0,00      0,00      0,00      0,00      0,00     90,72
23:46:09          3      7,22      0,00      3,09      0,00      0,00      1,03      3,09      0,00      0,00     85,57

23:46:09        CPU      %usr     %nice      %sys   %iowait    %steal      %irq     %soft    %guest    %gnice     %idle
23:46:10        all     19,41      0,00     10,11      0,00      0,00      1,33      1,33      0,00      0,00     67,82
23:46:10          0     21,51      0,00      9,68      0,00      0,00      0,00      0,00      0,00      0,00     68,82
23:46:10          1     19,15      0,00      8,51      0,00      0,00      1,06      0,00      0,00      0,00     71,28
23:46:10          2     15,96      0,00      9,57      0,00      0,00      1,06      0,00      0,00      0,00     73,40
23:46:10          3     21,05      0,00     12,63      0,00      0,00      3,16      5,26      0,00      0,00     57,89

23:46:10        CPU      %usr     %nice      %sys   %iowait    %steal      %irq     %soft    %guest    %gnice     %idle
23:46:11        all     14,14      0,00      5,91      0,00      0,00      0,51      1,03      0,00      0,00     78,41
23:46:11          0     15,31      0,00      6,12      0,00      0,00      0,00      0,00      0,00      0,00     78,57
23:46:11          1     14,29      0,00      5,10      0,00      0,00      0,00      0,00      0,00      0,00     80,61
23:46:11          2     11,34      0,00      5,15      0,00      0,00      0,00      0,00      0,00      0,00     83,51
23:46:11          3     15,62      0,00      7,29      0,00      0,00      2,08      4,17      0,00      0,00     70,83

23:46:11        CPU      %usr     %nice      %sys   %iowait    %steal      %irq     %soft    %guest    %gnice     %idle
23:46:12        all      5,90      0,00      3,08      0,00      0,00      0,26      0,51      0,00      0,00     90,26
23:46:12          0      6,19      0,00      2,06      0,00      0,00      0,00      0,00      0,00      0,00     91,75
23:46:12          1      5,15      0,00      3,09      0,00      0,00      0,00      0,00      0,00      0,00     91,75
23:46:12          2      5,10      0,00      3,06      0,00      0,00      0,00      0,00      0,00      0,00     91,84
23:46:12          3      7,14      0,00      4,08      0,00      0,00      1,02      2,04      0,00      0,00     85,71

23:46:12        CPU      %usr     %nice      %sys   %iowait    %steal      %irq     %soft    %guest    %gnice     %idle
23:46:13        all      9,37      0,00      4,05      0,00      0,00      0,51      1,01      0,00      0,00     85,06
23:46:13          0      9,09      0,00      4,04      0,00      0,00      0,00      1,01      0,00      0,00     85,86
23:46:13          1     10,00      0,00      4,00      0,00      0,00      0,00      0,00      0,00      0,00     86,00
23:46:13          2      8,16      0,00      3,06      0,00      0,00      0,00      0,00      0,00      0,00     88,78
23:46:13          3     10,20      0,00      5,10      0,00      0,00      2,04      3,06      0,00      0,00     79,59

23:46:13        CPU      %usr     %nice      %sys   %iowait    %steal      %irq     %soft    %guest    %gnice     %idle
23:46:14        all      7,93      0,00      3,58      0,26      0,00      0,26      0,77      0,00      0,00     87,21
23:46:14          0      8,16      0,00      4,08      0,00      0,00      0,00      0,00      0,00      0,00     87,76
23:46:14          1      7,14      0,00      3,06      1,02      0,00      0,00      0,00      0,00      0,00     88,78
23:46:14          2      7,22      0,00      3,09      0,00      0,00      0,00      0,00      0,00      0,00     89,69
23:46:14          3      9,18      0,00      4,08      0,00      0,00      1,02      3,06      0,00      0,00     82,65

23:46:14        CPU      %usr     %nice      %sys   %iowait    %steal      %irq     %soft    %guest    %gnice     %idle
23:46:15        all     18,57      0,00      9,28      0,00      0,00      1,06      1,33      0,00      0,00     69,76
23:46:15          0     19,15      0,00      8,51      0,00      0,00      1,06      0,00      0,00      0,00     71,28
23:46:15          1     17,02      0,00      8,51      0,00      0,00      0,00      0,00      0,00      0,00     74,47
23:46:15          2     16,84      0,00      9,47      0,00      0,00      0,00      0,00      0,00      0,00     73,68
23:46:15          3     21,28      0,00     10,64      0,00      0,00      3,19      5,32      0,00      0,00     59,57

23:46:15        CPU      %usr     %nice      %sys   %iowait    %steal      %irq     %soft    %guest    %gnice     %idle
23:46:16        all     13,18      0,00      6,72      0,00      0,00      0,78      1,03      0,00      0,00     78,29
23:46:16          0     14,43      0,00      6,19      0,00      0,00      0,00      0,00      0,00      0,00     79,38
23:46:16          1     12,37      0,00      7,22      0,00      0,00      0,00      0,00      0,00      0,00     80,41
23:46:16          2     11,46      0,00      5,21      0,00      0,00      0,00      0,00      0,00      0,00     83,33
23:46:16          3     14,43      0,00      8,25      0,00      0,00      3,09      4,12      0,00      0,00     70,10

23:46:16        CPU      %usr     %nice      %sys   %iowait    %steal      %irq     %soft    %guest    %gnice     %idle
23:46:17        all      7,59      0,00      3,04      0,00      0,00      0,51      0,76      0,00      0,00     88,10
23:46:17          0      7,14      0,00      4,08      0,00      0,00      0,00      0,00      0,00      0,00     88,78
23:46:17          1      7,07      0,00      2,02      0,00      0,00      0,00      0,00      0,00      0,00     90,91
23:46:17          2      6,06      0,00      3,03      0,00      0,00      1,01      0,00      0,00      0,00     89,90
23:46:17          3     10,10      0,00      3,03      0,00      0,00      1,01      3,03      0,00      0,00     82,83

23:46:17        CPU      %usr     %nice      %sys   %iowait    %steal      %irq     %soft    %guest    %gnice     %idle
23:46:18        all      8,44      0,00      4,35      0,00      0,00      0,26      0,77      0,00      0,00     86,19
23:46:18          0      9,09      0,00      4,04      0,00      0,00      0,00      0,00      0,00      0,00     86,87
23:46:18          1      6,25      0,00      4,17      0,00      0,00      0,00      0,00      0,00      0,00     89,58
23:46:18          2      7,14      0,00      4,08      0,00      0,00      0,00      0,00      0,00      0,00     88,78
23:46:18          3     11,22      0,00      5,10      0,00      0,00      1,02      3,06      0,00      0,00     79,59

23:46:18        CPU      %usr     %nice      %sys   %iowait    %steal      %irq     %soft    %guest    %gnice     %idle
23:46:19        all      8,76      0,00      3,35      0,00      0,00      0,77      0,77      0,00      0,00     86,34
23:46:19          0      8,42      0,00      3,16      0,00      0,00      0,00      0,00      0,00      0,00     88,42
23:46:19          1     11,00      0,00      3,00      0,00      0,00      1,00      0,00      0,00      0,00     85,00
23:46:19          2      6,25      0,00      3,12      0,00      0,00      0,00      0,00      0,00      0,00     90,62
23:46:19          3      9,28      0,00      4,12      0,00      0,00      2,06      3,09      0,00      0,00     81,44

23:46:19        CPU      %usr     %nice      %sys   %iowait    %steal      %irq     %soft    %guest    %gnice     %idle
23:46:20        all     20,42      0,00      8,38      0,00      0,00      0,79      1,31      0,00      0,00     69,11
23:46:20          0     22,68      0,00      7,22      0,00      0,00      0,00      0,00      0,00      0,00     70,10
23:46:20          1     18,09      0,00      8,51      0,00      0,00      0,00      0,00      0,00      0,00     73,40
23:46:20          2     18,95      0,00      7,37      0,00      0,00      0,00      0,00      0,00      0,00     73,68
23:46:20          3     21,88      0,00     10,42      0,00      0,00      3,12      5,21      0,00      0,00     59,38

23:46:20        CPU      %usr     %nice      %sys   %iowait    %steal      %irq     %soft    %guest    %gnice     %idle
23:46:21        all     13,02      0,00      6,51      0,00      0,00      0,52      1,04      0,00      0,00     78,91
23:46:21          0     12,63      0,00      6,32      0,00      0,00      0,00      0,00      0,00      0,00     81,05
23:46:21          1     12,37      0,00      6,19      0,00      0,00      0,00      0,00      0,00      0,00     81,44
23:46:21          2     11,34      0,00      6,19      0,00      0,00      0,00      0,00      0,00      0,00     82,47
23:46:21          3     15,79      0,00      7,37      0,00      0,00      2,11      4,21      0,00      0,00     70,53

23:46:21        CPU      %usr     %nice      %sys   %iowait    %steal      %irq     %soft    %guest    %gnice     %idle
23:46:22        all     12,44      0,00      4,57      0,25      0,00      0,51      1,02      0,00      0,00     81,22
23:46:22          0     20,41      0,00      7,14      0,00      0,00      1,02      0,00      0,00      0,00     71,43
23:46:22          1      9,09      0,00      3,03      1,01      0,00      0,00      1,01      0,00      0,00     85,86
23:46:22          2     10,20      0,00      4,08      0,00      0,00      0,00      0,00      0,00      0,00     85,71
23:46:22          3     10,10      0,00      4,04      0,00      0,00      1,01      3,03      0,00      0,00     81,82

23:46:22        CPU      %usr     %nice      %sys   %iowait    %steal      %irq     %soft    %guest    %gnice     %idle
23:46:23        all     16,45      0,00      7,46      0,00      0,00      0,77      0,51      0,00      0,00     74,81
23:46:23          0     28,28      0,00     13,13      0,00      0,00      0,00      0,00      0,00      0,00     58,59
23:46:23          1     11,46      0,00      3,12      0,00      0,00      0,00      0,00      0,00      0,00     85,42
23:46:23          2     13,40      0,00      7,22      0,00      0,00      1,03      0,00      0,00      0,00     78,35
23:46:23          3     12,37      0,00      6,19      0,00      0,00      2,06      2,06      0,00      0,00     77,32

23:46:23        CPU      %usr     %nice      %sys   %iowait    %steal      %irq     %soft    %guest    %gnice     %idle
23:46:24        all     11,99      0,00      6,38      0,00      0,00      0,51      1,02      0,00      0,00     80,10
23:46:24          0     11,22      0,00      6,12      0,00      0,00      0,00      0,00      0,00      0,00     82,65
23:46:24          1     11,22      0,00      5,10      0,00      0,00      0,00      0,00      0,00      0,00     83,67
23:46:24          2     14,29      0,00      8,16      0,00      0,00      0,00      1,02      0,00      0,00     76,53
23:46:24          3     11,22      0,00      6,12      0,00      0,00      2,04      3,06      0,00      0,00     77,55

23:46:24        CPU      %usr     %nice      %sys   %iowait    %steal      %irq     %soft    %guest    %gnice     %idle
23:46:25        all     17,45      0,00      8,07      0,00      0,00      1,04      1,56      0,00      0,00     71,88
23:46:25          0     19,15      0,00      6,38      0,00      0,00      0,00      0,00      0,00      0,00     74,47
23:46:25          1     15,31      0,00      9,18      0,00      0,00      1,02      0,00      0,00      0,00     74,49
23:46:25          2     15,79      0,00      7,37      0,00      0,00      0,00      0,00      0,00      0,00     76,84
23:46:25          3     19,59      0,00      9,28      0,00      0,00      3,09      6,19      0,00      0,00     61,86

23:46:25        CPU      %usr     %nice      %sys   %iowait    %steal      %irq     %soft    %guest    %gnice     %idle
23:46:26        all     20,16      0,00      8,90      0,00      0,00      1,05      1,57      0,00      0,00     68,32
23:46:26          0     21,05      0,00      7,37      0,00      0,00      0,00      0,00      0,00      0,00     71,58
23:46:26          1     20,62      0,00      9,28      0,00      0,00      0,00      0,00      0,00      0,00     70,10
23:46:26          2     18,95      0,00      7,37      0,00      0,00      0,00      0,00      0,00      0,00     73,68
23:46:26          3     20,00      0,00     11,58      0,00      0,00      4,21      6,32      0,00      0,00     57,89

Média:         CPU      %usr     %nice      %sys   %iowait    %steal      %irq     %soft    %guest    %gnice     %idle
Média:         all     11,05      0,00      5,06      0,07      0,00      0,57      0,87      0,00      0,00     82,38
Média:           0     11,48      0,00      5,17      0,00      0,00      0,12      0,05      0,00      0,00     83,17
Média:           1     10,49      0,00      4,63      0,19      0,00      0,14      0,05      0,00      0,00     84,50
Média:           2     10,29      0,00      4,68      0,07      0,00      0,14      0,05      0,00      0,00     84,78
Média:           3     11,92      0,00      5,77      0,03      0,00      1,89      3,33      0,00      0,00     77,06
