Linux 5.14.0-503.19.1.el9_5.x86_64 (localhost.localdomain) 	15/04/2025 	_x86_64_	(4 CPU)

23:17:20        CPU      %usr     %nice      %sys   %iowait    %steal      %irq     %soft    %guest    %gnice     %idle
23:17:21        all      0,00      0,00      0,00      0,00      0,00      0,00      0,00      0,00      0,00    100,00
23:17:21          0      0,00      0,00      0,00      0,00      0,00      0,00      0,00      0,00      0,00    100,00
23:17:21          1      0,00      0,00      0,00      0,00      0,00      0,00      0,00      0,00      0,00    100,00
23:17:21          2      0,00      0,00      0,00      0,00      0,00      0,00      0,00      0,00      0,00    100,00
23:17:21          3      0,00      0,00      0,00      0,00      0,00      0,00      0,00      0,00      0,00    100,00

23:17:21        CPU      %usr     %nice      %sys   %iowait    %steal      %irq     %soft    %guest    %gnice     %idle
23:17:22        all      0,00      0,00      0,00      0,00      0,00      0,00      0,00      0,00      0,00    100,00
23:17:22          0      0,00      0,00      0,00      0,00      0,00      0,00      0,00      0,00      0,00    100,00
23:17:22          1      0,00      0,00      0,00      0,00      0,00      0,00      0,00      0,00      0,00    100,00
23:17:22          2      0,00      0,00      0,00      0,00      0,00      0,00      0,00      0,00      0,00    100,00
23:17:22          3      0,00      0,00      0,00      0,00      0,00      0,00      0,00      0,00      0,00    100,00

23:17:22        CPU      %usr     %nice      %sys   %iowait    %steal      %irq     %soft    %guest    %gnice     %idle
23:17:23        all      0,00      0,00      0,00      0,25      0,00      0,00      0,00      0,00      0,00     99,75
23:17:23          0      0,00      0,00      0,00      0,00      0,00      0,00      0,00      0,00      0,00    100,00
23:17:23          1      0,00      0,00      0,00      1,01      0,00      0,00      0,00      0,00      0,00     98,99
23:17:23          2      0,00      0,00      0,00      0,00      0,00      0,00      0,00      0,00      0,00    100,00
23:17:23          3      0,00      0,00      0,00      0,00      0,00      0,00      0,00      0,00      0,00    100,00

23:17:23        CPU      %usr     %nice      %sys   %iowait    %steal      %irq     %soft    %guest    %gnice     %idle
23:17:24        all     11,28      0,00      4,76      0,00      0,00      0,50      2,01      0,00      0,00     81,45
23:17:24          0     10,10      0,00      5,05      0,00      0,00      0,00      0,00      0,00      0,00     84,85
23:17:24          1     11,11      0,00      4,04      0,00      0,00      0,00      0,00      0,00      0,00     84,85
23:17:24          2     11,00      0,00      5,00      0,00      0,00      0,00      0,00      0,00      0,00     84,00
23:17:24          3     12,87      0,00      4,95      0,00      0,00      1,98      7,92      0,00      0,00     72,28

23:17:24        CPU      %usr     %nice      %sys   %iowait    %steal      %irq     %soft    %guest    %gnice     %idle
23:17:25        all     12,12      0,00      5,05      0,25      0,00      1,26      2,27      0,00      0,00     79,04
23:17:25          0     12,24      0,00      5,10      0,00      0,00      0,00      0,00      0,00      0,00     82,65
23:17:25          1     12,12      0,00      5,05      1,01      0,00      0,00      0,00      0,00      0,00     81,82
23:17:25          2     12,00      0,00      5,00      0,00      0,00      1,00      0,00      0,00      0,00     82,00
23:17:25          3     12,12      0,00      5,05      0,00      0,00      4,04      9,09      0,00      0,00     69,70

23:17:25        CPU      %usr     %nice      %sys   %iowait    %steal      %irq     %soft    %guest    %gnice     %idle
23:17:26        all      4,51      0,00      2,01      0,00      0,00      0,50      0,75      0,00      0,00     92,23
23:17:26          0      4,00      0,00      2,00      0,00      0,00      1,00      0,00      0,00      0,00     93,00
23:17:26          1      4,00      0,00      2,00      0,00      0,00      0,00      0,00      0,00      0,00     94,00
23:17:26          2      5,05      0,00      1,01      0,00      0,00      0,00      0,00      0,00      0,00     93,94
23:17:26          3      5,00      0,00      3,00      0,00      0,00      1,00      3,00      0,00      0,00     88,00

23:17:26        CPU      %usr     %nice      %sys   %iowait    %steal      %irq     %soft    %guest    %gnice     %idle
23:17:27        all      0,00      0,00      0,00      0,00      0,00      0,00      0,00      0,00      0,00    100,00
23:17:27          0      0,00      0,00      0,00      0,00      0,00      0,00      0,00      0,00      0,00    100,00
23:17:27          1      0,00      0,00      0,00      0,00      0,00      0,00      0,00      0,00      0,00    100,00
23:17:27          2      0,00      0,00      0,00      0,00      0,00      0,00      0,00      0,00      0,00    100,00
23:17:27          3      0,00      0,00      0,00      0,00      0,00      0,00      0,00      0,00      0,00    100,00

23:17:27        CPU      %usr     %nice      %sys   %iowait    %steal      %irq     %soft    %guest    %gnice     %idle
23:17:28        all      0,00      0,00      0,00      0,00      0,00      0,00      0,00      0,00      0,00    100,00
23:17:28          0      0,00      0,00      0,00      0,00      0,00      0,00      0,00      0,00      0,00    100,00
23:17:28          1      0,00      0,00      0,00      0,00      0,00      0,00      0,00      0,00      0,00    100,00
23:17:28          2      0,00      0,00      0,00      0,00      0,00      0,00      0,00      0,00      0,00    100,00
23:17:28          3      0,00      0,00      0,00      0,00      0,00      0,00      0,00      0,00      0,00    100,00

23:17:28        CPU      %usr     %nice      %sys   %iowait    %steal      %irq     %soft    %guest    %gnice     %idle
23:17:29        all      9,82      0,00      4,28      0,00      0,00      0,76      2,27      0,00      0,00     82,87
23:17:29          0     11,00      0,00      4,00      0,00      0,00      0,00      0,00      0,00      0,00     85,00
23:17:29          1     10,89      0,00      3,96      0,00      0,00      0,00      0,99      0,00      0,00     84,16
23:17:29          2      8,25      0,00      4,12      0,00      0,00      0,00      0,00      0,00      0,00     87,63
23:17:29          3      9,09      0,00      5,05      0,00      0,00      3,03      8,08      0,00      0,00     74,75

23:17:29        CPU      %usr     %nice      %sys   %iowait    %steal      %irq     %soft    %guest    %gnice     %idle
23:17:30        all     11,42      0,00      4,06      0,00      0,00      0,76      2,03      0,00      0,00     81,73
23:17:30          0     11,11      0,00      4,04      0,00      0,00      0,00      0,00      0,00      0,00     84,85
23:17:30          1     12,00      0,00      4,00      0,00      0,00      0,00      0,00      0,00      0,00     84,00
23:17:30          2     10,31      0,00      3,09      0,00      0,00      0,00      0,00      0,00      0,00     86,60
23:17:30          3     12,24      0,00      5,10      0,00      0,00      3,06      8,16      0,00      0,00     71,43

23:17:30        CPU      %usr     %nice      %sys   %iowait    %steal      %irq     %soft    %guest    %gnice     %idle
23:17:31        all      6,08      0,00      3,04      0,25      0,00      0,25      1,27      0,00      0,00     89,11
23:17:31          0      6,12      0,00      2,04      0,00      0,00      0,00      0,00      0,00      0,00     91,84
23:17:31          1      6,06      0,00      2,02      1,01      0,00      0,00      0,00      0,00      0,00     90,91
23:17:31          2      7,07      0,00      3,03      0,00      0,00      0,00      0,00      0,00      0,00     89,90
23:17:31          3      5,05      0,00      5,05      0,00      0,00      1,01      5,05      0,00      0,00     83,84

23:17:31        CPU      %usr     %nice      %sys   %iowait    %steal      %irq     %soft    %guest    %gnice     %idle
23:17:32        all      0,00      0,00      0,00      0,00      0,00      0,00      0,00      0,00      0,00    100,00
23:17:32          0      0,00      0,00      0,00      0,00      0,00      0,00      0,00      0,00      0,00    100,00
23:17:32          1      0,00      0,00      0,00      0,00      0,00      0,00      0,00      0,00      0,00    100,00
23:17:32          2      0,00      0,00      0,00      0,00      0,00      0,00      0,00      0,00      0,00    100,00
23:17:32          3      0,00      0,00      0,00      0,00      0,00      0,00      0,00      0,00      0,00    100,00

23:17:32        CPU      %usr     %nice      %sys   %iowait    %steal      %irq     %soft    %guest    %gnice     %idle
23:17:33        all      0,00      0,00      0,00      0,00      0,00      0,00      0,25      0,00      0,00     99,75
23:17:33          0      0,00      0,00      0,00      0,00      0,00      0,00      0,00      0,00      0,00    100,00
23:17:33          1      0,00      0,00      0,00      0,00      0,00      0,00      0,00      0,00      0,00    100,00
23:17:33          2      0,00      0,00      0,00      0,00      0,00      0,00      0,00      0,00      0,00    100,00
23:17:33          3      0,00      0,00      0,00      0,00      0,00      0,00      1,00      0,00      0,00     99,00

23:17:33        CPU      %usr     %nice      %sys   %iowait    %steal      %irq     %soft    %guest    %gnice     %idle
23:17:34        all      0,74      0,00      0,00      0,25      0,00      0,99      0,99      0,00      0,00     97,02
23:17:34          0      0,99      0,00      0,00      0,00      0,00      0,00      0,00      0,00      0,00     99,01
23:17:34          1      0,99      0,00      0,00      0,00      0,00      0,99      0,00      0,00      0,00     98,02
23:17:34          2      0,99      0,00      0,00      0,99      0,00      0,00      0,00      0,00      0,00     98,02
23:17:34          3      0,00      0,00      0,00      0,00      0,00      3,00      4,00      0,00      0,00     93,00

23:17:34        CPU      %usr     %nice      %sys   %iowait    %steal      %irq     %soft    %guest    %gnice     %idle
23:17:35        all      0,00      0,00      0,25      0,00      0,00      0,50      1,26      0,00      0,00     97,98
23:17:35          0      0,00      0,00      0,00      0,00      0,00      0,00      0,00      0,00      0,00    100,00
23:17:35          1      0,00      0,00      0,00      0,00      0,00      0,00      0,00      0,00      0,00    100,00
23:17:35          2      0,00      0,00      1,00      0,00      0,00      0,00      0,00      0,00      0,00     99,00
23:17:35          3      0,00      0,00      0,00      0,00      0,00      2,04      5,10      0,00      0,00     92,86

23:17:35        CPU      %usr     %nice      %sys   %iowait    %steal      %irq     %soft    %guest    %gnice     %idle
23:17:36        all      0,00      0,00      0,00      0,00      0,00      0,50      1,00      0,00      0,00     98,50
23:17:36          0      0,00      0,00      0,00      0,00      0,00      0,00      0,00      0,00      0,00    100,00
23:17:36          1      0,00      0,00      0,00      0,00      0,00      0,00      0,00      0,00      0,00    100,00
23:17:36          2      0,00      0,00      0,00      0,00      0,00      0,00      0,00      0,00      0,00    100,00
23:17:36          3      0,00      0,00      0,00      0,00      0,00      2,00      4,00      0,00      0,00     94,00

23:17:36        CPU      %usr     %nice      %sys   %iowait    %steal      %irq     %soft    %guest    %gnice     %idle
23:17:37        all      0,25      0,00      0,25      0,25      0,00      0,00      0,50      0,00      0,00     98,76
23:17:37          0      0,00      0,00      1,00      0,00      0,00      0,00      0,00      0,00      0,00     99,00
23:17:37          1      0,00      0,00      0,00      1,00      0,00      0,00      0,00      0,00      0,00     99,00
23:17:37          2      0,00      0,00      0,00      0,00      0,00      0,00      0,99      0,00      0,00     99,01
23:17:37          3      0,99      0,00      0,00      0,00      0,00      0,00      0,99      0,00      0,00     98,02

23:17:37        CPU      %usr     %nice      %sys   %iowait    %steal      %irq     %soft    %guest    %gnice     %idle
23:17:38        all      0,00      0,00      0,25      0,00      0,00      0,00      0,00      0,00      0,00     99,75
23:17:38          0      0,00      0,00      0,00      0,00      0,00      0,00      0,00      0,00      0,00    100,00
23:17:38          1      0,00      0,00      0,99      0,00      0,00      0,00      0,00      0,00      0,00     99,01
23:17:38          2      0,00      0,00      0,00      0,00      0,00      0,00      0,00      0,00      0,00    100,00
23:17:38          3      0,00      0,00      0,00      0,00      0,00      0,00      0,00      0,00      0,00    100,00

23:17:38        CPU      %usr     %nice      %sys   %iowait    %steal      %irq     %soft    %guest    %gnice     %idle
23:17:39        all      8,59      0,00      6,31      0,00      0,00      1,26      1,77      0,00      0,00     82,07
23:17:39          0      8,08      0,00     11,11      0,00      0,00      0,00      0,00      0,00      0,00     80,81
23:17:39          1     10,00      0,00      4,00      0,00      0,00      0,00      0,00      0,00      0,00     86,00
23:17:39          2      8,08      0,00      6,06      0,00      0,00      0,00      0,00      0,00      0,00     85,86
23:17:39          3      8,16      0,00      4,08      0,00      0,00      5,10      7,14      0,00      0,00     75,51

23:17:39        CPU      %usr     %nice      %sys   %iowait    %steal      %irq     %soft    %guest    %gnice     %idle
23:17:40        all      8,73      0,00      4,99      0,00      0,00      1,50      2,24      0,00      0,00     82,54
23:17:40          0      8,08      0,00      5,05      0,00      0,00      0,00      0,00      0,00      0,00     86,87
23:17:40          1     10,00      0,00      4,00      0,00      0,00      0,00      0,00      0,00      0,00     86,00
23:17:40          2      8,00      0,00      5,00      0,00      0,00      1,00      0,00      0,00      0,00     86,00
23:17:40          3      8,82      0,00      5,88      0,00      0,00      4,90      8,82      0,00      0,00     71,57

23:17:40        CPU      %usr     %nice      %sys   %iowait    %steal      %irq     %soft    %guest    %gnice     %idle
23:17:41        all     10,78      0,00      5,01      0,25      0,00      1,00      2,51      0,00      0,00     80,45
23:17:41          0     11,11      0,00      4,04      0,00      0,00      0,00      0,00      0,00      0,00     84,85
23:17:41          1      9,28      0,00      4,12      0,00      0,00      0,00      0,00      0,00      0,00     86,60
23:17:41          2     10,89      0,00      5,94      0,00      0,00      0,00      0,00      0,00      0,00     83,17
23:17:41          3     11,76      0,00      5,88      0,98      0,00      3,92      9,80      0,00      0,00     67,65

23:17:41        CPU      %usr     %nice      %sys   %iowait    %steal      %irq     %soft    %guest    %gnice     %idle
23:17:42        all      6,84      0,00      4,56      0,00      0,00      1,27      2,53      0,00      0,00     84,81
23:17:42          0      7,00      0,00      5,00      0,00      0,00      1,00      0,00      0,00      0,00     87,00
23:17:42          1      7,14      0,00      4,08      0,00      0,00      0,00      0,00      0,00      0,00     88,78
23:17:42          2      7,14      0,00      4,08      0,00      0,00      0,00      0,00      0,00      0,00     88,78
23:17:42          3      6,06      0,00      5,05      0,00      0,00      4,04     10,10      0,00      0,00     74,75

23:17:42        CPU      %usr     %nice      %sys   %iowait    %steal      %irq     %soft    %guest    %gnice     %idle
23:17:43        all      0,00      0,00      0,25      0,00      0,00      0,00      0,25      0,00      0,00     99,50
23:17:43          0      0,00      0,00      0,00      0,00      0,00      0,00      0,00      0,00      0,00    100,00
23:17:43          1      0,00      0,00      0,00      0,00      0,00      0,00      0,00      0,00      0,00    100,00
23:17:43          2      0,00      0,00      0,99      0,00      0,00      0,00      0,00      0,00      0,00     99,01
23:17:43          3      0,00      0,00      0,00      0,00      0,00      0,00      1,01      0,00      0,00     98,99

23:17:43        CPU      %usr     %nice      %sys   %iowait    %steal      %irq     %soft    %guest    %gnice     %idle
23:17:44        all      6,57      0,00      3,28      0,00      0,00      0,76      1,52      0,00      0,00     87,88
23:17:44          0      7,07      0,00      3,03      0,00      0,00      0,00      0,00      0,00      0,00     89,90
23:17:44          1      6,06      0,00      4,04      0,00      0,00      0,00      0,00      0,00      0,00     89,90
23:17:44          2      8,08      0,00      3,03      0,00      0,00      0,00      0,00      0,00      0,00     88,89
23:17:44          3      5,05      0,00      3,03      0,00      0,00      3,03      6,06      0,00      0,00     82,83

23:17:44        CPU      %usr     %nice      %sys   %iowait    %steal      %irq     %soft    %guest    %gnice     %idle
23:17:45        all      5,84      0,00      3,05      0,00      0,00      0,76      1,52      0,00      0,00     88,83
23:17:45          0      6,00      0,00      3,00      0,00      0,00      0,00      1,00      0,00      0,00     90,00
23:17:45          1      6,25      0,00      2,08      0,00      0,00      0,00      0,00      0,00      0,00     91,67
23:17:45          2      7,07      0,00      4,04      0,00      0,00      0,00      0,00      0,00      0,00     88,89
23:17:45          3      4,04      0,00      3,03      0,00      0,00      3,03      5,05      0,00      0,00     84,85

23:17:45        CPU      %usr     %nice      %sys   %iowait    %steal      %irq     %soft    %guest    %gnice     %idle
23:17:46        all      7,48      0,00      3,99      0,25      0,00      1,00      1,75      0,00      0,00     85,54
23:17:46          0      8,08      0,00      3,03      0,00      0,00      0,00      0,00      0,00      0,00     88,89
23:17:46          1      7,84      0,00      4,90      0,98      0,00      0,00      0,00      0,00      0,00     86,27
23:17:46          2      7,00      0,00      4,00      0,00      0,00      0,00      0,00      0,00      0,00     89,00
23:17:46          3      7,00      0,00      4,00      0,00      0,00      4,00      7,00      0,00      0,00     78,00

23:17:46        CPU      %usr     %nice      %sys   %iowait    %steal      %irq     %soft    %guest    %gnice     %idle
23:17:47        all      9,48      0,00      5,74      0,00      0,00      1,00      2,24      0,00      0,00     81,55
23:17:47          0      9,09      0,00      5,05      0,00      0,00      0,00      0,00      0,00      0,00     85,86
23:17:47          1      9,90      0,00      5,94      0,00      0,00      0,00      0,00      0,00      0,00     84,16
23:17:47          2     10,89      0,00      4,95      0,00      0,00      0,00      0,00      0,00      0,00     84,16
23:17:47          3      8,00      0,00      7,00      0,00      0,00      4,00      9,00      0,00      0,00     72,00

23:17:47        CPU      %usr     %nice      %sys   %iowait    %steal      %irq     %soft    %guest    %gnice     %idle
23:17:48        all      9,11      0,00      4,56      0,00      0,00      1,01      2,03      0,00      0,00     83,29
23:17:48          0      9,18      0,00      4,08      0,00      0,00      0,00      0,00      0,00      0,00     86,73
23:17:48          1     10,10      0,00      4,04      0,00      0,00      0,00      0,00      0,00      0,00     85,86
23:17:48          2     10,10      0,00      5,05      0,00      0,00      0,00      0,00      0,00      0,00     84,85
23:17:48          3      7,07      0,00      5,05      0,00      0,00      4,04      8,08      0,00      0,00     75,76

23:17:48        CPU      %usr     %nice      %sys   %iowait    %steal      %irq     %soft    %guest    %gnice     %idle
23:17:49        all      5,81      0,00      3,03      0,00      0,00      1,01      2,02      0,00      0,00     88,13
23:17:49          0      6,00      0,00      4,00      0,00      0,00      0,00      0,00      0,00      0,00     90,00
23:17:49          1      7,07      0,00      2,02      0,00      0,00      1,01      0,00      0,00      0,00     89,90
23:17:49          2      5,05      0,00      4,04      0,00      0,00      0,00      0,00      0,00      0,00     90,91
23:17:49          3      5,10      0,00      2,04      0,00      0,00      3,06      8,16      0,00      0,00     81,63

23:17:49        CPU      %usr     %nice      %sys   %iowait    %steal      %irq     %soft    %guest    %gnice     %idle
23:17:50        all      6,31      0,00      3,03      0,00      0,00      0,76      1,52      0,00      0,00     88,38
23:17:50          0      5,15      0,00      3,09      0,00      0,00      0,00      0,00      0,00      0,00     91,75
23:17:50          1      7,07      0,00      3,03      0,00      0,00      0,00      0,00      0,00      0,00     89,90
23:17:50          2      7,92      0,00      3,96      0,00      0,00      0,00      0,00      0,00      0,00     88,12
23:17:50          3      5,05      0,00      2,02      0,00      0,00      3,03      6,06      0,00      0,00     83,84

23:17:50        CPU      %usr     %nice      %sys   %iowait    %steal      %irq     %soft    %guest    %gnice     %idle
23:17:51        all      5,28      0,00      2,76      0,00      0,00      0,50      1,26      0,00      0,00     90,20
23:17:51          0      5,88      0,00      3,92      0,00      0,00      0,00      0,00      0,00      0,00     90,20
23:17:51          1      5,10      0,00      2,04      0,00      0,00      0,00      0,00      0,00      0,00     92,86
23:17:51          2      4,12      0,00      2,06      0,00      0,00      0,00      0,00      0,00      0,00     93,81
23:17:51          3      5,94      0,00      2,97      0,00      0,00      1,98      4,95      0,00      0,00     84,16

23:17:51        CPU      %usr     %nice      %sys   %iowait    %steal      %irq     %soft    %guest    %gnice     %idle
23:17:52        all      7,54      0,00      4,02      0,25      0,00      1,26      1,76      0,00      0,00     85,18
23:17:52          0      8,00      0,00      4,00      0,00      0,00      0,00      0,00      0,00      0,00     88,00
23:17:52          1      8,91      0,00      3,96      0,99      0,00      0,00      0,00      0,00      0,00     86,14
23:17:52          2      7,00      0,00      4,00      0,00      0,00      1,00      0,00      0,00      0,00     88,00
23:17:52          3      6,19      0,00      4,12      0,00      0,00      4,12      7,22      0,00      0,00     78,35

23:17:52        CPU      %usr     %nice      %sys   %iowait    %steal      %irq     %soft    %guest    %gnice     %idle
23:17:53        all      6,22      0,00      3,48      0,00      0,00      0,75      1,74      0,00      0,00     87,81
23:17:53          0      7,92      0,00      2,97      0,00      0,00      0,00      0,00      0,00      0,00     89,11
23:17:53          1      5,00      0,00      4,00      0,00      0,00      0,00      0,00      0,00      0,00     91,00
23:17:53          2      7,00      0,00      3,00      0,00      0,00      0,00      0,00      0,00      0,00     90,00
23:17:53          3      4,95      0,00      3,96      0,00      0,00      2,97      6,93      0,00      0,00     81,19

23:17:53        CPU      %usr     %nice      %sys   %iowait    %steal      %irq     %soft    %guest    %gnice     %idle
23:17:54        all     10,41      0,00      5,08      0,00      0,00      1,02      2,03      0,00      0,00     81,47
23:17:54          0      9,09      0,00      6,06      0,00      0,00      0,00      0,00      0,00      0,00     84,85
23:17:54          1     11,11      0,00      5,05      0,00      0,00      0,00      0,00      0,00      0,00     83,84
23:17:54          2     11,22      0,00      4,08      0,00      0,00      0,00      0,00      0,00      0,00     84,69
23:17:54          3     10,20      0,00      5,10      0,00      0,00      4,08      8,16      0,00      0,00     72,45

23:17:54        CPU      %usr     %nice      %sys   %iowait    %steal      %irq     %soft    %guest    %gnice     %idle
23:17:55        all     14,11      0,00      8,06      0,00      0,00      1,51      3,02      0,00      0,00     73,30
23:17:55          0     14,00      0,00      9,00      0,00      0,00      1,00      0,00      0,00      0,00     76,00
23:17:55          1     15,31      0,00      6,12      0,00      0,00      0,00      0,00      0,00      0,00     78,57
23:17:55          2     15,00      0,00      7,00      0,00      0,00      0,00      0,00      0,00      0,00     78,00
23:17:55          3     12,12      0,00     10,10      0,00      0,00      5,05     12,12      0,00      0,00     60,61

23:17:55        CPU      %usr     %nice      %sys   %iowait    %steal      %irq     %soft    %guest    %gnice     %idle
23:17:56        all     10,78      0,00      6,27      0,00      0,00      1,00      2,51      0,00      0,00     79,45
23:17:56          0     11,11      0,00      5,05      0,00      0,00      0,00      0,00      0,00      0,00     83,84
23:17:56          1     11,00      0,00      7,00      0,00      0,00      0,00      0,00      0,00      0,00     82,00
23:17:56          2     11,22      0,00      5,10      0,00      0,00      0,00      0,00      0,00      0,00     83,67
23:17:56          3      9,80      0,00      7,84      0,00      0,00      3,92      9,80      0,00      0,00     68,63

23:17:56        CPU      %usr     %nice      %sys   %iowait    %steal      %irq     %soft    %guest    %gnice     %idle
23:17:57        all      7,91      0,00      3,83      1,53      0,00      0,77      1,53      0,00      0,00     84,44
23:17:57          0      8,25      0,00      3,09      0,00      0,00      0,00      0,00      0,00      0,00     88,66
23:17:57          1      7,14      0,00      4,08      4,08      0,00      0,00      0,00      0,00      0,00     84,69
23:17:57          2      9,09      0,00      4,04      2,02      0,00      0,00      0,00      0,00      0,00     84,85
23:17:57          3      7,14      0,00      4,08      0,00      0,00      3,06      6,12      0,00      0,00     79,59

23:17:57        CPU      %usr     %nice      %sys   %iowait    %steal      %irq     %soft    %guest    %gnice     %idle
23:17:58        all     16,04      0,00      9,02      0,25      0,00      1,25      3,01      0,00      0,00     70,43
23:17:58          0     16,33      0,00      8,16      0,00      0,00      0,00      0,00      0,00      0,00     75,51
23:17:58          1     16,00      0,00      8,00      1,00      0,00      0,00      0,00      0,00      0,00     75,00
23:17:58          2     17,17      0,00      8,08      0,00      0,00      0,00      0,00      0,00      0,00     74,75
23:17:58          3     14,71      0,00     11,76      0,00      0,00      4,90     11,76      0,00      0,00     56,86

23:17:58        CPU      %usr     %nice      %sys   %iowait    %steal      %irq     %soft    %guest    %gnice     %idle
23:17:59        all     15,79      0,00      9,02      0,00      0,00      1,50      3,26      0,00      0,00     70,43
23:17:59          0     15,15      0,00      9,09      0,00      0,00      0,00      0,00      0,00      0,00     75,76
23:17:59          1     16,83      0,00      7,92      0,00      0,00      0,99      0,00      0,00      0,00     74,26
23:17:59          2     17,00      0,00      8,00      0,00      0,00      0,00      0,00      0,00      0,00     75,00
23:17:59          3     14,14      0,00     11,11      0,00      0,00      5,05     13,13      0,00      0,00     56,57

23:17:59        CPU      %usr     %nice      %sys   %iowait    %steal      %irq     %soft    %guest    %gnice     %idle
23:18:00        all     13,49      0,00      7,38      0,00      0,00      1,02      3,05      0,00      0,00     75,06
23:18:00          0     15,15      0,00      7,07      0,00      0,00      0,00      0,00      0,00      0,00     77,78
23:18:00          1     13,40      0,00      7,22      0,00      0,00      0,00      0,00      0,00      0,00     79,38
23:18:00          2     14,29      0,00      5,10      0,00      0,00      0,00      0,00      0,00      0,00     80,61
23:18:00          3     11,11      0,00     10,10      0,00      0,00      4,04     12,12      0,00      0,00     62,63

23:18:00        CPU      %usr     %nice      %sys   %iowait    %steal      %irq     %soft    %guest    %gnice     %idle
23:18:01        all     16,29      0,00     11,28      0,00      0,00      1,50      3,51      0,00      0,00     67,42
23:18:01          0     16,16      0,00     14,14      0,00      0,00      0,00      0,00      0,00      0,00     69,70
23:18:01          1     17,82      0,00      9,90      0,00      0,00      0,00      0,99      0,00      0,00     71,29
23:18:01          2     19,00      0,00      9,00      0,00      0,00      1,00      0,00      0,00      0,00     71,00
23:18:01          3     12,12      0,00     12,12      0,00      0,00      5,05     13,13      0,00      0,00     57,58

23:18:01        CPU      %usr     %nice      %sys   %iowait    %steal      %irq     %soft    %guest    %gnice     %idle
23:18:02        all     18,23      0,00     10,13      0,00      0,00      1,52      3,29      0,00      0,00     66,84
23:18:02          0     19,19      0,00     12,12      0,00      0,00      1,01      0,00      0,00      0,00     67,68
23:18:02          1     20,41      0,00      8,16      0,00      0,00      0,00      0,00      0,00      0,00     71,43
23:18:02          2     18,56      0,00      8,25      0,00      0,00      0,00      0,00      0,00      0,00     73,20
23:18:02          3     14,85      0,00     11,88      0,00      0,00      4,95     12,87      0,00      0,00     55,45

23:18:02        CPU      %usr     %nice      %sys   %iowait    %steal      %irq     %soft    %guest    %gnice     %idle
23:18:03        all     15,46      0,00      8,73      0,00      0,00      1,00      2,99      0,00      0,00     71,82
23:18:03          0     15,00      0,00      9,00      0,00      0,00      0,00      0,00      0,00      0,00     76,00
23:18:03          1     16,16      0,00      8,08      0,00      0,00      0,00      0,00      0,00      0,00     75,76
23:18:03          2     16,83      0,00      8,91      0,00      0,00      0,00      0,00      0,00      0,00     74,26
23:18:03          3     13,86      0,00      8,91      0,00      0,00      3,96     11,88      0,00      0,00     61,39

23:18:03        CPU      %usr     %nice      %sys   %iowait    %steal      %irq     %soft    %guest    %gnice     %idle
23:18:04        all     13,28      0,00      8,27      0,00      0,00      1,25      3,01      0,00      0,00     74,19
23:18:04          0     13,13      0,00      8,08      0,00      0,00      0,00      0,00      0,00      0,00     78,79
23:18:04          1     15,84      0,00      6,93      0,00      0,00      0,00      0,00      0,00      0,00     77,23
23:18:04          2     12,24      0,00      7,14      0,00      0,00      0,00      0,00      0,00      0,00     80,61
23:18:04          3     11,88      0,00     10,89      0,00      0,00      4,95     11,88      0,00      0,00     60,40

23:18:04        CPU      %usr     %nice      %sys   %iowait    %steal      %irq     %soft    %guest    %gnice     %idle
23:18:05        all      9,57      0,00      4,79      0,00      0,00      1,01      1,76      0,00      0,00     82,87
23:18:05          0      9,09      0,00      5,05      0,00      0,00      0,00      0,00      0,00      0,00     85,86
23:18:05          1     10,89      0,00      3,96      0,00      0,00      0,99      0,00      0,00      0,00     84,16
23:18:05          2     10,20      0,00      4,08      0,00      0,00      0,00      0,00      0,00      0,00     85,71
23:18:05          3      8,08      0,00      6,06      0,00      0,00      3,03      7,07      0,00      0,00     75,76

23:18:05        CPU      %usr     %nice      %sys   %iowait    %steal      %irq     %soft    %guest    %gnice     %idle
23:18:06        all     13,43      0,00      7,96      0,25      0,00      1,24      2,49      0,00      0,00     74,63
23:18:06          0     11,11      0,00     10,10      0,00      0,00      0,00      0,00      0,00      0,00     78,79
23:18:06          1     14,85      0,00      6,93      0,99      0,00      0,00      0,00      0,00      0,00     77,23
23:18:06          2     14,56      0,00      6,80      0,00      0,00      0,97      0,97      0,00      0,00     76,70
23:18:06          3     13,13      0,00      8,08      0,00      0,00      4,04      9,09      0,00      0,00     65,66

23:18:06        CPU      %usr     %nice      %sys   %iowait    %steal      %irq     %soft    %guest    %gnice     %idle
23:18:07        all     16,12      0,00      9,07      0,00      0,00      1,26      3,27      0,00      0,00     70,28
23:18:07          0     15,31      0,00      9,18      0,00      0,00      0,00      0,00      0,00      0,00     75,51
23:18:07          1     16,16      0,00      9,09      0,00      0,00      0,00      0,00      0,00      0,00     74,75
23:18:07          2     17,35      0,00      7,14      0,00      0,00      0,00      0,00      0,00      0,00     75,51
23:18:07          3     15,69      0,00     10,78      0,00      0,00      4,90     12,75      0,00      0,00     55,88

23:18:07        CPU      %usr     %nice      %sys   %iowait    %steal      %irq     %soft    %guest    %gnice     %idle
23:18:08        all     17,84      0,00      8,79      0,00      0,00      1,26      3,27      0,00      0,00     68,84
23:18:08          0     18,18      0,00      8,08      0,00      0,00      0,00      1,01      0,00      0,00     72,73
23:18:08          1     18,00      0,00      9,00      0,00      0,00      0,00      0,00      0,00      0,00     73,00
23:18:08          2     20,00      0,00      7,00      0,00      0,00      0,00      0,00      0,00      0,00     73,00
23:18:08          3     15,15      0,00     11,11      0,00      0,00      5,05     12,12      0,00      0,00     56,57

23:18:08        CPU      %usr     %nice      %sys   %iowait    %steal      %irq     %soft    %guest    %gnice     %idle
23:18:09        all     13,50      0,00      7,75      0,00      0,00      1,00      3,00      0,00      0,00     74,75
23:18:09          0     14,14      0,00      7,07      0,00      0,00      0,00      0,00      0,00      0,00     78,79
23:18:09          1     15,69      0,00      6,86      0,00      0,00      0,00      0,00      0,00      0,00     77,45
23:18:09          2     14,29      0,00      6,12      0,00      0,00      0,00      0,00      0,00      0,00     79,59
23:18:09          3      9,90      0,00     10,89      0,00      0,00      3,96     11,88      0,00      0,00     63,37

23:18:09        CPU      %usr     %nice      %sys   %iowait    %steal      %irq     %soft    %guest    %gnice     %idle
23:18:10        all     10,53      0,00      6,77      0,00      0,00      1,25      3,01      0,00      0,00     78,45
23:18:10          0     10,00      0,00      7,00      0,00      0,00      1,00      0,00      0,00      0,00     82,00
23:18:10          1     13,00      0,00      6,00      0,00      0,00      0,00      0,00      0,00      0,00     81,00
23:18:10          2     10,20      0,00      6,12      0,00      0,00      0,00      0,00      0,00      0,00     83,67
23:18:10          3      8,91      0,00      7,92      0,00      0,00      3,96     11,88      0,00      0,00     67,33

23:18:10        CPU      %usr     %nice      %sys   %iowait    %steal      %irq     %soft    %guest    %gnice     %idle
23:18:11        all      3,53      0,00      1,51      0,00      0,00      0,50      1,26      0,00      0,00     93,20
23:18:11          0      4,04      0,00      1,01      0,00      0,00      0,00      0,00      0,00      0,00     94,95
23:18:11          1      3,03      0,00      2,02      0,00      0,00      0,00      0,00      0,00      0,00     94,95
23:18:11          2      4,04      0,00      1,01      0,00      0,00      0,00      0,00      0,00      0,00     94,95
23:18:11          3      3,00      0,00      2,00      0,00      0,00      2,00      5,00      0,00      0,00     88,00

23:18:11        CPU      %usr     %nice      %sys   %iowait    %steal      %irq     %soft    %guest    %gnice     %idle
23:18:12        all      0,00      0,00      0,25      0,25      0,00      0,25      0,50      0,00      0,00     98,76
23:18:12          0      0,00      0,00      0,99      0,00      0,00      0,00      0,00      0,00      0,00     99,01
23:18:12          1      0,00      0,00      0,00      0,99      0,00      0,00      0,00      0,00      0,00     99,01
23:18:12          2      0,00      0,00      0,00      0,00      0,00      0,00      0,00      0,00      0,00    100,00
23:18:12          3      0,00      0,00      0,00      0,00      0,00      1,00      2,00      0,00      0,00     97,00

23:18:12        CPU      %usr     %nice      %sys   %iowait    %steal      %irq     %soft    %guest    %gnice     %idle
23:18:13        all      0,00      0,00      0,25      0,00      0,00      0,00      0,50      0,00      0,00     99,24
23:18:13          0      0,00      0,00      0,00      0,00      0,00      0,00      0,00      0,00      0,00    100,00
23:18:13          1      0,00      0,00      0,00      0,00      0,00      0,00      0,00      0,00      0,00    100,00
23:18:13          2      0,00      0,00      1,00      0,00      0,00      0,00      0,00      0,00      0,00     99,00
23:18:13          3      0,00      0,00      0,00      0,00      0,00      0,00      2,04      0,00      0,00     97,96

23:18:13        CPU      %usr     %nice      %sys   %iowait    %steal      %irq     %soft    %guest    %gnice     %idle
23:18:14        all      0,50      0,00      0,00      0,00      0,00      0,50      1,00      0,00      0,00     98,01
23:18:14          0      0,00      0,00      0,00      0,00      0,00      0,00      0,00      0,00      0,00    100,00
23:18:14          1      0,00      0,00      0,00      0,00      0,00      0,00      0,00      0,00      0,00    100,00
23:18:14          2      0,99      0,00      0,00      0,00      0,00      0,00      0,00      0,00      0,00     99,01
23:18:14          3      0,98      0,00      0,00      0,00      0,00      1,96      3,92      0,00      0,00     93,14

23:18:14        CPU      %usr     %nice      %sys   %iowait    %steal      %irq     %soft    %guest    %gnice     %idle
23:18:15        all      0,00      0,00      0,00      0,00      0,00      0,50      1,25      0,00      0,00     98,25
23:18:15          0      0,00      0,00      0,00      0,00      0,00      0,00      0,00      0,00      0,00    100,00
23:18:15          1      0,00      0,00      0,00      0,00      0,00      0,00      0,00      0,00      0,00    100,00
23:18:15          2      0,00      0,00      0,00      0,00      0,00      0,00      0,00      0,00      0,00    100,00
23:18:15          3      0,00      0,00      0,00      0,00      0,00      2,02      5,05      0,00      0,00     92,93

23:18:15        CPU      %usr     %nice      %sys   %iowait    %steal      %irq     %soft    %guest    %gnice     %idle
23:18:16        all      0,50      0,00      0,00      0,00      0,00      0,50      1,00      0,00      0,00     97,99
23:18:16          0      1,00      0,00      0,00      0,00      0,00      0,00      0,00      0,00      0,00     99,00
23:18:16          1      1,00      0,00      0,00      0,00      0,00      0,00      0,00      0,00      0,00     99,00
23:18:16          2      0,00      0,00      0,00      0,00      0,00      0,00      0,00      0,00      0,00    100,00
23:18:16          3      0,00      0,00      0,00      0,00      0,00      2,00      4,00      0,00      0,00     94,00

23:18:16        CPU      %usr     %nice      %sys   %iowait    %steal      %irq     %soft    %guest    %gnice     %idle
23:18:17        all      0,25      0,00      0,00      0,00      0,00      0,25      0,50      0,00      0,00     99,00
23:18:17          0      0,00      0,00      0,00      0,00      0,00      0,00      0,00      0,00      0,00    100,00
23:18:17          1      0,00      0,00      0,00      0,00      0,00      0,00      0,00      0,00      0,00    100,00
23:18:17          2      1,00      0,00      0,00      0,00      0,00      0,00      0,00      0,00      0,00     99,00
23:18:17          3      0,00      0,00      0,00      0,00      0,00      1,01      2,02      0,00      0,00     96,97

23:18:17        CPU      %usr     %nice      %sys   %iowait    %steal      %irq     %soft    %guest    %gnice     %idle
23:18:18        all      1,01      0,00      0,75      0,25      0,00      0,25      0,50      0,00      0,00     97,24
23:18:18          0      0,00      0,00      0,00      0,00      0,00      0,00      0,00      0,00      0,00    100,00
23:18:18          1      1,00      0,00      1,00      1,00      0,00      0,00      0,00      0,00      0,00     97,00
23:18:18          2      1,00      0,00      1,00      0,00      0,00      0,00      0,00      0,00      0,00     98,00
23:18:18          3      2,00      0,00      1,00      0,00      0,00      1,00      2,00      0,00      0,00     94,00

23:18:18        CPU      %usr     %nice      %sys   %iowait    %steal      %irq     %soft    %guest    %gnice     %idle
23:18:19        all      3,54      0,00      2,02      0,00      0,00      0,51      1,26      0,00      0,00     92,68
23:18:19          0      4,04      0,00      2,02      0,00      0,00      0,00      0,00      0,00      0,00     93,94
23:18:19          1      4,04      0,00      2,02      0,00      0,00      0,00      0,00      0,00      0,00     93,94
23:18:19          2      3,09      0,00      1,03      0,00      0,00      0,00      0,00      0,00      0,00     95,88
23:18:19          3      2,97      0,00      2,97      0,00      0,00      1,98      4,95      0,00      0,00     87,13

23:18:19        CPU      %usr     %nice      %sys   %iowait    %steal      %irq     %soft    %guest    %gnice     %idle
23:18:20        all      5,54      0,00      3,02      0,00      0,00      0,50      1,01      0,00      0,00     89,92
23:18:20          0      6,00      0,00      3,00      0,00      0,00      0,00      0,00      0,00      0,00     91,00
23:18:20          1      6,06      0,00      3,03      0,00      0,00      0,00      0,00      0,00      0,00     90,91
23:18:20          2      6,06      0,00      3,03      0,00      0,00      0,00      0,00      0,00      0,00     90,91
23:18:20          3      4,04      0,00      3,03      0,00      0,00      2,02      4,04      0,00      0,00     86,87

Média:         CPU      %usr     %nice      %sys   %iowait    %steal      %irq     %soft    %guest    %gnice     %idle
Média:         all      6,80      0,00      3,70      0,08      0,00      0,73      1,63      0,00      0,00     87,07
Média:           0      6,77      0,00      3,81      0,00      0,00      0,08      0,03      0,00      0,00     89,30
Média:           1      7,19      0,00      3,38      0,23      0,00      0,07      0,03      0,00      0,00     89,09
Média:           2      7,11      0,00      3,35      0,05      0,00      0,08      0,03      0,00      0,00     89,37
Média:           3      6,12      0,00      4,24      0,02      0,00      2,69      6,42      0,00      0,00     80,52
