Linux 5.14.0-503.19.1.el9_5.x86_64 (localhost.localdomain) 	15/04/2025 	_x86_64_	(4 CPU)

23:14:02        CPU      %usr     %nice      %sys   %iowait    %steal      %irq     %soft    %guest    %gnice     %idle
23:14:03        all      0,00      0,00      0,00      0,00      0,00      0,00      0,00      0,00      0,00    100,00
23:14:03          0      0,00      0,00      0,00      0,00      0,00      0,00      0,00      0,00      0,00    100,00
23:14:03          1      0,00      0,00      0,00      0,00      0,00      0,00      0,00      0,00      0,00    100,00
23:14:03          2      0,00      0,00      0,00      0,00      0,00      0,00      0,00      0,00      0,00    100,00
23:14:03          3      0,00      0,00      0,00      0,00      0,00      0,00      0,00      0,00      0,00    100,00

23:14:03        CPU      %usr     %nice      %sys   %iowait    %steal      %irq     %soft    %guest    %gnice     %idle
23:14:04        all      0,00      0,00      0,00      0,00      0,00      0,00      0,00      0,00      0,00    100,00
23:14:04          0      0,00      0,00      0,00      0,00      0,00      0,00      0,00      0,00      0,00    100,00
23:14:04          1      0,00      0,00      0,00      0,00      0,00      0,00      0,00      0,00      0,00    100,00
23:14:04          2      0,00      0,00      0,00      0,00      0,00      0,00      0,00      0,00      0,00    100,00
23:14:04          3      0,00      0,00      0,00      0,00      0,00      0,00      0,00      0,00      0,00    100,00

23:14:04        CPU      %usr     %nice      %sys   %iowait    %steal      %irq     %soft    %guest    %gnice     %idle
23:14:05        all      0,00      0,00      0,00      0,00      0,00      0,00      0,00      0,00      0,00    100,00
23:14:05          0      0,00      0,00      0,00      0,00      0,00      0,00      0,00      0,00      0,00    100,00
23:14:05          1      0,00      0,00      0,00      0,00      0,00      0,00      0,00      0,00      0,00    100,00
23:14:05          2      0,00      0,00      0,00      0,00      0,00      0,00      0,00      0,00      0,00    100,00
23:14:05          3      0,00      0,00      0,00      0,00      0,00      0,00      0,00      0,00      0,00    100,00

23:14:05        CPU      %usr     %nice      %sys   %iowait    %steal      %irq     %soft    %guest    %gnice     %idle
23:14:06        all      0,00      0,00      0,00      0,00      0,00      0,50      1,25      0,00      0,00     98,25
23:14:06          0      0,00      0,00      0,00      0,00      0,00      0,00      0,00      0,00      0,00    100,00
23:14:06          1      0,00      0,00      0,00      0,00      0,00      0,00      0,00      0,00      0,00    100,00
23:14:06          2      0,00      0,00      0,00      0,00      0,00      0,00      0,00      0,00      0,00    100,00
23:14:06          3      0,00      0,00      0,00      0,00      0,00      2,00      5,00      0,00      0,00     93,00

23:14:06        CPU      %usr     %nice      %sys   %iowait    %steal      %irq     %soft    %guest    %gnice     %idle
23:14:07        all      0,00      0,00      0,25      0,25      0,00      0,75      1,24      0,00      0,00     97,51
23:14:07          0      0,00      0,00      0,00      0,00      0,00      0,00      0,00      0,00      0,00    100,00
23:14:07          1      0,00      0,00      0,00      0,99      0,00      0,00      0,00      0,00      0,00     99,01
23:14:07          2      0,00      0,00      0,99      0,00      0,00      0,00      0,00      0,00      0,00     99,01
23:14:07          3      0,00      0,00      0,00      0,00      0,00      3,00      5,00      0,00      0,00     92,00

23:14:07        CPU      %usr     %nice      %sys   %iowait    %steal      %irq     %soft    %guest    %gnice     %idle
23:14:08        all      0,00      0,00      0,00      0,00      0,00      0,25      0,50      0,00      0,00     99,25
23:14:08          0      0,00      0,00      0,00      0,00      0,00      0,00      0,00      0,00      0,00    100,00
23:14:08          1      0,00      0,00      0,00      0,00      0,00      0,00      0,00      0,00      0,00    100,00
23:14:08          2      0,00      0,00      0,00      0,00      0,00      0,00      0,00      0,00      0,00    100,00
23:14:08          3      0,00      0,00      0,00      0,00      0,00      1,01      2,02      0,00      0,00     96,97

23:14:08        CPU      %usr     %nice      %sys   %iowait    %steal      %irq     %soft    %guest    %gnice     %idle
23:14:09        all      0,00      0,00      0,25      0,00      0,00      0,00      0,00      0,00      0,00     99,75
23:14:09          0      0,00      0,00      0,00      0,00      0,00      0,00      0,00      0,00      0,00    100,00
23:14:09          1      0,00      0,00      1,00      0,00      0,00      0,00      0,00      0,00      0,00     99,00
23:14:09          2      0,00      0,00      0,00      0,00      0,00      0,00      0,00      0,00      0,00    100,00
23:14:09          3      0,00      0,00      0,00      0,00      0,00      0,00      0,00      0,00      0,00    100,00

23:14:09        CPU      %usr     %nice      %sys   %iowait    %steal      %irq     %soft    %guest    %gnice     %idle
23:14:10        all      0,00      0,00      0,00      0,00      0,00      0,00      0,00      0,00      0,00    100,00
23:14:10          0      0,00      0,00      0,00      0,00      0,00      0,00      0,00      0,00      0,00    100,00
23:14:10          1      0,00      0,00      0,00      0,00      0,00      0,00      0,00      0,00      0,00    100,00
23:14:10          2      0,00      0,00      0,00      0,00      0,00      0,00      0,00      0,00      0,00    100,00
23:14:10          3      0,00      0,00      0,00      0,00      0,00      0,00      0,00      0,00      0,00    100,00

23:14:10        CPU      %usr     %nice      %sys   %iowait    %steal      %irq     %soft    %guest    %gnice     %idle
23:14:11        all      0,50      0,00      0,25      0,00      0,00      0,75      1,25      0,00      0,00     97,26
23:14:11          0      0,99      0,00      0,99      0,00      0,00      0,00      0,00      0,00      0,00     98,02
23:14:11          1      1,00      0,00      0,00      0,00      0,00      0,00      0,00      0,00      0,00     99,00
23:14:11          2      0,00      0,00      0,00      0,00      0,00      0,00      0,00      0,00      0,00    100,00
23:14:11          3      0,00      0,00      0,00      0,00      0,00      2,97      4,95      0,00      0,00     92,08

23:14:11        CPU      %usr     %nice      %sys   %iowait    %steal      %irq     %soft    %guest    %gnice     %idle
23:14:12        all      0,25      0,00      0,00      0,00      0,00      0,50      1,00      0,00      0,00     98,25
23:14:12          0      0,00      0,00      0,00      0,00      0,00      0,00      0,00      0,00      0,00    100,00
23:14:12          1      0,00      0,00      0,00      0,00      0,00      0,00      0,00      0,00      0,00    100,00
23:14:12          2      0,99      0,00      0,00      0,00      0,00      0,00      0,00      0,00      0,00     99,01
23:14:12          3      0,00      0,00      0,00      0,00      0,00      2,04      4,08      0,00      0,00     93,88

23:14:12        CPU      %usr     %nice      %sys   %iowait    %steal      %irq     %soft    %guest    %gnice     %idle
23:14:13        all      0,00      0,00      0,00      0,25      0,00      0,50      0,75      0,00      0,00     98,50
23:14:13          0      0,00      0,00      0,00      0,00      0,00      0,00      0,00      0,00      0,00    100,00
23:14:13          1      0,00      0,00      0,00      1,00      0,00      0,00      0,00      0,00      0,00     99,00
23:14:13          2      0,00      0,00      0,00      0,00      0,00      0,00      0,00      0,00      0,00    100,00
23:14:13          3      0,00      0,00      0,00      0,00      0,00      2,00      3,00      0,00      0,00     95,00

23:14:13        CPU      %usr     %nice      %sys   %iowait    %steal      %irq     %soft    %guest    %gnice     %idle
23:14:14        all      0,50      0,00      0,25      0,00      0,00      0,25      0,00      0,00      0,00     99,00
23:14:14          0      0,99      0,00      0,00      0,00      0,00      0,99      0,00      0,00      0,00     98,02
23:14:14          1      1,00      0,00      0,00      0,00      0,00      0,00      0,00      0,00      0,00     99,00
23:14:14          2      0,00      0,00      1,00      0,00      0,00      0,00      0,00      0,00      0,00     99,00
23:14:14          3      0,00      0,00      0,00      0,00      0,00      0,00      0,00      0,00      0,00    100,00

23:14:14        CPU      %usr     %nice      %sys   %iowait    %steal      %irq     %soft    %guest    %gnice     %idle
23:14:15        all      0,25      0,00      0,00      0,00      0,00      0,00      0,00      0,00      0,00     99,75
23:14:15          0      0,00      0,00      0,00      0,00      0,00      0,00      0,00      0,00      0,00    100,00
23:14:15          1      0,00      0,00      0,00      0,00      0,00      0,00      0,00      0,00      0,00    100,00
23:14:15          2      0,00      0,00      0,00      0,00      0,00      0,00      0,00      0,00      0,00    100,00
23:14:15          3      0,99      0,00      0,00      0,00      0,00      0,00      0,00      0,00      0,00     99,01

23:14:15        CPU      %usr     %nice      %sys   %iowait    %steal      %irq     %soft    %guest    %gnice     %idle
23:14:16        all      6,50      0,00      5,75      0,00      0,00      1,00      1,25      0,00      0,00     85,50
23:14:16          0      6,00      0,00     12,00      0,00      0,00      0,00      0,00      0,00      0,00     82,00
23:14:16          1      7,77      0,00      4,85      0,00      0,00      0,97      0,00      0,00      0,00     86,41
23:14:16          2      7,14      0,00      2,04      0,00      0,00      0,00      0,00      0,00      0,00     90,82
23:14:16          3      5,05      0,00      4,04      0,00      0,00      3,03      5,05      0,00      0,00     82,83

23:14:16        CPU      %usr     %nice      %sys   %iowait    %steal      %irq     %soft    %guest    %gnice     %idle
23:14:17        all     13,37      0,00      6,93      0,00      0,00      1,24      2,48      0,00      0,00     75,99
23:14:17          0     14,42      0,00      7,69      0,00      0,00      0,00      0,96      0,00      0,00     76,92
23:14:17          1     13,00      0,00      6,00      0,00      0,00      0,00      1,00      0,00      0,00     80,00
23:14:17          2     13,13      0,00      6,06      0,00      0,00      0,00      0,00      0,00      0,00     80,81
23:14:17          3     12,87      0,00      7,92      0,00      0,00      4,95      7,92      0,00      0,00     66,34

23:14:17        CPU      %usr     %nice      %sys   %iowait    %steal      %irq     %soft    %guest    %gnice     %idle
23:14:18        all     16,29      0,00      8,52      0,00      0,00      1,25      2,76      0,00      0,00     71,18
23:14:18          0     17,65      0,00      8,82      0,00      0,00      0,00      0,00      0,00      0,00     73,53
23:14:18          1     16,33      0,00      7,14      0,00      0,00      0,00      0,00      0,00      0,00     76,53
23:14:18          2     15,46      0,00      6,19      0,00      0,00      0,00      0,00      0,00      0,00     78,35
23:14:18          3     15,69      0,00     11,76      0,00      0,00      4,90     10,78      0,00      0,00     56,86

23:14:18        CPU      %usr     %nice      %sys   %iowait    %steal      %irq     %soft    %guest    %gnice     %idle
23:14:19        all     20,25      0,00      9,87      0,00      0,00      1,52      3,29      0,00      0,00     65,06
23:14:19          0     23,47      0,00      7,14      0,00      0,00      0,00      0,00      0,00      0,00     69,39
23:14:19          1     20,20      0,00     10,10      0,00      0,00      0,00      0,00      0,00      0,00     69,70
23:14:19          2     20,00      0,00     10,00      0,00      0,00      1,00      0,00      0,00      0,00     69,00
23:14:19          3     17,35      0,00     12,24      0,00      0,00      5,10     13,27      0,00      0,00     52,04

23:14:19        CPU      %usr     %nice      %sys   %iowait    %steal      %irq     %soft    %guest    %gnice     %idle
23:14:20        all     20,26      0,00      9,49      0,00      0,00      1,28      3,33      0,00      0,00     65,64
23:14:20          0     22,00      0,00     10,00      0,00      0,00      0,00      0,00      0,00      0,00     68,00
23:14:20          1     21,88      0,00      7,29      0,00      0,00      0,00      0,00      0,00      0,00     70,83
23:14:20          2     18,75      0,00     10,42      0,00      0,00      0,00      0,00      0,00      0,00     70,83
23:14:20          3     18,37      0,00     10,20      0,00      0,00      5,10     13,27      0,00      0,00     53,06

23:14:20        CPU      %usr     %nice      %sys   %iowait    %steal      %irq     %soft    %guest    %gnice     %idle
23:14:21        all     23,35      0,00     13,45      0,25      0,00      1,27      3,81      0,00      0,00     57,87
23:14:21          0     26,00      0,00     12,00      0,00      0,00      1,00      0,00      0,00      0,00     61,00
23:14:21          1     23,96      0,00     11,46      1,04      0,00      0,00      0,00      0,00      0,00     63,54
23:14:21          2     25,25      0,00     13,13      0,00      0,00      0,00      0,00      0,00      0,00     61,62
23:14:21          3     18,18      0,00     17,17      0,00      0,00      4,04     15,15      0,00      0,00     45,45

23:14:21        CPU      %usr     %nice      %sys   %iowait    %steal      %irq     %soft    %guest    %gnice     %idle
23:14:22        all     25,00      0,00     13,25      0,00      0,00      1,50      3,75      0,00      0,00     56,50
23:14:22          0     25,51      0,00     12,24      0,00      0,00      0,00      0,00      0,00      0,00     62,24
23:14:22          1     26,73      0,00     11,88      0,00      0,00      0,99      0,00      0,00      0,00     60,40
23:14:22          2     28,71      0,00     11,88      0,00      0,00      0,00      0,00      0,00      0,00     59,41
23:14:22          3     19,00      0,00     17,00      0,00      0,00      5,00     15,00      0,00      0,00     44,00

23:14:22        CPU      %usr     %nice      %sys   %iowait    %steal      %irq     %soft    %guest    %gnice     %idle
23:14:23        all     16,11      0,00      8,70      0,00      0,00      0,77      2,81      0,00      0,00     71,61
23:14:23          0     17,35      0,00      9,18      0,00      0,00      0,00      0,00      0,00      0,00     73,47
23:14:23          1     16,49      0,00      8,25      0,00      0,00      0,00      0,00      0,00      0,00     75,26
23:14:23          2     16,67      0,00      6,25      0,00      0,00      0,00      0,00      0,00      0,00     77,08
23:14:23          3     14,00      0,00     11,00      0,00      0,00      3,00     11,00      0,00      0,00     61,00

23:14:23        CPU      %usr     %nice      %sys   %iowait    %steal      %irq     %soft    %guest    %gnice     %idle
23:14:24        all     23,69      0,00     12,22      0,00      0,00      1,50      3,74      0,00      0,00     58,85
23:14:24          0     25,74      0,00     11,88      0,00      0,00      0,00      0,00      0,00      0,00     62,38
23:14:24          1     25,25      0,00     11,11      0,00      0,00      0,00      0,00      0,00      0,00     63,64
23:14:24          2     24,24      0,00     11,11      0,00      0,00      1,01      0,00      0,00      0,00     63,64
23:14:24          3     19,61      0,00     14,71      0,00      0,00      4,90     14,71      0,00      0,00     46,08

23:14:24        CPU      %usr     %nice      %sys   %iowait    %steal      %irq     %soft    %guest    %gnice     %idle
23:14:25        all     24,81      0,00     13,55      0,00      0,00      1,02      3,84      0,00      0,00     56,78
23:14:25          0     26,53      0,00     12,24      0,00      0,00      0,00      0,00      0,00      0,00     61,22
23:14:25          1     25,77      0,00     12,37      0,00      0,00      0,00      0,00      0,00      0,00     61,86
23:14:25          2     28,28      0,00     12,12      0,00      0,00      0,00      0,00      0,00      0,00     59,60
23:14:25          3     18,56      0,00     17,53      0,00      0,00      4,12     15,46      0,00      0,00     44,33

23:14:25        CPU      %usr     %nice      %sys   %iowait    %steal      %irq     %soft    %guest    %gnice     %idle
23:14:26        all     23,54      0,00     13,16      0,51      0,00      1,52      3,80      0,00      0,00     57,47
23:14:26          0     25,51      0,00     12,24      0,00      0,00      1,02      0,00      0,00      0,00     61,22
23:14:26          1     25,51      0,00     12,24      0,00      0,00      0,00      0,00      0,00      0,00     62,24
23:14:26          2     25,51      0,00     11,22      2,04      0,00      0,00      0,00      0,00      0,00     61,22
23:14:26          3     17,82      0,00     16,83      0,00      0,00      4,95     14,85      0,00      0,00     45,54

23:14:26        CPU      %usr     %nice      %sys   %iowait    %steal      %irq     %soft    %guest    %gnice     %idle
23:14:27        all     25,77      0,00     14,03      0,26      0,00      1,28      4,34      0,00      0,00     54,34
23:14:27          0     28,87      0,00     12,37      0,00      0,00      0,00      0,00      0,00      0,00     58,76
23:14:27          1     26,53      0,00     13,27      0,00      0,00      1,02      0,00      0,00      0,00     59,18
23:14:27          2     27,55      0,00     12,24      1,02      0,00      0,00      0,00      0,00      0,00     59,18
23:14:27          3     20,20      0,00     18,18      0,00      0,00      4,04     17,17      0,00      0,00     40,40

23:14:27        CPU      %usr     %nice      %sys   %iowait    %steal      %irq     %soft    %guest    %gnice     %idle
23:14:28        all     26,65      0,00     12,69      0,00      0,00      1,52      4,06      0,00      0,00     55,08
23:14:28          0     28,57      0,00     11,22      0,00      0,00      0,00      0,00      0,00      0,00     60,20
23:14:28          1     29,59      0,00     11,22      0,00      0,00      0,00      0,00      0,00      0,00     59,18
23:14:28          2     26,80      0,00     12,37      0,00      0,00      1,03      0,00      0,00      0,00     59,79
23:14:28          3     21,78      0,00     15,84      0,00      0,00      4,95     15,84      0,00      0,00     41,58

23:14:28        CPU      %usr     %nice      %sys   %iowait    %steal      %irq     %soft    %guest    %gnice     %idle
23:14:29        all     23,81      0,00      9,52      0,50      0,00      0,75      3,51      0,00      0,00     61,90
23:14:29          0     24,49      0,00      9,18      0,00      0,00      0,00      0,00      0,00      0,00     66,33
23:14:29          1     26,47      0,00      8,82      0,98      0,00      0,00      0,00      0,00      0,00     63,73
23:14:29          2     25,25      0,00      8,08      0,00      0,00      0,00      0,00      0,00      0,00     66,67
23:14:29          3     19,00      0,00     12,00      1,00      0,00      3,00     14,00      0,00      0,00     51,00

23:14:29        CPU      %usr     %nice      %sys   %iowait    %steal      %irq     %soft    %guest    %gnice     %idle
23:14:30        all      0,74      0,00      0,99      0,00      0,00      0,00      0,25      0,00      0,00     98,01
23:14:30          0      0,00      0,00      1,00      0,00      0,00      0,00      0,00      0,00      0,00     99,00
23:14:30          1      0,99      0,00      0,99      0,00      0,00      0,00      0,00      0,00      0,00     98,02
23:14:30          2      0,98      0,00      0,98      0,00      0,00      0,00      0,98      0,00      0,00     97,06
23:14:30          3      1,00      0,00      1,00      0,00      0,00      0,00      0,00      0,00      0,00     98,00

23:14:30        CPU      %usr     %nice      %sys   %iowait    %steal      %irq     %soft    %guest    %gnice     %idle
23:14:31        all      2,28      0,00      0,25      0,00      0,00      0,00      0,51      0,00      0,00     96,96
23:14:31          0      2,04      0,00      0,00      0,00      0,00      0,00      0,00      0,00      0,00     97,96
23:14:31          1      2,04      0,00      0,00      0,00      0,00      0,00      0,00      0,00      0,00     97,96
23:14:31          2      2,02      0,00      0,00      0,00      0,00      0,00      0,00      0,00      0,00     97,98
23:14:31          3      3,00      0,00      1,00      0,00      0,00      0,00      2,00      0,00      0,00     94,00

23:14:31        CPU      %usr     %nice      %sys   %iowait    %steal      %irq     %soft    %guest    %gnice     %idle
23:14:32        all      5,50      0,00      2,75      0,00      0,00      0,50      1,00      0,00      0,00     90,25
23:14:32          0      6,86      0,00      2,94      0,00      0,00      0,00      0,00      0,00      0,00     90,20
23:14:32          1      5,05      0,00      3,03      0,00      0,00      0,00      0,00      0,00      0,00     91,92
23:14:32          2      6,06      0,00      2,02      0,00      0,00      0,00      0,00      0,00      0,00     91,92
23:14:32          3      4,00      0,00      3,00      0,00      0,00      2,00      4,00      0,00      0,00     87,00

23:14:32        CPU      %usr     %nice      %sys   %iowait    %steal      %irq     %soft    %guest    %gnice     %idle
23:14:33        all      5,75      0,00      2,25      0,00      0,00      0,50      1,00      0,00      0,00     90,50
23:14:33          0      5,94      0,00      1,98      0,00      0,00      0,99      0,00      0,00      0,00     91,09
23:14:33          1      5,05      0,00      2,02      0,00      0,00      0,00      0,00      0,00      0,00     92,93
23:14:33          2      6,00      0,00      2,00      0,00      0,00      0,00      0,00      0,00      0,00     92,00
23:14:33          3      6,00      0,00      3,00      0,00      0,00      1,00      4,00      0,00      0,00     86,00

23:14:33        CPU      %usr     %nice      %sys   %iowait    %steal      %irq     %soft    %guest    %gnice     %idle
23:14:34        all     11,17      0,00      4,57      0,00      0,00      0,76      2,03      0,00      0,00     81,47
23:14:34          0     10,31      0,00      4,12      0,00      0,00      0,00      0,00      0,00      0,00     85,57
23:14:34          1     12,12      0,00      4,04      0,00      0,00      0,00      0,00      0,00      0,00     83,84
23:14:34          2     10,20      0,00      5,10      0,00      0,00      0,00      0,00      0,00      0,00     84,69
23:14:34          3     12,00      0,00      5,00      0,00      0,00      3,00      8,00      0,00      0,00     72,00

23:14:34        CPU      %usr     %nice      %sys   %iowait    %steal      %irq     %soft    %guest    %gnice     %idle
23:14:35        all     10,00      0,00      3,50      0,25      0,00      0,75      1,75      0,00      0,00     83,75
23:14:35          0     10,00      0,00      4,00      0,00      0,00      0,00      0,00      0,00      0,00     86,00
23:14:35          1      9,90      0,00      2,97      0,99      0,00      0,99      0,00      0,00      0,00     85,15
23:14:35          2     10,10      0,00      3,03      0,00      0,00      0,00      0,00      0,00      0,00     86,87
23:14:35          3     10,00      0,00      4,00      0,00      0,00      2,00      7,00      0,00      0,00     77,00

23:14:35        CPU      %usr     %nice      %sys   %iowait    %steal      %irq     %soft    %guest    %gnice     %idle
23:14:36        all      2,49      0,00      1,74      0,00      0,00      0,25      1,00      0,00      0,00     94,53
23:14:36          0      2,97      0,00      0,99      0,00      0,00      0,00      0,99      0,00      0,00     95,05
23:14:36          1      2,00      0,00      2,00      0,00      0,00      0,00      0,00      0,00      0,00     96,00
23:14:36          2      2,97      0,00      1,98      0,00      0,00      0,00      0,00      0,00      0,00     95,05
23:14:36          3      2,00      0,00      2,00      0,00      0,00      1,00      3,00      0,00      0,00     92,00

23:14:36        CPU      %usr     %nice      %sys   %iowait    %steal      %irq     %soft    %guest    %gnice     %idle
23:14:37        all      6,27      0,00      3,01      0,00      0,00      0,50      1,50      0,00      0,00     88,72
23:14:37          0      6,06      0,00      3,03      0,00      0,00      0,00      0,00      0,00      0,00     90,91
23:14:37          1      7,00      0,00      3,00      0,00      0,00      0,00      1,00      0,00      0,00     89,00
23:14:37          2      7,92      0,00      2,97      0,00      0,00      0,00      0,00      0,00      0,00     89,11
23:14:37          3      4,04      0,00      3,03      0,00      0,00      2,02      5,05      0,00      0,00     85,86

23:14:37        CPU      %usr     %nice      %sys   %iowait    %steal      %irq     %soft    %guest    %gnice     %idle
23:14:38        all      5,51      0,00      2,51      0,00      0,00      0,75      1,25      0,00      0,00     89,97
23:14:38          0      6,93      0,00      1,98      0,00      0,00      0,00      0,00      0,00      0,00     91,09
23:14:38          1      5,05      0,00      2,02      0,00      0,00      0,00      0,00      0,00      0,00     92,93
23:14:38          2      5,05      0,00      3,03      0,00      0,00      0,00      0,00      0,00      0,00     91,92
23:14:38          3      5,00      0,00      3,00      0,00      0,00      3,00      5,00      0,00      0,00     84,00

23:14:38        CPU      %usr     %nice      %sys   %iowait    %steal      %irq     %soft    %guest    %gnice     %idle
23:14:39        all      9,52      0,00      7,52      0,00      0,00      1,50      2,01      0,00      0,00     79,45
23:14:39          0      9,09      0,00     13,13      0,00      0,00      0,00      0,00      0,00      0,00     77,78
23:14:39          1     10,00      0,00      7,00      0,00      0,00      0,00      0,00      0,00      0,00     83,00
23:14:39          2     10,10      0,00      4,04      0,00      0,00      1,01      0,00      0,00      0,00     84,85
23:14:39          3      8,91      0,00      5,94      0,00      0,00      4,95      7,92      0,00      0,00     72,28

23:14:39        CPU      %usr     %nice      %sys   %iowait    %steal      %irq     %soft    %guest    %gnice     %idle
23:14:40        all     11,59      0,00      6,05      0,00      0,00      1,26      2,27      0,00      0,00     78,84
23:14:40          0     12,12      0,00      5,05      0,00      0,00      0,00      0,00      0,00      0,00     82,83
23:14:40          1     12,12      0,00      6,06      0,00      0,00      0,00      0,00      0,00      0,00     81,82
23:14:40          2     12,12      0,00      6,06      0,00      0,00      0,00      0,00      0,00      0,00     81,82
23:14:40          3     10,00      0,00      7,00      0,00      0,00      5,00      9,00      0,00      0,00     69,00

23:14:40        CPU      %usr     %nice      %sys   %iowait    %steal      %irq     %soft    %guest    %gnice     %idle
23:14:41        all      7,87      0,00      4,82      0,00      0,00      1,02      2,54      0,00      0,00     83,76
23:14:41          0      8,16      0,00      5,10      0,00      0,00      0,00      0,00      0,00      0,00     86,73
23:14:41          1      9,09      0,00      4,04      0,00      0,00      0,00      0,00      0,00      0,00     86,87
23:14:41          2      8,16      0,00      5,10      0,00      0,00      0,00      0,00      0,00      0,00     86,73
23:14:41          3      6,06      0,00      5,05      0,00      0,00      4,04     10,10      0,00      0,00     74,75

23:14:41        CPU      %usr     %nice      %sys   %iowait    %steal      %irq     %soft    %guest    %gnice     %idle
23:14:42        all     13,53      0,00      7,27      0,00      0,00      1,00      2,26      0,00      0,00     75,94
23:14:42          0     14,85      0,00      6,93      0,00      0,00      0,00      0,00      0,00      0,00     78,22
23:14:42          1     13,27      0,00      6,12      0,00      0,00      0,00      0,00      0,00      0,00     80,61
23:14:42          2     14,14      0,00      6,06      0,00      0,00      0,00      0,00      0,00      0,00     79,80
23:14:42          3     11,88      0,00      9,90      0,00      0,00      3,96      8,91      0,00      0,00     65,35

23:14:42        CPU      %usr     %nice      %sys   %iowait    %steal      %irq     %soft    %guest    %gnice     %idle
23:14:43        all     14,50      0,00      7,50      0,00      0,00      1,25      2,75      0,00      0,00     74,00
23:14:43          0     15,00      0,00      6,00      0,00      0,00      1,00      0,00      0,00      0,00     78,00
23:14:43          1     15,00      0,00      7,00      0,00      0,00      0,00      0,00      0,00      0,00     78,00
23:14:43          2     15,15      0,00      7,07      0,00      0,00      0,00      0,00      0,00      0,00     77,78
23:14:43          3     12,87      0,00      9,90      0,00      0,00      3,96     10,89      0,00      0,00     62,38

23:14:43        CPU      %usr     %nice      %sys   %iowait    %steal      %irq     %soft    %guest    %gnice     %idle
23:14:44        all     12,85      0,00      7,05      1,76      0,00      1,01      2,27      0,00      0,00     75,06
23:14:44          0     12,24      0,00      6,12      1,02      0,00      0,00      0,00      0,00      0,00     80,61
23:14:44          1     14,85      0,00      6,93      0,99      0,00      0,00      0,00      0,00      0,00     77,23
23:14:44          2     12,87      0,00      7,92      0,00      0,00      0,00      0,00      0,00      0,00     79,21
23:14:44          3     11,34      0,00      7,22      5,15      0,00      4,12      9,28      0,00      0,00     62,89

23:14:44        CPU      %usr     %nice      %sys   %iowait    %steal      %irq     %soft    %guest    %gnice     %idle
23:14:45        all     10,25      0,00      6,00      0,00      0,00      1,00      2,00      0,00      0,00     80,75
23:14:45          0     10,20      0,00      5,10      0,00      0,00      0,00      0,00      0,00      0,00     84,69
23:14:45          1     10,00      0,00      5,00      0,00      0,00      1,00      0,00      0,00      0,00     84,00
23:14:45          2     11,00      0,00      6,00      0,00      0,00      0,00      0,00      0,00      0,00     83,00
23:14:45          3      9,80      0,00      7,84      0,00      0,00      2,94      7,84      0,00      0,00     71,57

23:14:45        CPU      %usr     %nice      %sys   %iowait    %steal      %irq     %soft    %guest    %gnice     %idle
23:14:46        all     15,42      0,00      8,21      0,00      0,00      1,49      2,49      0,00      0,00     72,39
23:14:46          0     15,84      0,00      7,92      0,00      0,00      0,00      0,00      0,00      0,00     76,24
23:14:46          1     16,00      0,00      8,00      0,00      0,00      0,00      0,00      0,00      0,00     76,00
23:14:46          2     16,83      0,00      6,93      0,00      0,00      0,99      0,00      0,00      0,00     75,25
23:14:46          3     13,00      0,00     10,00      0,00      0,00      5,00     10,00      0,00      0,00     62,00

23:14:46        CPU      %usr     %nice      %sys   %iowait    %steal      %irq     %soft    %guest    %gnice     %idle
23:14:47        all     15,67      0,00      9,20      0,00      0,00      1,24      2,74      0,00      0,00     71,14
23:14:47          0     16,00      0,00      9,00      0,00      0,00      0,00      0,00      0,00      0,00     75,00
23:14:47          1     17,00      0,00      8,00      0,00      0,00      0,00      0,00      0,00      0,00     75,00
23:14:47          2     16,00      0,00      9,00      0,00      0,00      0,00      0,00      0,00      0,00     75,00
23:14:47          3     13,73      0,00     10,78      0,00      0,00      4,90     10,78      0,00      0,00     59,80

23:14:47        CPU      %usr     %nice      %sys   %iowait    %steal      %irq     %soft    %guest    %gnice     %idle
23:14:48        all     19,64      0,00      9,95      0,00      0,00      1,28      3,32      0,00      0,00     65,82
23:14:48          0     20,83      0,00      7,29      0,00      0,00      0,00      0,00      0,00      0,00     71,88
23:14:48          1     19,39      0,00     11,22      0,00      0,00      0,00      0,00      0,00      0,00     69,39
23:14:48          2     21,43      0,00      8,16      0,00      0,00      0,00      0,00      0,00      0,00     70,41
23:14:48          3     17,00      0,00     13,00      0,00      0,00      5,00     13,00      0,00      0,00     52,00

23:14:48        CPU      %usr     %nice      %sys   %iowait    %steal      %irq     %soft    %guest    %gnice     %idle
23:14:49        all     18,69      0,00      9,34      0,00      0,00      1,52      3,54      0,00      0,00     66,92
23:14:49          0     20,20      0,00      8,08      0,00      0,00      1,01      0,00      0,00      0,00     70,71
23:14:49          1     20,20      0,00      8,08      0,00      0,00      0,00      0,00      0,00      0,00     71,72
23:14:49          2     19,19      0,00      9,09      0,00      0,00      0,00      0,00      0,00      0,00     71,72
23:14:49          3     15,15      0,00     12,12      0,00      0,00      5,05     14,14      0,00      0,00     53,54

23:14:49        CPU      %usr     %nice      %sys   %iowait    %steal      %irq     %soft    %guest    %gnice     %idle
23:14:50        all     20,36      0,00     10,94      0,00      0,00      1,02      3,56      0,00      0,00     64,12
23:14:50          0     20,83      0,00      9,38      0,00      0,00      0,00      0,00      0,00      0,00     69,79
23:14:50          1     21,21      0,00     10,10      0,00      0,00      0,00      0,00      0,00      0,00     68,69
23:14:50          2     21,43      0,00     10,20      0,00      0,00      0,00      0,00      0,00      0,00     68,37
23:14:50          3     18,00      0,00     14,00      0,00      0,00      4,00     14,00      0,00      0,00     50,00

23:14:50        CPU      %usr     %nice      %sys   %iowait    %steal      %irq     %soft    %guest    %gnice     %idle
23:14:51        all     17,93      0,00      9,85      0,00      0,00      1,52      3,79      0,00      0,00     66,92
23:14:51          0     17,53      0,00      9,28      0,00      0,00      0,00      0,00      0,00      0,00     73,20
23:14:51          1     18,37      0,00      9,18      0,00      0,00      1,02      0,00      0,00      0,00     71,43
23:14:51          2     19,39      0,00      8,16      0,00      0,00      0,00      0,00      0,00      0,00     72,45
23:14:51          3     16,50      0,00     12,62      0,00      0,00      4,85     14,56      0,00      0,00     51,46

23:14:51        CPU      %usr     %nice      %sys   %iowait    %steal      %irq     %soft    %guest    %gnice     %idle
23:14:52        all     20,25      0,00     10,25      0,00      0,00      1,25      3,50      0,00      0,00     64,75
23:14:52          0     22,22      0,00      9,09      0,00      0,00      0,00      0,00      0,00      0,00     68,69
23:14:52          1     21,00      0,00     10,00      0,00      0,00      0,00      0,00      0,00      0,00     69,00
23:14:52          2     20,00      0,00     10,00      0,00      0,00      1,00      0,00      0,00      0,00     69,00
23:14:52          3     17,82      0,00     11,88      0,00      0,00      3,96     13,86      0,00      0,00     52,48

23:14:52        CPU      %usr     %nice      %sys   %iowait    %steal      %irq     %soft    %guest    %gnice     %idle
23:14:53        all     10,97      0,00      5,61      0,00      0,00      0,77      1,79      0,00      0,00     80,87
23:14:53          0     10,31      0,00      5,15      0,00      0,00      0,00      0,00      0,00      0,00     84,54
23:14:53          1     12,12      0,00      6,06      0,00      0,00      0,00      0,00      0,00      0,00     81,82
23:14:53          2     11,46      0,00      4,17      0,00      0,00      0,00      0,00      0,00      0,00     84,38
23:14:53          3     10,00      0,00      7,00      0,00      0,00      3,00      7,00      0,00      0,00     73,00

23:14:53        CPU      %usr     %nice      %sys   %iowait    %steal      %irq     %soft    %guest    %gnice     %idle
23:14:54        all     19,31      0,00      9,90      0,25      0,00      1,24      3,47      0,00      0,00     65,84
23:14:54          0     20,20      0,00      9,09      0,00      0,00      0,00      0,00      0,00      0,00     70,71
23:14:54          1     21,57      0,00      7,84      0,98      0,00      0,00      0,00      0,00      0,00     69,61
23:14:54          2     19,80      0,00      9,90      0,00      0,00      0,00      0,00      0,00      0,00     70,30
23:14:54          3     15,69      0,00     12,75      0,00      0,00      4,90     13,73      0,00      0,00     52,94

23:14:54        CPU      %usr     %nice      %sys   %iowait    %steal      %irq     %soft    %guest    %gnice     %idle
23:14:55        all     17,79      0,00      9,77      0,00      0,00      1,00      3,26      0,00      0,00     68,17
23:14:55          0     17,17      0,00     10,10      0,00      0,00      0,00      0,00      0,00      0,00     72,73
23:14:55          1     20,00      0,00      8,00      0,00      0,00      0,00      0,00      0,00      0,00     72,00
23:14:55          2     19,19      0,00      8,08      0,00      0,00      0,00      0,00      0,00      0,00     72,73
23:14:55          3     14,85      0,00     12,87      0,00      0,00      3,96     12,87      0,00      0,00     55,45

23:14:55        CPU      %usr     %nice      %sys   %iowait    %steal      %irq     %soft    %guest    %gnice     %idle
23:14:56        all     17,21      0,00      8,73      0,00      0,00      1,50      2,74      0,00      0,00     69,83
23:14:56          0     16,16      0,00      8,08      0,00      0,00      1,01      0,00      0,00      0,00     74,75
23:14:56          1     18,81      0,00      7,92      0,00      0,00      0,00      0,00      0,00      0,00     73,27
23:14:56          2     17,17      0,00      8,08      0,00      0,00      0,00      0,00      0,00      0,00     74,75
23:14:56          3     16,67      0,00     10,78      0,00      0,00      4,90     10,78      0,00      0,00     56,86

23:14:56        CPU      %usr     %nice      %sys   %iowait    %steal      %irq     %soft    %guest    %gnice     %idle
23:14:57        all     17,38      0,00      9,07      0,00      0,00      1,26      3,53      0,00      0,00     68,77
23:14:57          0     17,17      0,00      8,08      0,00      0,00      0,00      1,01      0,00      0,00     73,74
23:14:57          1     18,81      0,00      9,90      0,00      0,00      0,00      0,00      0,00      0,00     71,29
23:14:57          2     17,35      0,00      7,14      0,00      0,00      0,00      1,02      0,00      0,00     74,49
23:14:57          3     16,16      0,00     11,11      0,00      0,00      5,05     12,12      0,00      0,00     55,56

23:14:57        CPU      %usr     %nice      %sys   %iowait    %steal      %irq     %soft    %guest    %gnice     %idle
23:14:58        all     17,54      0,00      9,27      0,00      0,00      1,50      2,76      0,00      0,00     68,92
23:14:58          0     18,37      0,00      8,16      0,00      0,00      0,00      0,00      0,00      0,00     73,47
23:14:58          1     18,00      0,00      8,00      0,00      0,00      1,00      0,00      0,00      0,00     73,00
23:14:58          2     19,19      0,00      8,08      0,00      0,00      0,00      0,00      0,00      0,00     72,73
23:14:58          3     14,71      0,00     12,75      0,00      0,00      4,90     10,78      0,00      0,00     56,86

23:14:58        CPU      %usr     %nice      %sys   %iowait    %steal      %irq     %soft    %guest    %gnice     %idle
23:14:59        all     21,05      0,00     10,78      1,00      0,00      1,50      3,76      0,00      0,00     61,90
23:14:59          0     21,65      0,00     10,31      1,03      0,00      0,00      0,00      0,00      0,00     67,01
23:14:59          1     23,23      0,00      9,09      0,00      0,00      0,00      0,00      0,00      0,00     67,68
23:14:59          2     21,78      0,00      9,90      2,97      0,00      0,99      0,00      0,00      0,00     64,36
23:14:59          3     17,65      0,00     13,73      0,00      0,00      4,90     14,71      0,00      0,00     49,02

23:14:59        CPU      %usr     %nice      %sys   %iowait    %steal      %irq     %soft    %guest    %gnice     %idle
23:15:00        all     16,25      0,00      8,75      0,00      0,00      1,00      3,25      0,00      0,00     70,75
23:15:00          0     17,17      0,00      7,07      0,00      0,00      0,00      0,00      0,00      0,00     75,76
23:15:00          1     16,67      0,00      8,82      0,00      0,00      0,00      0,98      0,00      0,00     73,53
23:15:00          2     17,17      0,00      8,08      0,00      0,00      0,00      0,00      0,00      0,00     74,75
23:15:00          3     14,00      0,00     11,00      0,00      0,00      4,00     12,00      0,00      0,00     59,00

23:15:00        CPU      %usr     %nice      %sys   %iowait    %steal      %irq     %soft    %guest    %gnice     %idle
23:15:01        all     17,68      0,00      9,85      0,00      0,00      1,52      3,28      0,00      0,00     67,68
23:15:01          0     18,18      0,00     12,12      0,00      0,00      1,01      0,00      0,00      0,00     68,69
23:15:01          1     17,71      0,00      8,33      0,00      0,00      0,00      0,00      0,00      0,00     73,96
23:15:01          2     19,80      0,00      7,92      0,00      0,00      0,00      0,00      0,00      0,00     72,28
23:15:01          3     15,00      0,00     11,00      0,00      0,00      5,00     13,00      0,00      0,00     56,00

23:15:01        CPU      %usr     %nice      %sys   %iowait    %steal      %irq     %soft    %guest    %gnice     %idle
23:15:02        all     17,00      0,00      9,50      0,00      0,00      1,25      3,00      0,00      0,00     69,25
23:15:02          0     18,00      0,00     11,00      0,00      0,00      0,00      0,00      0,00      0,00     71,00
23:15:02          1     17,82      0,00      8,91      0,00      0,00      0,00      0,00      0,00      0,00     73,27
23:15:02          2     18,18      0,00      8,08      0,00      0,00      0,00      0,00      0,00      0,00     73,74
23:15:02          3     14,00      0,00     10,00      0,00      0,00      5,00     12,00      0,00      0,00     59,00

Média:         CPU      %usr     %nice      %sys   %iowait    %steal      %irq     %soft    %guest    %gnice     %idle
Média:         all     11,98      0,00      6,30      0,09      0,00      0,91      2,21      0,00      0,00     78,51
Média:           0     12,52      0,00      6,08      0,03      0,00      0,13      0,05      0,00      0,00     81,18
Média:           1     12,61      0,00      5,76      0,12      0,00      0,12      0,05      0,00      0,00     81,34
Média:           2     12,53      0,00      5,64      0,10      0,00      0,12      0,03      0,00      0,00     81,58
Média:           3     10,29      0,00      7,71      0,10      0,00      3,26      8,66      0,00      0,00     69,99
