Linux 5.14.0-503.19.1.el9_5.x86_64 (localhost.localdomain) 	15/04/2025 	_x86_64_	(4 CPU)

23:42:13        CPU      %usr     %nice      %sys   %iowait    %steal      %irq     %soft    %guest    %gnice     %idle
23:42:14        all      0,25      0,00      0,00      0,25      0,00      0,00      0,00      0,00      0,00     99,50
23:42:14          0      0,00      0,00      0,00      0,00      0,00      0,00      0,00      0,00      0,00    100,00
23:42:14          1      0,00      0,00      0,00      0,99      0,00      0,00      0,00      0,00      0,00     99,01
23:42:14          2      0,00      0,00      0,00      0,00      0,00      0,00      0,00      0,00      0,00    100,00
23:42:14          3      0,99      0,00      0,00      0,00      0,00      0,00      0,00      0,00      0,00     99,01

23:42:14        CPU      %usr     %nice      %sys   %iowait    %steal      %irq     %soft    %guest    %gnice     %idle
23:42:15        all      0,00      0,00      0,00      0,00      0,00      0,00      0,00      0,00      0,00    100,00
23:42:15          0      0,00      0,00      0,00      0,00      0,00      0,00      0,00      0,00      0,00    100,00
23:42:15          1      0,00      0,00      0,00      0,00      0,00      0,00      0,00      0,00      0,00    100,00
23:42:15          2      0,00      0,00      0,00      0,00      0,00      0,00      0,00      0,00      0,00    100,00
23:42:15          3      0,00      0,00      0,00      0,00      0,00      0,00      0,00      0,00      0,00    100,00

23:42:15        CPU      %usr     %nice      %sys   %iowait    %steal      %irq     %soft    %guest    %gnice     %idle
23:42:16        all      0,50      0,00      0,25      0,00      0,00      0,00      0,00      0,00      0,00     99,25
23:42:16          0      1,00      0,00      1,00      0,00      0,00      0,00      0,00      0,00      0,00     98,00
23:42:16          1      1,00      0,00      0,00      0,00      0,00      0,00      0,00      0,00      0,00     99,00
23:42:16          2      0,00      0,00      0,00      0,00      0,00      0,00      0,00      0,00      0,00    100,00
23:42:16          3      0,00      0,00      0,00      0,00      0,00      0,00      0,00      0,00      0,00    100,00

23:42:16        CPU      %usr     %nice      %sys   %iowait    %steal      %irq     %soft    %guest    %gnice     %idle
23:42:17        all     11,25      0,00      4,25      0,00      0,00      1,00      1,25      0,00      0,00     82,25
23:42:17          0     11,00      0,00      5,00      0,00      0,00      0,00      0,00      0,00      0,00     84,00
23:42:17          1     10,89      0,00      3,96      0,00      0,00      0,99      0,00      0,00      0,00     84,16
23:42:17          2     11,11      0,00      4,04      0,00      0,00      0,00      0,00      0,00      0,00     84,85
23:42:17          3     12,00      0,00      4,00      0,00      0,00      3,00      5,00      0,00      0,00     76,00

23:42:17        CPU      %usr     %nice      %sys   %iowait    %steal      %irq     %soft    %guest    %gnice     %idle
23:42:18        all     14,18      0,00      4,98      0,00      0,00      0,75      1,49      0,00      0,00     78,61
23:42:18          0     15,69      0,00      4,90      0,00      0,00      0,00      0,00      0,00      0,00     79,41
23:42:18          1     12,12      0,00      6,06      0,00      0,00      0,00      0,00      0,00      0,00     81,82
23:42:18          2     15,00      0,00      3,00      0,00      0,00      0,00      0,00      0,00      0,00     82,00
23:42:18          3     13,86      0,00      5,94      0,00      0,00      2,97      5,94      0,00      0,00     71,29

23:42:18        CPU      %usr     %nice      %sys   %iowait    %steal      %irq     %soft    %guest    %gnice     %idle
23:42:19        all      3,52      0,00      3,27      0,00      0,00      0,50      0,25      0,00      0,00     92,46
23:42:19          0      2,97      0,00      6,93      0,00      0,00      0,99      0,00      0,00      0,00     89,11
23:42:19          1      4,00      0,00      2,00      0,00      0,00      0,00      0,00      0,00      0,00     94,00
23:42:19          2      3,03      0,00      2,02      0,00      0,00      0,00      0,00      0,00      0,00     94,95
23:42:19          3      4,08      0,00      2,04      0,00      0,00      1,02      1,02      0,00      0,00     91,84

23:42:19        CPU      %usr     %nice      %sys   %iowait    %steal      %irq     %soft    %guest    %gnice     %idle
23:42:20        all      0,00      0,00      1,00      0,25      0,00      0,00      0,00      0,00      0,00     98,75
23:42:20          0      0,00      0,00      4,00      0,00      0,00      0,00      0,00      0,00      0,00     96,00
23:42:20          1      0,00      0,00      0,00      0,99      0,00      0,00      0,00      0,00      0,00     99,01
23:42:20          2      0,00      0,00      0,00      0,00      0,00      0,00      0,00      0,00      0,00    100,00
23:42:20          3      0,00      0,00      0,00      0,00      0,00      0,00      0,00      0,00      0,00    100,00

23:42:20        CPU      %usr     %nice      %sys   %iowait    %steal      %irq     %soft    %guest    %gnice     %idle
23:42:21        all      0,00      0,00      0,00      0,00      0,00      0,00      0,00      0,00      0,00    100,00
23:42:21          0      0,00      0,00      0,00      0,00      0,00      0,00      0,00      0,00      0,00    100,00
23:42:21          1      0,00      0,00      0,00      0,00      0,00      0,00      0,00      0,00      0,00    100,00
23:42:21          2      0,00      0,00      0,00      0,00      0,00      0,00      0,00      0,00      0,00    100,00
23:42:21          3      0,00      0,00      0,00      0,00      0,00      0,00      0,00      0,00      0,00    100,00

23:42:21        CPU      %usr     %nice      %sys   %iowait    %steal      %irq     %soft    %guest    %gnice     %idle
23:42:22        all     10,78      0,00      4,01      0,00      0,00      0,75      1,50      0,00      0,00     82,96
23:42:22          0     10,89      0,00      3,96      0,00      0,00      0,00      0,99      0,00      0,00     84,16
23:42:22          1     11,11      0,00      3,03      0,00      0,00      0,00      0,00      0,00      0,00     85,86
23:42:22          2     10,10      0,00      4,04      0,00      0,00      0,00      0,00      0,00      0,00     85,86
23:42:22          3     11,00      0,00      5,00      0,00      0,00      3,00      5,00      0,00      0,00     76,00

23:42:22        CPU      %usr     %nice      %sys   %iowait    %steal      %irq     %soft    %guest    %gnice     %idle
23:42:23        all      8,19      0,00      2,98      0,50      0,00      0,50      0,99      0,00      0,00     86,85
23:42:23          0      7,07      0,00      2,02      0,00      0,00      0,00      0,00      0,00      0,00     90,91
23:42:23          1      7,92      0,00      2,97      0,00      0,00      0,00      0,00      0,00      0,00     89,11
23:42:23          2      9,00      0,00      3,00      2,00      0,00      0,00      0,00      0,00      0,00     86,00
23:42:23          3      8,74      0,00      3,88      0,00      0,00      1,94      3,88      0,00      0,00     81,55

23:42:23        CPU      %usr     %nice      %sys   %iowait    %steal      %irq     %soft    %guest    %gnice     %idle
23:42:24        all     11,63      0,00      4,70      0,00      0,00      0,74      1,24      0,00      0,00     81,68
23:42:24          0     11,88      0,00      3,96      0,00      0,00      0,00      0,00      0,00      0,00     84,16
23:42:24          1     10,68      0,00      5,83      0,00      0,00      0,00      0,97      0,00      0,00     82,52
23:42:24          2     12,62      0,00      3,88      0,00      0,00      0,97      0,00      0,00      0,00     82,52
23:42:24          3     11,34      0,00      5,15      0,00      0,00      2,06      4,12      0,00      0,00     77,32

23:42:24        CPU      %usr     %nice      %sys   %iowait    %steal      %irq     %soft    %guest    %gnice     %idle
23:42:25        all      0,00      0,00      0,25      0,00      0,00      0,00      0,25      0,00      0,00     99,50
23:42:25          0      0,00      0,00      0,00      0,00      0,00      0,00      0,00      0,00      0,00    100,00
23:42:25          1      0,00      0,00      0,00      0,00      0,00      0,00      0,00      0,00      0,00    100,00
23:42:25          2      0,00      0,00      0,00      0,00      0,00      0,00      0,00      0,00      0,00    100,00
23:42:25          3      0,00      0,00      0,99      0,00      0,00      0,00      0,99      0,00      0,00     98,02

23:42:25        CPU      %usr     %nice      %sys   %iowait    %steal      %irq     %soft    %guest    %gnice     %idle
23:42:26        all      0,74      0,00      0,25      0,00      0,00      0,00      0,00      0,00      0,00     99,01
23:42:26          0      1,00      0,00      0,00      0,00      0,00      0,00      0,00      0,00      0,00     99,00
23:42:26          1      0,00      0,00      0,00      0,00      0,00      0,00      0,00      0,00      0,00    100,00
23:42:26          2      0,98      0,00      0,98      0,00      0,00      0,00      0,00      0,00      0,00     98,04
23:42:26          3      0,99      0,00      0,00      0,00      0,00      0,00      0,00      0,00      0,00     99,01

23:42:26        CPU      %usr     %nice      %sys   %iowait    %steal      %irq     %soft    %guest    %gnice     %idle
23:42:27        all     17,86      0,00      7,91      0,00      0,00      0,77      1,02      0,00      0,00     72,45
23:42:27          0     17,17      0,00      9,09      0,00      0,00      0,00      0,00      0,00      0,00     73,74
23:42:27          1     20,20      0,00      7,07      0,00      0,00      0,00      0,00      0,00      0,00     72,73
23:42:27          2     16,67      0,00      7,29      0,00      0,00      0,00      0,00      0,00      0,00     76,04
23:42:27          3     17,35      0,00      8,16      0,00      0,00      3,06      4,08      0,00      0,00     67,35

23:42:27        CPU      %usr     %nice      %sys   %iowait    %steal      %irq     %soft    %guest    %gnice     %idle
23:42:28        all     26,33      0,00     14,18      0,25      0,00      1,01      1,27      0,00      0,00     56,96
23:42:28          0     23,23      0,00     10,10      0,00      0,00      1,01      0,00      0,00      0,00     65,66
23:42:28          1     29,00      0,00     15,00      1,00      0,00      1,00      0,00      0,00      0,00     54,00
23:42:28          2     31,68      0,00     20,79      0,00      0,00      0,00      0,99      0,00      0,00     46,53
23:42:28          3     21,05      0,00     10,53      0,00      0,00      2,11      4,21      0,00      0,00     62,11

23:42:28        CPU      %usr     %nice      %sys   %iowait    %steal      %irq     %soft    %guest    %gnice     %idle
23:42:29        all     21,00      0,00     12,07      0,00      0,00      0,79      1,57      0,00      0,00     64,57
23:42:29          0     22,92      0,00     11,46      0,00      0,00      0,00      0,00      0,00      0,00     65,62
23:42:29          1     20,00      0,00     11,58      0,00      0,00      0,00      0,00      0,00      0,00     68,42
23:42:29          2     20,62      0,00     11,34      0,00      0,00      0,00      0,00      0,00      0,00     68,04
23:42:29          3     20,43      0,00     13,98      0,00      0,00      3,23      6,45      0,00      0,00     55,91

23:42:29        CPU      %usr     %nice      %sys   %iowait    %steal      %irq     %soft    %guest    %gnice     %idle
23:42:30        all      0,75      0,00      0,00      0,00      0,00      0,00      0,00      0,00      0,00     99,25
23:42:30          0      1,00      0,00      0,00      0,00      0,00      0,00      0,00      0,00      0,00     99,00
23:42:30          1      1,00      0,00      0,00      0,00      0,00      0,00      0,00      0,00      0,00     99,00
23:42:30          2      0,00      0,00      0,00      0,00      0,00      0,00      0,00      0,00      0,00    100,00
23:42:30          3      1,00      0,00      0,00      0,00      0,00      0,00      0,00      0,00      0,00     99,00

23:42:30        CPU      %usr     %nice      %sys   %iowait    %steal      %irq     %soft    %guest    %gnice     %idle
23:42:31        all      0,00      0,00      0,25      0,00      0,00      0,00      0,00      0,00      0,00     99,75
23:42:31          0      0,00      0,00      0,00      0,00      0,00      0,00      0,00      0,00      0,00    100,00
23:42:31          1      0,00      0,00      1,00      0,00      0,00      0,00      0,00      0,00      0,00     99,00
23:42:31          2      0,00      0,00      0,00      0,00      0,00      0,00      0,00      0,00      0,00    100,00
23:42:31          3      0,00      0,00      0,00      0,00      0,00      0,00      0,00      0,00      0,00    100,00

23:42:31        CPU      %usr     %nice      %sys   %iowait    %steal      %irq     %soft    %guest    %gnice     %idle
23:42:32        all     19,18      0,00      7,67      0,00      0,00      0,77      1,28      0,00      0,00     71,10
23:42:32          0     19,19      0,00      9,09      0,00      0,00      0,00      0,00      0,00      0,00     71,72
23:42:32          1     20,62      0,00      5,15      0,00      0,00      0,00      0,00      0,00      0,00     74,23
23:42:32          2     17,53      0,00      6,19      0,00      0,00      0,00      0,00      0,00      0,00     76,29
23:42:32          3     19,39      0,00     10,20      0,00      0,00      3,06      5,10      0,00      0,00     62,24

23:42:32        CPU      %usr     %nice      %sys   %iowait    %steal      %irq     %soft    %guest    %gnice     %idle
23:42:33        all     16,28      0,00      6,36      0,00      0,00      0,76      1,02      0,00      0,00     75,57
23:42:33          0     16,33      0,00      6,12      0,00      0,00      0,00      0,00      0,00      0,00     77,55
23:42:33          1     14,43      0,00      6,19      0,00      0,00      0,00      0,00      0,00      0,00     79,38
23:42:33          2     15,15      0,00      5,05      0,00      0,00      1,01      0,00      0,00      0,00     78,79
23:42:33          3     19,19      0,00      8,08      0,00      0,00      2,02      4,04      0,00      0,00     66,67

23:42:33        CPU      %usr     %nice      %sys   %iowait    %steal      %irq     %soft    %guest    %gnice     %idle
23:42:34        all     22,80      0,00      9,59      0,26      0,00      1,04      1,55      0,00      0,00     64,77
23:42:34          0     23,96      0,00      9,38      0,00      0,00      0,00      0,00      0,00      0,00     66,67
23:42:34          1     21,21      0,00     10,10      1,01      0,00      0,00      0,00      0,00      0,00     67,68
23:42:34          2     22,11      0,00      8,42      0,00      0,00      0,00      0,00      0,00      0,00     69,47
23:42:34          3     23,96      0,00     10,42      0,00      0,00      4,17      6,25      0,00      0,00     55,21

23:42:34        CPU      %usr     %nice      %sys   %iowait    %steal      %irq     %soft    %guest    %gnice     %idle
23:42:35        all      2,24      0,00      1,24      0,00      0,00      0,25      0,25      0,00      0,00     96,02
23:42:35          0      2,94      0,00      0,98      0,00      0,00      0,98      0,00      0,00      0,00     95,10
23:42:35          1      2,00      0,00      1,00      0,00      0,00      0,00      0,00      0,00      0,00     97,00
23:42:35          2      2,00      0,00      1,00      0,00      0,00      0,00      0,00      0,00      0,00     97,00
23:42:35          3      2,00      0,00      2,00      0,00      0,00      0,00      1,00      0,00      0,00     95,00

23:42:35        CPU      %usr     %nice      %sys   %iowait    %steal      %irq     %soft    %guest    %gnice     %idle
23:42:36        all      0,00      0,00      0,00      0,00      0,00      0,00      0,00      0,00      0,00    100,00
23:42:36          0      0,00      0,00      0,00      0,00      0,00      0,00      0,00      0,00      0,00    100,00
23:42:36          1      0,00      0,00      0,00      0,00      0,00      0,00      0,00      0,00      0,00    100,00
23:42:36          2      0,00      0,00      0,00      0,00      0,00      0,00      0,00      0,00      0,00    100,00
23:42:36          3      0,00      0,00      0,00      0,00      0,00      0,00      0,00      0,00      0,00    100,00

23:42:36        CPU      %usr     %nice      %sys   %iowait    %steal      %irq     %soft    %guest    %gnice     %idle
23:42:37        all     15,64      0,00      7,18      0,00      0,00      1,28      1,28      0,00      0,00     74,62
23:42:37          0     16,33      0,00      7,14      0,00      0,00      0,00      0,00      0,00      0,00     76,53
23:42:37          1     15,46      0,00      6,19      0,00      0,00      1,03      0,00      0,00      0,00     77,32
23:42:37          2     16,16      0,00      6,06      0,00      0,00      0,00      0,00      0,00      0,00     77,78
23:42:37          3     14,58      0,00      9,38      0,00      0,00      4,17      5,21      0,00      0,00     66,67

23:42:37        CPU      %usr     %nice      %sys   %iowait    %steal      %irq     %soft    %guest    %gnice     %idle
23:42:38        all     22,96      0,00     12,14      0,00      0,00      1,06      1,85      0,00      0,00     62,01
23:42:38          0     23,66      0,00     11,83      0,00      0,00      0,00      0,00      0,00      0,00     64,52
23:42:38          1     23,40      0,00     10,64      0,00      0,00      0,00      0,00      0,00      0,00     65,96
23:42:38          2     21,88      0,00     11,46      0,00      0,00      0,00      0,00      0,00      0,00     66,67
23:42:38          3     22,92      0,00     14,58      0,00      0,00      4,17      7,29      0,00      0,00     51,04

23:42:38        CPU      %usr     %nice      %sys   %iowait    %steal      %irq     %soft    %guest    %gnice     %idle
23:42:39        all     12,24      0,00      5,10      1,02      0,00      0,51      0,77      0,00      0,00     80,36
23:42:39          0     12,37      0,00      3,09      2,06      0,00      0,00      0,00      0,00      0,00     82,47
23:42:39          1     16,16      0,00      7,07      0,00      0,00      0,00      0,00      0,00      0,00     76,77
23:42:39          2     10,20      0,00      4,08      0,00      0,00      0,00      0,00      0,00      0,00     85,71
23:42:39          3     10,20      0,00      6,12      2,04      0,00      2,04      3,06      0,00      0,00     76,53

23:42:39        CPU      %usr     %nice      %sys   %iowait    %steal      %irq     %soft    %guest    %gnice     %idle
23:42:40        all     28,68      0,00     13,95      0,00      0,00      1,81      2,07      0,00      0,00     53,49
23:42:40          0     35,42      0,00     14,58      0,00      0,00      0,00      0,00      0,00      0,00     50,00
23:42:40          1     26,80      0,00     10,31      0,00      0,00      0,00      0,00      0,00      0,00     62,89
23:42:40          2     26,32      0,00     12,63      0,00      0,00      1,05      0,00      0,00      0,00     60,00
23:42:40          3     26,26      0,00     18,18      0,00      0,00      6,06      8,08      0,00      0,00     41,41

23:42:40        CPU      %usr     %nice      %sys   %iowait    %steal      %irq     %soft    %guest    %gnice     %idle
23:42:41        all     25,77      0,00     12,76      0,00      0,00      0,77      1,28      0,00      0,00     59,44
23:42:41          0     25,25      0,00     12,12      0,00      0,00      1,01      1,01      0,00      0,00     60,61
23:42:41          1     31,96      0,00     15,46      0,00      0,00      0,00      0,00      0,00      0,00     52,58
23:42:41          2     25,25      0,00     11,11      0,00      0,00      0,00      0,00      0,00      0,00     63,64
23:42:41          3     20,62      0,00     12,37      0,00      0,00      2,06      4,12      0,00      0,00     60,82

23:42:41        CPU      %usr     %nice      %sys   %iowait    %steal      %irq     %soft    %guest    %gnice     %idle
23:42:42        all      9,14      0,00      6,09      0,00      0,00      0,76      0,76      0,00      0,00     83,25
23:42:42          0      8,25      0,00     11,34      0,00      0,00      0,00      0,00      0,00      0,00     80,41
23:42:42          1      8,00      0,00      5,00      0,00      0,00      1,00      0,00      0,00      0,00     86,00
23:42:42          2      8,16      0,00      4,08      0,00      0,00      0,00      0,00      0,00      0,00     87,76
23:42:42          3     12,12      0,00      4,04      0,00      0,00      2,02      3,03      0,00      0,00     78,79

23:42:42        CPU      %usr     %nice      %sys   %iowait    %steal      %irq     %soft    %guest    %gnice     %idle
23:42:43        all     13,04      0,00      6,14      0,00      0,00      0,51      1,28      0,00      0,00     79,03
23:42:43          0     15,15      0,00      5,05      0,00      0,00      0,00      0,00      0,00      0,00     79,80
23:42:43          1     12,37      0,00      5,15      0,00      0,00      0,00      1,03      0,00      0,00     81,44
23:42:43          2     10,31      0,00      5,15      0,00      0,00      0,00      0,00      0,00      0,00     84,54
23:42:43          3     14,29      0,00      9,18      0,00      0,00      2,04      4,08      0,00      0,00     70,41

23:42:43        CPU      %usr     %nice      %sys   %iowait    %steal      %irq     %soft    %guest    %gnice     %idle
23:42:44        all      6,35      0,00      2,79      0,00      0,00      0,25      0,51      0,00      0,00     90,10
23:42:44          0      6,12      0,00      3,06      0,00      0,00      0,00      0,00      0,00      0,00     90,82
23:42:44          1      6,06      0,00      2,02      0,00      0,00      0,00      0,00      0,00      0,00     91,92
23:42:44          2      5,10      0,00      3,06      0,00      0,00      0,00      0,00      0,00      0,00     91,84
23:42:44          3      8,08      0,00      3,03      0,00      0,00      1,01      2,02      0,00      0,00     85,86

23:42:44        CPU      %usr     %nice      %sys   %iowait    %steal      %irq     %soft    %guest    %gnice     %idle
23:42:45        all      8,65      0,00      3,82      0,25      0,00      0,25      0,76      0,00      0,00     86,26
23:42:45          0      9,18      0,00      3,06      0,00      0,00      0,00      0,00      0,00      0,00     87,76
23:42:45          1      8,08      0,00      4,04      1,01      0,00      0,00      0,00      0,00      0,00     86,87
23:42:45          2      8,08      0,00      4,04      0,00      0,00      0,00      0,00      0,00      0,00     87,88
23:42:45          3      9,28      0,00      4,12      0,00      0,00      1,03      3,09      0,00      0,00     82,47

23:42:45        CPU      %usr     %nice      %sys   %iowait    %steal      %irq     %soft    %guest    %gnice     %idle
23:42:46        all     20,00      0,00     10,00      0,00      0,00      1,28      1,28      0,00      0,00     67,44
23:42:46          0     21,00      0,00     10,00      0,00      0,00      1,00      0,00      0,00      0,00     68,00
23:42:46          1     20,00      0,00      8,42      0,00      0,00      0,00      0,00      0,00      0,00     71,58
23:42:46          2     18,37      0,00     10,20      0,00      0,00      1,02      0,00      0,00      0,00     70,41
23:42:46          3     20,62      0,00     11,34      0,00      0,00      3,09      5,15      0,00      0,00     59,79

23:42:46        CPU      %usr     %nice      %sys   %iowait    %steal      %irq     %soft    %guest    %gnice     %idle
23:42:47        all     11,62      0,00      5,05      0,00      0,00      0,51      1,26      0,00      0,00     81,57
23:42:47          0     12,24      0,00      4,08      0,00      0,00      0,00      0,00      0,00      0,00     83,67
23:42:47          1     12,24      0,00      4,08      0,00      0,00      0,00      0,00      0,00      0,00     83,67
23:42:47          2      8,00      0,00      6,00      0,00      0,00      0,00      1,00      0,00      0,00     85,00
23:42:47          3     14,00      0,00      6,00      0,00      0,00      2,00      4,00      0,00      0,00     74,00

23:42:47        CPU      %usr     %nice      %sys   %iowait    %steal      %irq     %soft    %guest    %gnice     %idle
23:42:48        all     13,55      0,00      5,12      0,00      0,00      0,51      1,02      0,00      0,00     79,80
23:42:48          0     14,14      0,00      6,06      0,00      0,00      0,00      0,00      0,00      0,00     79,80
23:42:48          1     13,40      0,00      4,12      0,00      0,00      0,00      0,00      0,00      0,00     82,47
23:42:48          2     11,11      0,00      5,05      0,00      0,00      0,00      0,00      0,00      0,00     83,84
23:42:48          3     15,62      0,00      5,21      0,00      0,00      2,08      4,17      0,00      0,00     72,92

23:42:48        CPU      %usr     %nice      %sys   %iowait    %steal      %irq     %soft    %guest    %gnice     %idle
23:42:49        all      7,12      0,00      3,56      0,00      0,00      0,51      0,51      0,00      0,00     88,30
23:42:49          0      7,14      0,00      3,06      0,00      0,00      0,00      0,00      0,00      0,00     89,80
23:42:49          1      7,00      0,00      4,00      0,00      0,00      1,00      0,00      0,00      0,00     88,00
23:42:49          2      6,19      0,00      3,09      0,00      0,00      0,00      0,00      0,00      0,00     90,72
23:42:49          3      8,16      0,00      4,08      0,00      0,00      1,02      2,04      0,00      0,00     84,69

23:42:49        CPU      %usr     %nice      %sys   %iowait    %steal      %irq     %soft    %guest    %gnice     %idle
23:42:50        all      8,86      0,00      3,54      0,51      0,00      0,51      0,76      0,00      0,00     85,82
23:42:50          0      9,09      0,00      4,04      0,00      0,00      0,00      0,00      0,00      0,00     86,87
23:42:50          1      8,16      0,00      3,06      2,04      0,00      0,00      0,00      0,00      0,00     86,73
23:42:50          2      7,07      0,00      4,04      0,00      0,00      0,00      0,00      0,00      0,00     88,89
23:42:50          3     11,11      0,00      3,03      0,00      0,00      2,02      3,03      0,00      0,00     80,81

23:42:50        CPU      %usr     %nice      %sys   %iowait    %steal      %irq     %soft    %guest    %gnice     %idle
23:42:51        all     14,32      0,00      7,55      0,00      0,00      0,52      1,04      0,00      0,00     76,56
23:42:51          0     14,43      0,00      8,25      0,00      0,00      0,00      0,00      0,00      0,00     77,32
23:42:51          1     14,29      0,00      8,16      0,00      0,00      0,00      0,00      0,00      0,00     77,55
23:42:51          2     12,77      0,00      6,38      0,00      0,00      0,00      0,00      0,00      0,00     80,85
23:42:51          3     15,79      0,00      7,37      0,00      0,00      2,11      4,21      0,00      0,00     70,53

23:42:51        CPU      %usr     %nice      %sys   %iowait    %steal      %irq     %soft    %guest    %gnice     %idle
23:42:52        all     16,54      0,00      6,98      0,00      0,00      0,52      1,03      0,00      0,00     74,94
23:42:52          0     17,53      0,00      6,19      0,00      0,00      0,00      0,00      0,00      0,00     76,29
23:42:52          1     15,46      0,00      7,22      0,00      0,00      0,00      0,00      0,00      0,00     77,32
23:42:52          2     14,43      0,00      7,22      0,00      0,00      0,00      0,00      0,00      0,00     78,35
23:42:52          3     18,75      0,00      7,29      0,00      0,00      2,08      4,17      0,00      0,00     67,71

23:42:52        CPU      %usr     %nice      %sys   %iowait    %steal      %irq     %soft    %guest    %gnice     %idle
23:42:53        all     12,37      0,00      5,30      0,00      0,00      1,01      1,01      0,00      0,00     80,30
23:42:53          0     15,00      0,00      5,00      0,00      0,00      1,00      0,00      0,00      0,00     79,00
23:42:53          1     11,34      0,00      4,12      0,00      0,00      0,00      0,00      0,00      0,00     84,54
23:42:53          2      9,09      0,00      5,05      0,00      0,00      0,00      0,00      0,00      0,00     85,86
23:42:53          3     14,00      0,00      7,00      0,00      0,00      3,00      4,00      0,00      0,00     72,00

23:42:53        CPU      %usr     %nice      %sys   %iowait    %steal      %irq     %soft    %guest    %gnice     %idle
23:42:54        all      8,12      0,00      3,81      0,00      0,00      0,51      0,76      0,00      0,00     86,80
23:42:54          0      7,14      0,00      4,08      0,00      0,00      0,00      0,00      0,00      0,00     88,78
23:42:54          1      8,08      0,00      4,04      0,00      0,00      0,00      0,00      0,00      0,00     87,88
23:42:54          2      7,14      0,00      3,06      0,00      0,00      1,02      0,00      0,00      0,00     88,78
23:42:54          3     10,10      0,00      4,04      0,00      0,00      1,01      3,03      0,00      0,00     81,82

23:42:54        CPU      %usr     %nice      %sys   %iowait    %steal      %irq     %soft    %guest    %gnice     %idle
23:42:55        all      8,38      0,00      3,55      0,51      0,00      0,25      0,76      0,00      0,00     86,55
23:42:55          0      8,16      0,00      3,06      2,04      0,00      0,00      0,00      0,00      0,00     86,73
23:42:55          1      8,16      0,00      4,08      0,00      0,00      0,00      0,00      0,00      0,00     87,76
23:42:55          2      7,14      0,00      4,08      0,00      0,00      0,00      0,00      0,00      0,00     88,78
23:42:55          3     10,00      0,00      3,00      0,00      0,00      1,00      3,00      0,00      0,00     83,00

23:42:55        CPU      %usr     %nice      %sys   %iowait    %steal      %irq     %soft    %guest    %gnice     %idle
23:42:56        all      5,56      0,00      3,28      0,00      0,00      0,25      0,25      0,00      0,00     90,66
23:42:56          0      5,10      0,00      3,06      0,00      0,00      0,00      0,00      0,00      0,00     91,84
23:42:56          1      6,06      0,00      2,02      0,00      0,00      0,00      0,00      0,00      0,00     91,92
23:42:56          2      5,00      0,00      4,00      0,00      0,00      0,00      0,00      0,00      0,00     91,00
23:42:56          3      6,06      0,00      4,04      0,00      0,00      1,01      1,01      0,00      0,00     87,88

23:42:56        CPU      %usr     %nice      %sys   %iowait    %steal      %irq     %soft    %guest    %gnice     %idle
23:42:57        all     23,38      0,00      9,61      0,26      0,00      1,30      1,82      0,00      0,00     63,64
23:42:57          0     23,71      0,00     10,31      0,00      0,00      0,00      0,00      0,00      0,00     65,98
23:42:57          1     23,71      0,00      9,28      1,03      0,00      1,03      0,00      0,00      0,00     64,95
23:42:57          2     22,34      0,00      7,45      0,00      0,00      0,00      0,00      0,00      0,00     70,21
23:42:57          3     23,71      0,00     11,34      0,00      0,00      4,12      7,22      0,00      0,00     53,61

23:42:57        CPU      %usr     %nice      %sys   %iowait    %steal      %irq     %soft    %guest    %gnice     %idle
23:42:58        all     22,80      0,00     10,62      0,00      0,00      1,04      1,55      0,00      0,00     63,99
23:42:58          0     24,24      0,00     11,11      0,00      0,00      0,00      0,00      0,00      0,00     64,65
23:42:58          1     23,16      0,00      9,47      0,00      0,00      0,00      0,00      0,00      0,00     67,37
23:42:58          2     20,62      0,00     10,31      0,00      0,00      0,00      0,00      0,00      0,00     69,07
23:42:58          3     23,16      0,00     11,58      0,00      0,00      4,21      6,32      0,00      0,00     54,74

23:42:58        CPU      %usr     %nice      %sys   %iowait    %steal      %irq     %soft    %guest    %gnice     %idle
23:42:59        all     16,62      0,00      8,31      0,00      0,00      1,26      1,26      0,00      0,00     72,54
23:42:59          0     16,49      0,00      6,19      0,00      0,00      1,03      0,00      0,00      0,00     76,29
23:42:59          1     17,48      0,00      9,71      0,00      0,00      0,00      0,00      0,00      0,00     72,82
23:42:59          2     16,16      0,00      8,08      0,00      0,00      0,00      0,00      0,00      0,00     75,76
23:42:59          3     16,33      0,00      9,18      0,00      0,00      4,08      5,10      0,00      0,00     65,31

23:42:59        CPU      %usr     %nice      %sys   %iowait    %steal      %irq     %soft    %guest    %gnice     %idle
23:43:00        all     11,81      0,00      6,53      0,00      0,00      0,75      1,01      0,00      0,00     79,90
23:43:00          0     12,87      0,00      6,93      0,00      0,00      0,00      0,00      0,00      0,00     80,20
23:43:00          1     11,11      0,00      6,06      0,00      0,00      0,00      0,00      0,00      0,00     82,83
23:43:00          2     10,10      0,00      5,05      0,00      0,00      1,01      0,00      0,00      0,00     83,84
23:43:00          3     13,13      0,00      8,08      0,00      0,00      2,02      4,04      0,00      0,00     72,73

23:43:00        CPU      %usr     %nice      %sys   %iowait    %steal      %irq     %soft    %guest    %gnice     %idle
23:43:01        all     12,15      0,00      5,32      0,00      0,00      0,76      1,27      0,00      0,00     80,51
23:43:01          0     12,24      0,00      5,10      0,00      0,00      0,00      1,02      0,00      0,00     81,63
23:43:01          1     12,24      0,00      5,10      0,00      0,00      0,00      0,00      0,00      0,00     82,65
23:43:01          2     12,12      0,00      5,05      0,00      0,00      0,00      0,00      0,00      0,00     82,83
23:43:01          3     12,00      0,00      6,00      0,00      0,00      3,00      4,00      0,00      0,00     75,00

23:43:01        CPU      %usr     %nice      %sys   %iowait    %steal      %irq     %soft    %guest    %gnice     %idle
23:43:02        all     18,30      0,00      8,76      0,00      0,00      1,03      1,55      0,00      0,00     70,36
23:43:02          0     18,75      0,00      7,29      0,00      0,00      0,00      0,00      0,00      0,00     73,96
23:43:02          1     17,71      0,00      8,33      0,00      0,00      0,00      0,00      0,00      0,00     73,96
23:43:02          2     16,33      0,00      8,16      0,00      0,00      0,00      0,00      0,00      0,00     75,51
23:43:02          3     20,41      0,00     11,22      0,00      0,00      4,08      6,12      0,00      0,00     58,16

23:43:02        CPU      %usr     %nice      %sys   %iowait    %steal      %irq     %soft    %guest    %gnice     %idle
23:43:03        all     27,06      0,00     12,89      0,00      0,00      1,29      1,80      0,00      0,00     56,96
23:43:03          0     30,21      0,00     10,42      0,00      0,00      0,00      0,00      0,00      0,00     59,38
23:43:03          1     25,74      0,00     13,86      0,00      0,00      0,99      0,99      0,00      0,00     58,42
23:43:03          2     26,32      0,00     11,58      0,00      0,00      0,00      0,00      0,00      0,00     62,11
23:43:03          3     26,04      0,00     15,62      0,00      0,00      4,17      6,25      0,00      0,00     47,92

23:43:03        CPU      %usr     %nice      %sys   %iowait    %steal      %irq     %soft    %guest    %gnice     %idle
23:43:04        all     10,66      0,00      5,08      0,00      0,00      0,51      0,76      0,00      0,00     82,99
23:43:04          0     12,00      0,00      6,00      0,00      0,00      0,00      0,00      0,00      0,00     82,00
23:43:04          1      9,18      0,00      4,08      0,00      0,00      0,00      0,00      0,00      0,00     86,73
23:43:04          2      8,25      0,00      4,12      0,00      0,00      0,00      0,00      0,00      0,00     87,63
23:43:04          3     13,13      0,00      6,06      0,00      0,00      2,02      3,03      0,00      0,00     75,76

23:43:04        CPU      %usr     %nice      %sys   %iowait    %steal      %irq     %soft    %guest    %gnice     %idle
23:43:05        all      7,40      0,00      5,36      0,00      0,00      0,51      0,77      0,00      0,00     85,97
23:43:05          0      7,07      0,00     11,11      0,00      0,00      1,01      0,00      0,00      0,00     80,81
23:43:05          1      7,22      0,00      3,09      0,00      0,00      0,00      0,00      0,00      0,00     89,69
23:43:05          2      6,12      0,00      3,06      0,00      0,00      0,00      0,00      0,00      0,00     90,82
23:43:05          3      9,18      0,00      4,08      0,00      0,00      1,02      3,06      0,00      0,00     82,65

23:43:05        CPU      %usr     %nice      %sys   %iowait    %steal      %irq     %soft    %guest    %gnice     %idle
23:43:06        all      8,04      0,00      4,02      0,00      0,00      0,25      0,75      0,00      0,00     86,93
23:43:06          0      9,09      0,00      3,03      0,00      0,00      0,00      0,00      0,00      0,00     87,88
23:43:06          1      7,07      0,00      4,04      0,00      0,00      0,00      0,00      0,00      0,00     88,89
23:43:06          2      6,12      0,00      3,06      0,00      0,00      0,00      0,00      0,00      0,00     90,82
23:43:06          3      9,80      0,00      5,88      0,00      0,00      0,98      2,94      0,00      0,00     80,39

23:43:06        CPU      %usr     %nice      %sys   %iowait    %steal      %irq     %soft    %guest    %gnice     %idle
23:43:07        all      9,11      0,00      4,56      0,25      0,00      0,51      0,76      0,00      0,00     84,81
23:43:07          0     11,11      0,00      4,04      0,00      0,00      0,00      0,00      0,00      0,00     84,85
23:43:07          1      7,22      0,00      4,12      1,03      0,00      0,00      0,00      0,00      0,00     87,63
23:43:07          2      7,07      0,00      4,04      0,00      0,00      0,00      0,00      0,00      0,00     88,89
23:43:07          3     11,00      0,00      6,00      0,00      0,00      2,00      3,00      0,00      0,00     78,00

23:43:07        CPU      %usr     %nice      %sys   %iowait    %steal      %irq     %soft    %guest    %gnice     %idle
23:43:08        all     17,72      0,00      8,20      0,00      0,00      1,32      1,32      0,00      0,00     71,43
23:43:08          0     17,20      0,00      8,60      0,00      0,00      0,00      0,00      0,00      0,00     74,19
23:43:08          1     16,84      0,00      8,42      0,00      0,00      1,05      0,00      0,00      0,00     73,68
23:43:08          2     17,02      0,00      6,38      0,00      0,00      1,06      0,00      0,00      0,00     75,53
23:43:08          3     19,79      0,00      9,38      0,00      0,00      3,12      5,21      0,00      0,00     62,50

23:43:08        CPU      %usr     %nice      %sys   %iowait    %steal      %irq     %soft    %guest    %gnice     %idle
23:43:09        all     31,11      0,00     16,20      0,00      0,00      0,51      1,54      0,00      0,00     50,64
23:43:09          0     43,88      0,00     25,51      0,00      0,00      0,00      0,00      0,00      0,00     30,61
23:43:09          1     21,88      0,00     11,46      0,00      0,00      0,00      0,00      0,00      0,00     66,67
23:43:09          2     30,30      0,00     12,12      0,00      0,00      0,00      1,01      0,00      0,00     56,57
23:43:09          3     28,12      0,00     15,62      0,00      0,00      2,08      5,21      0,00      0,00     48,96

23:43:09        CPU      %usr     %nice      %sys   %iowait    %steal      %irq     %soft    %guest    %gnice     %idle
23:43:10        all      7,61      0,00      5,08      1,27      0,00      0,51      0,51      0,00      0,00     85,03
23:43:10          0      9,28      0,00      6,19      1,03      0,00      0,00      0,00      0,00      0,00     83,51
23:43:10          1      7,00      0,00      5,00      1,00      0,00      0,00      0,00      0,00      0,00     87,00
23:43:10          2      6,06      0,00      4,04      0,00      0,00      0,00      0,00      0,00      0,00     89,90
23:43:10          3      8,16      0,00      5,10      3,06      0,00      2,04      2,04      0,00      0,00     79,59

23:43:10        CPU      %usr     %nice      %sys   %iowait    %steal      %irq     %soft    %guest    %gnice     %idle
23:43:11        all      7,36      0,00      3,55      0,00      0,00      0,25      0,76      0,00      0,00     88,07
23:43:11          0      7,07      0,00      4,04      0,00      0,00      0,00      0,00      0,00      0,00     88,89
23:43:11          1      7,22      0,00      3,09      0,00      0,00      0,00      0,00      0,00      0,00     89,69
23:43:11          2      7,14      0,00      3,06      0,00      0,00      0,00      0,00      0,00      0,00     89,80
23:43:11          3      8,00      0,00      4,00      0,00      0,00      1,00      3,00      0,00      0,00     84,00

23:43:11        CPU      %usr     %nice      %sys   %iowait    %steal      %irq     %soft    %guest    %gnice     %idle
23:43:12        all      9,64      0,00      3,81      0,00      0,00      0,76      0,51      0,00      0,00     85,28
23:43:12          0     10,00      0,00      4,00      0,00      0,00      1,00      0,00      0,00      0,00     85,00
23:43:12          1      9,18      0,00      4,08      0,00      0,00      0,00      0,00      0,00      0,00     86,73
23:43:12          2      7,29      0,00      3,12      0,00      0,00      0,00      0,00      0,00      0,00     89,58
23:43:12          3     12,00      0,00      4,00      0,00      0,00      2,00      2,00      0,00      0,00     80,00

23:43:12        CPU      %usr     %nice      %sys   %iowait    %steal      %irq     %soft    %guest    %gnice     %idle
23:43:13        all     16,15      0,00      7,44      0,00      0,00      0,77      1,28      0,00      0,00     74,36
23:43:13          0     16,33      0,00      7,14      0,00      0,00      0,00      0,00      0,00      0,00     76,53
23:43:13          1     15,46      0,00      7,22      0,00      0,00      0,00      0,00      0,00      0,00     77,32
23:43:13          2     15,31      0,00      7,14      0,00      0,00      0,00      0,00      0,00      0,00     77,55
23:43:13          3     17,53      0,00      8,25      0,00      0,00      3,09      5,15      0,00      0,00     65,98

Média:         CPU      %usr     %nice      %sys   %iowait    %steal      %irq     %soft    %guest    %gnice     %idle
Média:         all     11,80      0,00      5,60      0,09      0,00      0,61      0,90      0,00      0,00     81,00
Média:           0     12,46      0,00      5,85      0,08      0,00      0,15      0,05      0,00      0,00     81,40
Média:           1     11,56      0,00      5,25      0,17      0,00      0,14      0,05      0,00      0,00     82,84
Média:           2     10,93      0,00      5,09      0,03      0,00      0,12      0,05      0,00      0,00     83,78
Média:           3     12,26      0,00      6,20      0,08      0,00      2,02      3,45      0,00      0,00     75,99
