Linux 5.14.0-503.19.1.el9_5.x86_64 (localhost.localdomain) 	15/04/2025 	_x86_64_	(4 CPU)

23:12:20        CPU      %usr     %nice      %sys   %iowait    %steal      %irq     %soft    %guest    %gnice     %idle
23:12:21        all      0,00      0,00      0,50      0,00      0,00      0,00      0,00      0,00      0,00     99,50
23:12:21          0      0,00      0,00      0,99      0,00      0,00      0,00      0,00      0,00      0,00     99,01
23:12:21          1      0,00      0,00      0,00      0,00      0,00      0,00      0,00      0,00      0,00    100,00
23:12:21          2      0,00      0,00      0,99      0,00      0,00      0,00      0,00      0,00      0,00     99,01
23:12:21          3      0,00      0,00      0,00      0,00      0,00      0,00      0,00      0,00      0,00    100,00

23:12:21        CPU      %usr     %nice      %sys   %iowait    %steal      %irq     %soft    %guest    %gnice     %idle
23:12:22        all      0,00      0,00      0,00      0,25      0,00      0,25      0,00      0,00      0,00     99,50
23:12:22          0      0,00      0,00      0,00      0,00      0,00      0,00      0,00      0,00      0,00    100,00
23:12:22          1      0,00      0,00      0,00      1,00      0,00      0,00      0,00      0,00      0,00     99,00
23:12:22          2      0,00      0,00      0,00      0,00      0,00      0,99      0,00      0,00      0,00     99,01
23:12:22          3      0,00      0,00      0,00      0,00      0,00      0,00      0,00      0,00      0,00    100,00

23:12:22        CPU      %usr     %nice      %sys   %iowait    %steal      %irq     %soft    %guest    %gnice     %idle
23:12:23        all      0,00      0,00      0,00      0,00      0,00      0,00      0,00      0,00      0,00    100,00
23:12:23          0      0,00      0,00      0,00      0,00      0,00      0,00      0,00      0,00      0,00    100,00
23:12:23          1      0,00      0,00      0,00      0,00      0,00      0,00      0,00      0,00      0,00    100,00
23:12:23          2      0,00      0,00      0,00      0,00      0,00      0,00      0,00      0,00      0,00    100,00
23:12:23          3      0,00      0,00      0,00      0,00      0,00      0,00      0,00      0,00      0,00    100,00

23:12:23        CPU      %usr     %nice      %sys   %iowait    %steal      %irq     %soft    %guest    %gnice     %idle
23:12:24        all     10,49      0,00      4,60      0,00      0,00      1,02      2,05      0,00      0,00     81,84
23:12:24          0     11,34      0,00      7,22      0,00      0,00      0,00      0,00      0,00      0,00     81,44
23:12:24          1     10,20      0,00      3,06      0,00      0,00      1,02      0,00      0,00      0,00     85,71
23:12:24          2     10,31      0,00      3,09      0,00      0,00      0,00      0,00      0,00      0,00     86,60
23:12:24          3     10,10      0,00      5,05      0,00      0,00      3,03      8,08      0,00      0,00     73,74

23:12:24        CPU      %usr     %nice      %sys   %iowait    %steal      %irq     %soft    %guest    %gnice     %idle
23:12:25        all     13,50      0,00      8,50      0,00      0,00      1,50      2,25      0,00      0,00     74,25
23:12:25          0     13,00      0,00     10,00      0,00      0,00      1,00      0,00      0,00      0,00     76,00
23:12:25          1     13,13      0,00      8,08      0,00      0,00      0,00      0,00      0,00      0,00     78,79
23:12:25          2     14,85      0,00      7,92      0,00      0,00      0,00      0,00      0,00      0,00     77,23
23:12:25          3     13,00      0,00      8,00      0,00      0,00      5,00      9,00      0,00      0,00     65,00

23:12:25        CPU      %usr     %nice      %sys   %iowait    %steal      %irq     %soft    %guest    %gnice     %idle
23:12:26        all     15,91      0,00      9,09      0,00      0,00      1,26      2,78      0,00      0,00     70,96
23:12:26          0     17,17      0,00      8,08      0,00      0,00      0,00      0,00      0,00      0,00     74,75
23:12:26          1     14,29      0,00      9,18      0,00      0,00      0,00      0,00      0,00      0,00     76,53
23:12:26          2     16,16      0,00      9,09      0,00      0,00      0,00      0,00      0,00      0,00     74,75
23:12:26          3     16,00      0,00     10,00      0,00      0,00      5,00     11,00      0,00      0,00     58,00

23:12:26        CPU      %usr     %nice      %sys   %iowait    %steal      %irq     %soft    %guest    %gnice     %idle
23:12:27        all      9,87      0,00      5,32      0,00      0,00      0,76      1,77      0,00      0,00     82,28
23:12:27          0      9,28      0,00      5,15      0,00      0,00      0,00      0,00      0,00      0,00     85,57
23:12:27          1     11,11      0,00      5,05      0,00      0,00      0,00      0,00      0,00      0,00     83,84
23:12:27          2     10,10      0,00      5,05      0,00      0,00      0,00      0,00      0,00      0,00     84,85
23:12:27          3      9,00      0,00      6,00      0,00      0,00      3,00      7,00      0,00      0,00     75,00

23:12:27        CPU      %usr     %nice      %sys   %iowait    %steal      %irq     %soft    %guest    %gnice     %idle
23:12:28        all     14,39      0,00      7,32      0,00      0,00      0,76      2,27      0,00      0,00     75,25
23:12:28          0     15,31      0,00      6,12      0,00      0,00      0,00      0,00      0,00      0,00     78,57
23:12:28          1     15,00      0,00      8,00      0,00      0,00      0,00      0,00      0,00      0,00     77,00
23:12:28          2     15,15      0,00      6,06      0,00      0,00      0,00      0,00      0,00      0,00     78,79
23:12:28          3     12,12      0,00      9,09      0,00      0,00      3,03      9,09      0,00      0,00     66,67

23:12:28        CPU      %usr     %nice      %sys   %iowait    %steal      %irq     %soft    %guest    %gnice     %idle
23:12:29        all     17,00      0,00      9,75      1,00      0,00      1,25      2,75      0,00      0,00     68,25
23:12:29          0     19,19      0,00      8,08      0,00      0,00      0,00      0,00      0,00      0,00     72,73
23:12:29          1     17,82      0,00      8,91      0,99      0,00      0,00      0,00      0,00      0,00     72,28
23:12:29          2     16,00      0,00     10,00      2,00      0,00      1,00      0,00      0,00      0,00     71,00
23:12:29          3     15,00      0,00     12,00      1,00      0,00      4,00     11,00      0,00      0,00     57,00

23:12:29        CPU      %usr     %nice      %sys   %iowait    %steal      %irq     %soft    %guest    %gnice     %idle
23:12:30        all     19,39      0,00      9,44      0,00      0,00      1,53      3,57      0,00      0,00     66,07
23:12:30          0     20,62      0,00      8,25      0,00      0,00      0,00      0,00      0,00      0,00     71,13
23:12:30          1     20,41      0,00      9,18      0,00      0,00      0,00      0,00      0,00      0,00     70,41
23:12:30          2     19,79      0,00      8,33      0,00      0,00      0,00      0,00      0,00      0,00     71,88
23:12:30          3     16,83      0,00     11,88      0,00      0,00      5,94     13,86      0,00      0,00     51,49

23:12:30        CPU      %usr     %nice      %sys   %iowait    %steal      %irq     %soft    %guest    %gnice     %idle
23:12:31        all     18,53      0,00     10,66      0,00      0,00      1,78      3,05      0,00      0,00     65,99
23:12:31          0     19,39      0,00     10,20      0,00      0,00      1,02      0,00      0,00      0,00     69,39
23:12:31          1     20,20      0,00      9,09      0,00      0,00      1,01      0,00      0,00      0,00     69,70
23:12:31          2     18,37      0,00     10,20      0,00      0,00      0,00      0,00      0,00      0,00     71,43
23:12:31          3     16,16      0,00     13,13      0,00      0,00      5,05     12,12      0,00      0,00     53,54

23:12:31        CPU      %usr     %nice      %sys   %iowait    %steal      %irq     %soft    %guest    %gnice     %idle
23:12:32        all     23,66      0,00     11,70      0,00      0,00      1,02      4,07      0,00      0,00     59,54
23:12:32          0     25,25      0,00     10,10      0,00      0,00      0,00      0,00      0,00      0,00     64,65
23:12:32          1     24,49      0,00     11,22      0,00      0,00      0,00      0,00      0,00      0,00     64,29
23:12:32          2     24,74      0,00     11,34      0,00      0,00      0,00      0,00      0,00      0,00     63,92
23:12:32          3     20,20      0,00     14,14      0,00      0,00      4,04     16,16      0,00      0,00     45,45

23:12:32        CPU      %usr     %nice      %sys   %iowait    %steal      %irq     %soft    %guest    %gnice     %idle
23:12:33        all     16,54      0,00      9,16      0,00      0,00      1,02      3,31      0,00      0,00     69,97
23:12:33          0     15,62      0,00      9,38      0,00      0,00      0,00      0,00      0,00      0,00     75,00
23:12:33          1     19,39      0,00      7,14      0,00      0,00      0,00      0,00      0,00      0,00     73,47
23:12:33          2     17,17      0,00      8,08      0,00      0,00      0,00      0,00      0,00      0,00     74,75
23:12:33          3     14,00      0,00     12,00      0,00      0,00      4,00     13,00      0,00      0,00     57,00

23:12:33        CPU      %usr     %nice      %sys   %iowait    %steal      %irq     %soft    %guest    %gnice     %idle
23:12:34        all     18,59      0,00      9,30      0,00      0,00      1,01      3,77      0,00      0,00     67,34
23:12:34          0     19,61      0,00     10,78      0,00      0,00      0,00      0,00      0,00      0,00     69,61
23:12:34          1     18,37      0,00      8,16      0,00      0,00      0,00      0,00      0,00      0,00     73,47
23:12:34          2     20,00      0,00      8,00      0,00      0,00      0,00      1,00      0,00      0,00     71,00
23:12:34          3     16,33      0,00     10,20      0,00      0,00      4,08     14,29      0,00      0,00     55,10

23:12:34        CPU      %usr     %nice      %sys   %iowait    %steal      %irq     %soft    %guest    %gnice     %idle
23:12:35        all     13,13      0,00      6,31      0,00      0,00      1,01      2,53      0,00      0,00     77,02
23:12:35          0     13,40      0,00      5,15      0,00      0,00      0,00      0,00      0,00      0,00     81,44
23:12:35          1     14,29      0,00      5,10      0,00      0,00      0,00      0,00      0,00      0,00     80,61
23:12:35          2     13,13      0,00      6,06      0,00      0,00      1,01      0,00      0,00      0,00     79,80
23:12:35          3     11,76      0,00      8,82      0,00      0,00      2,94      9,80      0,00      0,00     66,67

23:12:35        CPU      %usr     %nice      %sys   %iowait    %steal      %irq     %soft    %guest    %gnice     %idle
23:12:36        all      6,93      0,00      3,96      0,00      0,00      0,74      1,98      0,00      0,00     86,39
23:12:36          0      6,93      0,00      4,95      0,00      0,00      0,00      0,00      0,00      0,00     88,12
23:12:36          1      8,00      0,00      3,00      0,00      0,00      0,00      0,00      0,00      0,00     89,00
23:12:36          2      7,84      0,00      3,92      0,00      0,00      0,00      0,00      0,00      0,00     88,24
23:12:36          3      4,95      0,00      3,96      0,00      0,00      2,97      7,92      0,00      0,00     80,20

23:12:36        CPU      %usr     %nice      %sys   %iowait    %steal      %irq     %soft    %guest    %gnice     %idle
23:12:37        all      7,59      0,00      3,80      0,25      0,00      0,51      1,52      0,00      0,00     86,33
23:12:37          0      9,09      0,00      3,03      0,00      0,00      0,00      0,00      0,00      0,00     87,88
23:12:37          1      8,00      0,00      4,00      1,00      0,00      0,00      0,00      0,00      0,00     87,00
23:12:37          2      7,22      0,00      3,09      0,00      0,00      0,00      0,00      0,00      0,00     89,69
23:12:37          3      6,06      0,00      5,05      0,00      0,00      2,02      6,06      0,00      0,00     80,81

23:12:37        CPU      %usr     %nice      %sys   %iowait    %steal      %irq     %soft    %guest    %gnice     %idle
23:12:38        all     17,12      0,00      9,68      0,00      0,00      1,74      2,98      0,00      0,00     68,49
23:12:38          0     17,65      0,00      8,82      0,00      0,00      0,98      0,00      0,00      0,00     72,55
23:12:38          1     17,82      0,00      8,91      0,00      0,00      0,99      0,00      0,00      0,00     72,28
23:12:38          2     17,35      0,00      8,16      0,00      0,00      0,00      0,00      0,00      0,00     74,49
23:12:38          3     15,69      0,00     12,75      0,00      0,00      4,90     11,76      0,00      0,00     54,90

23:12:38        CPU      %usr     %nice      %sys   %iowait    %steal      %irq     %soft    %guest    %gnice     %idle
23:12:39        all     16,33      0,00      8,04      0,00      0,00      1,26      3,02      0,00      0,00     71,36
23:12:39          0     16,00      0,00      9,00      0,00      0,00      0,00      1,00      0,00      0,00     74,00
23:12:39          1     18,18      0,00      6,06      0,00      0,00      0,00      0,00      0,00      0,00     75,76
23:12:39          2     16,33      0,00      7,14      0,00      0,00      0,00      0,00      0,00      0,00     76,53
23:12:39          3     14,85      0,00      9,90      0,00      0,00      4,95     10,89      0,00      0,00     59,41

23:12:39        CPU      %usr     %nice      %sys   %iowait    %steal      %irq     %soft    %guest    %gnice     %idle
23:12:40        all     17,13      0,00      9,57      0,00      0,00      1,26      2,77      0,00      0,00     69,27
23:12:40          0     16,49      0,00      8,25      0,00      0,00      0,00      0,00      0,00      0,00     75,26
23:12:40          1     20,00      0,00      8,00      0,00      0,00      0,00      0,00      0,00      0,00     72,00
23:12:40          2     17,00      0,00      9,00      0,00      0,00      0,00      0,00      0,00      0,00     74,00
23:12:40          3     15,00      0,00     13,00      0,00      0,00      5,00     11,00      0,00      0,00     56,00

23:12:40        CPU      %usr     %nice      %sys   %iowait    %steal      %irq     %soft    %guest    %gnice     %idle
23:12:41        all     16,50      0,00      8,25      0,00      0,00      1,00      2,75      0,00      0,00     71,50
23:12:41          0     16,16      0,00      8,08      0,00      0,00      0,00      0,00      0,00      0,00     75,76
23:12:41          1     17,00      0,00      8,00      0,00      0,00      0,00      0,00      0,00      0,00     75,00
23:12:41          2     18,00      0,00      7,00      0,00      0,00      0,00      0,00      0,00      0,00     75,00
23:12:41          3     14,85      0,00      9,90      0,00      0,00      3,96     10,89      0,00      0,00     60,40

23:12:41        CPU      %usr     %nice      %sys   %iowait    %steal      %irq     %soft    %guest    %gnice     %idle
23:12:42        all     17,17      0,00      9,09      0,00      0,00      1,52      3,03      0,00      0,00     69,19
23:12:42          0     17,17      0,00      9,09      0,00      0,00      0,00      0,00      0,00      0,00     73,74
23:12:42          1     18,18      0,00      8,08      0,00      0,00      0,00      0,00      0,00      0,00     73,74
23:12:42          2     17,35      0,00      8,16      0,00      0,00      1,02      0,00      0,00      0,00     73,47
23:12:42          3     16,00      0,00     11,00      0,00      0,00      5,00     12,00      0,00      0,00     56,00

23:12:42        CPU      %usr     %nice      %sys   %iowait    %steal      %irq     %soft    %guest    %gnice     %idle
23:12:43        all     13,82      0,00      6,78      0,25      0,00      1,01      2,51      0,00      0,00     75,63
23:12:43          0     14,29      0,00      6,12      0,00      0,00      0,00      0,00      0,00      0,00     79,59
23:12:43          1     14,14      0,00      5,05      1,01      0,00      0,00      1,01      0,00      0,00     78,79
23:12:43          2     14,14      0,00      7,07      0,00      0,00      0,00      0,00      0,00      0,00     78,79
23:12:43          3     12,75      0,00      8,82      0,00      0,00      3,92      8,82      0,00      0,00     65,69

23:12:43        CPU      %usr     %nice      %sys   %iowait    %steal      %irq     %soft    %guest    %gnice     %idle
23:12:44        all     22,42      0,00     12,59      0,00      0,00      1,51      3,78      0,00      0,00     59,70
23:12:44          0     24,24      0,00     11,11      0,00      0,00      1,01      0,00      0,00      0,00     63,64
23:12:44          1     23,76      0,00     11,88      0,00      0,00      0,99      0,00      0,00      0,00     63,37
23:12:44          2     22,68      0,00     12,37      0,00      0,00      0,00      0,00      0,00      0,00     64,95
23:12:44          3     19,00      0,00     15,00      0,00      0,00      4,00     15,00      0,00      0,00     47,00

23:12:44        CPU      %usr     %nice      %sys   %iowait    %steal      %irq     %soft    %guest    %gnice     %idle
23:12:45        all     24,43      0,00     13,10      0,00      0,00      1,26      3,78      0,00      0,00     57,43
23:12:45          0     27,00      0,00     11,00      0,00      0,00      0,00      0,00      0,00      0,00     62,00
23:12:45          1     27,55      0,00     11,22      0,00      0,00      0,00      0,00      0,00      0,00     61,22
23:12:45          2     25,25      0,00     12,12      0,00      0,00      0,00      0,00      0,00      0,00     62,63
23:12:45          3     18,00      0,00     18,00      0,00      0,00      5,00     15,00      0,00      0,00     44,00

23:12:45        CPU      %usr     %nice      %sys   %iowait    %steal      %irq     %soft    %guest    %gnice     %idle
23:12:46        all     23,35      0,00     12,18      0,25      0,00      1,27      4,06      0,00      0,00     58,88
23:12:46          0     26,04      0,00     10,42      0,00      0,00      0,00      0,00      0,00      0,00     63,54
23:12:46          1     24,49      0,00     11,22      0,00      0,00      0,00      0,00      0,00      0,00     64,29
23:12:46          2     24,49      0,00     11,22      1,02      0,00      0,00      0,00      0,00      0,00     63,27
23:12:46          3     18,63      0,00     15,69      0,00      0,00      4,90     15,69      0,00      0,00     45,10

23:12:46        CPU      %usr     %nice      %sys   %iowait    %steal      %irq     %soft    %guest    %gnice     %idle
23:12:47        all     23,29      0,00     14,43      0,00      0,00      1,52      3,80      0,00      0,00     56,96
23:12:47          0     23,23      0,00     18,18      0,00      0,00      0,00      0,00      0,00      0,00     58,59
23:12:47          1     24,74      0,00     12,37      0,00      0,00      0,00      0,00      0,00      0,00     62,89
23:12:47          2     26,26      0,00     11,11      0,00      0,00      1,01      0,00      0,00      0,00     61,62
23:12:47          3     19,00      0,00     16,00      0,00      0,00      5,00     15,00      0,00      0,00     45,00

23:12:47        CPU      %usr     %nice      %sys   %iowait    %steal      %irq     %soft    %guest    %gnice     %idle
23:12:48        all     23,33      0,00     12,66      0,00      0,00      1,24      3,72      0,00      0,00     59,06
23:12:48          0     23,47      0,00     12,24      0,00      0,00      0,00      0,00      0,00      0,00     64,29
23:12:48          1     25,74      0,00      9,90      0,00      0,00      0,00      0,00      0,00      0,00     64,36
23:12:48          2     25,00      0,00     11,00      0,00      0,00      0,00      0,00      0,00      0,00     64,00
23:12:48          3     19,23      0,00     17,31      0,00      0,00      4,81     14,42      0,00      0,00     44,23

23:12:48        CPU      %usr     %nice      %sys   %iowait    %steal      %irq     %soft    %guest    %gnice     %idle
23:12:49        all     21,80      0,00     12,03      0,00      0,00      1,50      4,01      0,00      0,00     60,65
23:12:49          0     23,76      0,00      9,90      0,00      0,00      0,99      0,00      0,00      0,00     65,35
23:12:49          1     22,22      0,00     11,11      0,00      0,00      1,01      0,00      0,00      0,00     65,66
23:12:49          2     22,68      0,00     10,31      0,00      0,00      0,00      0,00      0,00      0,00     67,01
23:12:49          3     18,63      0,00     16,67      0,00      0,00      3,92     15,69      0,00      0,00     45,10

23:12:49        CPU      %usr     %nice      %sys   %iowait    %steal      %irq     %soft    %guest    %gnice     %idle
23:12:50        all     13,78      0,00      7,02      0,00      0,00      0,75      2,51      0,00      0,00     75,94
23:12:50          0     14,14      0,00      7,07      0,00      0,00      0,00      0,00      0,00      0,00     78,79
23:12:50          1     13,13      0,00      7,07      0,00      0,00      0,00      0,00      0,00      0,00     79,80
23:12:50          2     15,69      0,00      5,88      0,00      0,00      0,00      0,00      0,00      0,00     78,43
23:12:50          3     12,12      0,00      8,08      0,00      0,00      3,03     10,10      0,00      0,00     66,67

23:12:50        CPU      %usr     %nice      %sys   %iowait    %steal      %irq     %soft    %guest    %gnice     %idle
23:12:51        all     15,91      0,00      9,85      0,00      0,00      1,52      3,54      0,00      0,00     69,19
23:12:51          0     16,16      0,00      9,09      0,00      0,00      0,00      0,00      0,00      0,00     74,75
23:12:51          1     16,33      0,00      9,18      0,00      0,00      0,00      0,00      0,00      0,00     74,49
23:12:51          2     16,33      0,00      9,18      0,00      0,00      1,02      0,00      0,00      0,00     73,47
23:12:51          3     14,85      0,00     11,88      0,00      0,00      4,95     13,86      0,00      0,00     54,46

23:12:51        CPU      %usr     %nice      %sys   %iowait    %steal      %irq     %soft    %guest    %gnice     %idle
23:12:52        all     11,78      0,00      6,77      0,00      0,00      0,75      3,01      0,00      0,00     77,69
23:12:52          0     11,22      0,00      6,12      0,00      0,00      0,00      0,00      0,00      0,00     82,65
23:12:52          1     13,13      0,00      5,05      0,00      0,00      0,00      0,00      0,00      0,00     81,82
23:12:52          2     12,75      0,00      6,86      0,00      0,00      0,00      0,00      0,00      0,00     80,39
23:12:52          3     10,00      0,00      9,00      0,00      0,00      3,00     12,00      0,00      0,00     66,00

23:12:52        CPU      %usr     %nice      %sys   %iowait    %steal      %irq     %soft    %guest    %gnice     %idle
23:12:53        all      8,79      0,00      4,02      0,25      0,00      0,75      1,76      0,00      0,00     84,42
23:12:53          0      9,18      0,00      3,06      0,00      0,00      0,00      0,00      0,00      0,00     87,76
23:12:53          1      8,91      0,00      4,95      0,99      0,00      0,00      0,00      0,00      0,00     85,15
23:12:53          2      9,09      0,00      4,04      0,00      0,00      0,00      0,00      0,00      0,00     86,87
23:12:53          3      8,00      0,00      4,00      0,00      0,00      3,00      7,00      0,00      0,00     78,00

23:12:53        CPU      %usr     %nice      %sys   %iowait    %steal      %irq     %soft    %guest    %gnice     %idle
23:12:54        all     11,69      0,00      6,47      0,00      0,00      1,00      1,99      0,00      0,00     78,86
23:12:54          0     13,59      0,00      5,83      0,00      0,00      0,00      0,00      0,00      0,00     80,58
23:12:54          1     11,11      0,00      6,06      0,00      0,00      0,00      0,00      0,00      0,00     82,83
23:12:54          2     11,11      0,00      6,06      0,00      0,00      0,00      0,00      0,00      0,00     82,83
23:12:54          3     10,89      0,00      7,92      0,00      0,00      3,96      7,92      0,00      0,00     69,31

23:12:54        CPU      %usr     %nice      %sys   %iowait    %steal      %irq     %soft    %guest    %gnice     %idle
23:12:55        all     15,70      0,00      7,59      2,03      0,00      1,01      3,04      0,00      0,00     70,63
23:12:55          0     16,16      0,00      7,07      2,02      0,00      0,00      0,00      0,00      0,00     74,75
23:12:55          1     17,35      0,00      6,12      2,04      0,00      0,00      0,00      0,00      0,00     74,49
23:12:55          2     15,46      0,00      6,19      4,12      0,00      0,00      0,00      0,00      0,00     74,23
23:12:55          3     13,86      0,00     10,89      0,00      0,00      3,96     11,88      0,00      0,00     59,41

23:12:55        CPU      %usr     %nice      %sys   %iowait    %steal      %irq     %soft    %guest    %gnice     %idle
23:12:56        all     13,28      0,00      7,02      0,00      0,00      1,75      2,26      0,00      0,00     75,69
23:12:56          0     13,00      0,00      7,00      0,00      0,00      1,00      0,00      0,00      0,00     79,00
23:12:56          1     13,86      0,00      6,93      0,00      0,00      0,99      0,00      0,00      0,00     78,22
23:12:56          2     14,14      0,00      6,06      0,00      0,00      0,00      0,00      0,00      0,00     79,80
23:12:56          3     12,12      0,00      8,08      0,00      0,00      5,05      9,09      0,00      0,00     65,66

23:12:56        CPU      %usr     %nice      %sys   %iowait    %steal      %irq     %soft    %guest    %gnice     %idle
23:12:57        all     13,93      0,00      7,21      0,00      0,00      1,00      2,24      0,00      0,00     75,62
23:12:57          0     13,00      0,00      7,00      0,00      0,00      0,00      0,00      0,00      0,00     80,00
23:12:57          1     14,85      0,00      6,93      0,00      0,00      0,00      0,00      0,00      0,00     78,22
23:12:57          2     13,86      0,00      6,93      0,00      0,00      0,00      0,00      0,00      0,00     79,21
23:12:57          3     14,00      0,00      8,00      0,00      0,00      4,00      9,00      0,00      0,00     65,00

23:12:57        CPU      %usr     %nice      %sys   %iowait    %steal      %irq     %soft    %guest    %gnice     %idle
23:12:58        all     17,59      0,00      8,79      0,00      0,00      1,51      3,27      0,00      0,00     68,84
23:12:58          0     19,19      0,00      8,08      0,00      0,00      0,00      0,00      0,00      0,00     72,73
23:12:58          1     17,17      0,00      9,09      0,00      0,00      0,00      0,00      0,00      0,00     73,74
23:12:58          2     19,00      0,00      7,00      0,00      0,00      0,00      1,00      0,00      0,00     73,00
23:12:58          3     15,00      0,00     11,00      0,00      0,00      6,00     12,00      0,00      0,00     56,00

23:12:58        CPU      %usr     %nice      %sys   %iowait    %steal      %irq     %soft    %guest    %gnice     %idle
23:12:59        all     17,75      0,00     10,25      0,25      0,00      1,25      3,50      0,00      0,00     67,00
23:12:59          0     18,81      0,00      9,90      0,00      0,00      0,00      0,99      0,00      0,00     70,30
23:12:59          1     17,00      0,00     10,00      1,00      0,00      0,00      0,00      0,00      0,00     72,00
23:12:59          2     18,37      0,00      8,16      0,00      0,00      1,02      0,00      0,00      0,00     72,45
23:12:59          3     16,83      0,00     12,87      0,00      0,00      3,96     12,87      0,00      0,00     53,47

23:12:59        CPU      %usr     %nice      %sys   %iowait    %steal      %irq     %soft    %guest    %gnice     %idle
23:13:00        all     10,30      0,00      6,28      0,50      0,00      1,01      1,76      0,00      0,00     80,15
23:13:00          0     10,20      0,00      5,10      1,02      0,00      0,00      0,00      0,00      0,00     83,67
23:13:00          1     12,00      0,00      5,00      0,00      0,00      0,00      0,00      0,00      0,00     83,00
23:13:00          2     11,00      0,00      7,00      1,00      0,00      0,00      0,00      0,00      0,00     81,00
23:13:00          3      8,00      0,00      8,00      0,00      0,00      4,00      7,00      0,00      0,00     73,00

23:13:00        CPU      %usr     %nice      %sys   %iowait    %steal      %irq     %soft    %guest    %gnice     %idle
23:13:01        all     19,65      0,00     11,08      0,00      0,00      1,01      3,78      0,00      0,00     64,48
23:13:01          0     21,00      0,00     10,00      0,00      0,00      0,00      0,00      0,00      0,00     69,00
23:13:01          1     19,19      0,00     11,11      0,00      0,00      0,00      0,00      0,00      0,00     69,70
23:13:01          2     20,41      0,00     10,20      0,00      0,00      0,00      0,00      0,00      0,00     69,39
23:13:01          3     18,00      0,00     13,00      0,00      0,00      4,00     15,00      0,00      0,00     50,00

23:13:01        CPU      %usr     %nice      %sys   %iowait    %steal      %irq     %soft    %guest    %gnice     %idle
23:13:02        all     19,80      0,00     10,28      0,00      0,00      1,50      3,51      0,00      0,00     64,91
23:13:02          0     20,59      0,00     10,78      0,00      0,00      0,98      0,00      0,00      0,00     67,65
23:13:02          1     20,62      0,00      8,25      0,00      0,00      0,00      0,00      0,00      0,00     71,13
23:13:02          2     20,00      0,00     10,00      0,00      0,00      0,00      0,00      0,00      0,00     70,00
23:13:02          3     18,00      0,00     12,00      0,00      0,00      5,00     14,00      0,00      0,00     51,00

23:13:02        CPU      %usr     %nice      %sys   %iowait    %steal      %irq     %soft    %guest    %gnice     %idle
23:13:03        all     18,70      0,00      9,98      0,00      0,00      1,25      3,74      0,00      0,00     66,33
23:13:03          0     19,00      0,00     10,00      0,00      0,00      0,00      0,00      0,00      0,00     71,00
23:13:03          1     19,80      0,00      8,91      0,00      0,00      0,99      0,00      0,00      0,00     70,30
23:13:03          2     19,19      0,00      9,09      0,00      0,00      0,00      0,00      0,00      0,00     71,72
23:13:03          3     16,83      0,00     11,88      0,00      0,00      3,96     14,85      0,00      0,00     52,48

23:13:03        CPU      %usr     %nice      %sys   %iowait    %steal      %irq     %soft    %guest    %gnice     %idle
23:13:04        all     23,41      0,00     11,45      0,00      0,00      1,27      3,82      0,00      0,00     60,05
23:13:04          0     25,51      0,00     10,20      0,00      0,00      0,00      0,00      0,00      0,00     64,29
23:13:04          1     23,71      0,00     10,31      0,00      0,00      0,00      1,03      0,00      0,00     64,95
23:13:04          2     24,74      0,00     10,31      0,00      0,00      0,00      0,00      0,00      0,00     64,95
23:13:04          3     19,80      0,00     14,85      0,00      0,00      4,95     13,86      0,00      0,00     46,53

23:13:04        CPU      %usr     %nice      %sys   %iowait    %steal      %irq     %soft    %guest    %gnice     %idle
23:13:05        all     23,23      0,00     12,63      0,00      0,00      1,52      3,79      0,00      0,00     58,84
23:13:05          0     25,00      0,00     11,46      0,00      0,00      0,00      0,00      0,00      0,00     63,54
23:13:05          1     22,92      0,00     11,46      0,00      0,00      0,00      0,00      0,00      0,00     65,62
23:13:05          2     26,00      0,00     10,00      0,00      0,00      1,00      0,00      0,00      0,00     63,00
23:13:05          3     19,23      0,00     17,31      0,00      0,00      4,81     14,42      0,00      0,00     44,23

23:13:05        CPU      %usr     %nice      %sys   %iowait    %steal      %irq     %soft    %guest    %gnice     %idle
23:13:06        all     23,10      0,00     11,93      0,00      0,00      1,02      3,81      0,00      0,00     60,15
23:13:06          0     24,75      0,00     11,88      0,00      0,00      0,00      0,00      0,00      0,00     63,37
23:13:06          1     26,00      0,00     10,00      0,00      0,00      0,00      0,00      0,00      0,00     64,00
23:13:06          2     23,40      0,00      9,57      0,00      0,00      0,00      0,00      0,00      0,00     67,02
23:13:06          3     18,18      0,00     16,16      0,00      0,00      4,04     15,15      0,00      0,00     46,46

23:13:06        CPU      %usr     %nice      %sys   %iowait    %steal      %irq     %soft    %guest    %gnice     %idle
23:13:07        all     21,16      0,00     10,58      0,00      0,00      1,51      3,53      0,00      0,00     63,22
23:13:07          0     23,00      0,00     10,00      0,00      0,00      1,00      0,00      0,00      0,00     66,00
23:13:07          1     22,45      0,00      9,18      0,00      0,00      0,00      0,00      0,00      0,00     68,37
23:13:07          2     21,43      0,00      9,18      0,00      0,00      0,00      0,00      0,00      0,00     69,39
23:13:07          3     17,82      0,00     13,86      0,00      0,00      4,95     13,86      0,00      0,00     49,50

23:13:07        CPU      %usr     %nice      %sys   %iowait    %steal      %irq     %soft    %guest    %gnice     %idle
23:13:08        all     18,18      0,00      9,58      0,00      0,00      1,47      2,70      0,00      0,00     68,06
23:13:08          0     18,81      0,00      8,91      0,00      0,00      0,00      0,00      0,00      0,00     72,28
23:13:08          1     19,42      0,00      8,74      0,00      0,00      0,97      0,00      0,00      0,00     70,87
23:13:08          2     17,00      0,00      9,00      0,00      0,00      0,00      0,00      0,00      0,00     74,00
23:13:08          3     17,48      0,00     11,65      0,00      0,00      4,85     10,68      0,00      0,00     55,34

23:13:08        CPU      %usr     %nice      %sys   %iowait    %steal      %irq     %soft    %guest    %gnice     %idle
23:13:09        all     18,58      0,00     11,96      0,00      0,00      1,78      3,56      0,00      0,00     64,12
23:13:09          0     18,37      0,00     14,29      0,00      0,00      0,00      0,00      0,00      0,00     67,35
23:13:09          1     19,39      0,00     11,22      0,00      0,00      0,00      0,00      0,00      0,00     69,39
23:13:09          2     20,62      0,00      9,28      0,00      0,00      1,03      0,00      0,00      0,00     69,07
23:13:09          3     16,00      0,00     13,00      0,00      0,00      6,00     14,00      0,00      0,00     51,00

23:13:09        CPU      %usr     %nice      %sys   %iowait    %steal      %irq     %soft    %guest    %gnice     %idle
23:13:10        all     11,11      0,00      6,06      0,25      0,00      1,01      1,77      0,00      0,00     79,80
23:13:10          0     12,87      0,00      7,92      0,00      0,00      0,00      0,00      0,00      0,00     79,21
23:13:10          1     11,11      0,00      5,05      1,01      0,00      0,00      0,00      0,00      0,00     82,83
23:13:10          2     11,22      0,00      5,10      0,00      0,00      0,00      0,00      0,00      0,00     83,67
23:13:10          3      9,18      0,00      6,12      0,00      0,00      4,08      7,14      0,00      0,00     73,47

23:13:10        CPU      %usr     %nice      %sys   %iowait    %steal      %irq     %soft    %guest    %gnice     %idle
23:13:11        all     22,28      0,00     11,65      0,00      0,00      1,01      3,54      0,00      0,00     61,52
23:13:11          0     23,47      0,00     11,22      0,00      0,00      0,00      0,00      0,00      0,00     65,31
23:13:11          1     24,00      0,00     11,00      0,00      0,00      0,00      0,00      0,00      0,00     65,00
23:13:11          2     24,24      0,00     10,10      0,00      0,00      0,00      0,00      0,00      0,00     65,66
23:13:11          3     17,35      0,00     14,29      0,00      0,00      4,08     14,29      0,00      0,00     50,00

23:13:11        CPU      %usr     %nice      %sys   %iowait    %steal      %irq     %soft    %guest    %gnice     %idle
23:13:12        all     24,62      0,00     12,69      0,00      0,00      1,27      4,06      0,00      0,00     57,36
23:13:12          0     24,74      0,00     11,34      0,00      0,00      1,03      0,00      0,00      0,00     62,89
23:13:12          1     25,26      0,00     10,53      0,00      0,00      0,00      0,00      0,00      0,00     64,21
23:13:12          2     26,73      0,00     12,87      0,00      0,00      0,00      0,00      0,00      0,00     60,40
23:13:12          3     21,78      0,00     15,84      0,00      0,00      3,96     15,84      0,00      0,00     42,57

23:13:12        CPU      %usr     %nice      %sys   %iowait    %steal      %irq     %soft    %guest    %gnice     %idle
23:13:13        all     23,12      0,00     12,56      0,00      0,00      1,51      4,02      0,00      0,00     58,79
23:13:13          0     25,51      0,00     11,22      0,00      0,00      0,00      0,00      0,00      0,00     63,27
23:13:13          1     24,24      0,00     11,11      0,00      0,00      1,01      0,00      0,00      0,00     63,64
23:13:13          2     24,00      0,00     12,00      0,00      0,00      0,00      0,00      0,00      0,00     64,00
23:13:13          3     18,81      0,00     15,84      0,00      0,00      4,95     15,84      0,00      0,00     44,55

23:13:13        CPU      %usr     %nice      %sys   %iowait    %steal      %irq     %soft    %guest    %gnice     %idle
23:13:14        all     23,25      0,00     13,00      0,00      0,00      1,25      4,00      0,00      0,00     58,50
23:13:14          0     25,00      0,00     12,00      0,00      0,00      0,00      0,00      0,00      0,00     63,00
23:13:14          1     24,24      0,00     12,12      0,00      0,00      0,00      0,00      0,00      0,00     63,64
23:13:14          2     24,00      0,00     12,00      0,00      0,00      1,00      0,00      0,00      0,00     63,00
23:13:14          3     19,80      0,00     15,84      0,00      0,00      3,96     15,84      0,00      0,00     44,55

23:13:14        CPU      %usr     %nice      %sys   %iowait    %steal      %irq     %soft    %guest    %gnice     %idle
23:13:15        all     22,59      0,00     11,93      0,00      0,00      1,27      4,06      0,00      0,00     60,15
23:13:15          0     24,49      0,00     10,20      0,00      0,00      0,00      0,00      0,00      0,00     65,31
23:13:15          1     22,68      0,00     11,34      0,00      0,00      0,00      0,00      0,00      0,00     65,98
23:13:15          2     25,51      0,00      9,18      0,00      0,00      0,00      0,00      0,00      0,00     65,31
23:13:15          3     17,82      0,00     16,83      0,00      0,00      4,95     15,84      0,00      0,00     44,55

23:13:15        CPU      %usr     %nice      %sys   %iowait    %steal      %irq     %soft    %guest    %gnice     %idle
23:13:16        all     23,79      0,00     11,51      0,00      0,00      1,02      3,84      0,00      0,00     59,85
23:13:16          0     23,71      0,00     11,34      0,00      0,00      0,00      0,00      0,00      0,00     64,95
23:13:16          1     25,00      0,00      9,38      0,00      0,00      0,00      0,00      0,00      0,00     65,62
23:13:16          2     25,51      0,00     10,20      0,00      0,00      0,00      0,00      0,00      0,00     64,29
23:13:16          3     21,00      0,00     15,00      0,00      0,00      4,00     15,00      0,00      0,00     45,00

23:13:16        CPU      %usr     %nice      %sys   %iowait    %steal      %irq     %soft    %guest    %gnice     %idle
23:13:17        all     21,98      0,00     12,35      0,00      0,00      1,48      3,95      0,00      0,00     60,25
23:13:17          0     23,53      0,00     11,76      0,00      0,00      0,98      0,98      0,00      0,00     62,75
23:13:17          1     23,23      0,00     11,11      0,00      0,00      0,00      0,00      0,00      0,00     65,66
23:13:17          2     24,75      0,00      9,90      0,00      0,00      0,00      0,00      0,00      0,00     65,35
23:13:17          3     16,50      0,00     16,50      0,00      0,00      4,85     14,56      0,00      0,00     47,57

23:13:17        CPU      %usr     %nice      %sys   %iowait    %steal      %irq     %soft    %guest    %gnice     %idle
23:13:18        all     22,22      0,00     11,87      0,00      0,00      1,26      3,79      0,00      0,00     60,86
23:13:18          0     25,00      0,00     11,00      0,00      0,00      0,00      0,00      0,00      0,00     64,00
23:13:18          1     22,22      0,00     10,10      0,00      0,00      1,01      0,00      0,00      0,00     66,67
23:13:18          2     23,47      0,00     10,20      0,00      0,00      0,00      0,00      0,00      0,00     66,33
23:13:18          3     18,18      0,00     16,16      0,00      0,00      4,04     15,15      0,00      0,00     46,46

23:13:18        CPU      %usr     %nice      %sys   %iowait    %steal      %irq     %soft    %guest    %gnice     %idle
23:13:19        all     21,95      0,00     11,22      0,00      0,00      1,50      3,74      0,00      0,00     61,60
23:13:19          0     24,00      0,00     10,00      0,00      0,00      0,00      0,00      0,00      0,00     66,00
23:13:19          1     22,77      0,00     11,88      0,00      0,00      0,00      0,00      0,00      0,00     65,35
23:13:19          2     22,22      0,00      9,09      0,00      0,00      1,01      1,01      0,00      0,00     66,67
23:13:19          3     18,81      0,00     13,86      0,00      0,00      4,95     13,86      0,00      0,00     48,51

23:13:19        CPU      %usr     %nice      %sys   %iowait    %steal      %irq     %soft    %guest    %gnice     %idle
23:13:20        all     16,54      0,00      8,77      0,25      0,00      1,00      3,01      0,00      0,00     70,43
23:13:20          0     16,49      0,00      7,22      0,00      0,00      0,00      0,00      0,00      0,00     76,29
23:13:20          1     17,00      0,00      8,00      1,00      0,00      0,00      0,00      0,00      0,00     74,00
23:13:20          2     18,18      0,00      8,08      0,00      0,00      0,00      0,00      0,00      0,00     73,74
23:13:20          3     14,56      0,00     11,65      0,00      0,00      3,88     11,65      0,00      0,00     58,25

Média:         CPU      %usr     %nice      %sys   %iowait    %steal      %irq     %soft    %guest    %gnice     %idle
Média:         all     16,85      0,00      9,03      0,09      0,00      1,16      2,98      0,00      0,00     69,89
Média:           0     17,66      0,00      8,63      0,05      0,00      0,17      0,05      0,00      0,00     73,44
Média:           1     17,61      0,00      8,13      0,17      0,00      0,17      0,03      0,00      0,00     73,89
Média:           2     17,58      0,00      8,07      0,13      0,00      0,19      0,05      0,00      0,00     73,98
Média:           3     14,58      0,00     11,27      0,02      0,00      4,08     11,65      0,00      0,00     58,40
