Linux 5.14.0-503.19.1.el9_5.x86_64 (localhost.localdomain) 	15/04/2025 	_x86_64_	(4 CPU)

23:32:19        CPU      %usr     %nice      %sys   %iowait    %steal      %irq     %soft    %guest    %gnice     %idle
23:32:20        all      0,25      0,00      0,25      0,00      0,00      0,00      0,00      0,00      0,00     99,50
23:32:20          0      0,00      0,00      0,99      0,00      0,00      0,00      0,00      0,00      0,00     99,01
23:32:20          1      0,99      0,00      0,00      0,00      0,00      0,00      0,00      0,00      0,00     99,01
23:32:20          2      0,00      0,00      0,00      0,00      0,00      0,00      0,00      0,00      0,00    100,00
23:32:20          3      0,00      0,00      0,00      0,00      0,00      0,00      0,00      0,00      0,00    100,00

23:32:20        CPU      %usr     %nice      %sys   %iowait    %steal      %irq     %soft    %guest    %gnice     %idle
23:32:21        all      0,00      0,00      0,00      0,00      0,00      0,00      0,00      0,00      0,00    100,00
23:32:21          0      0,00      0,00      0,00      0,00      0,00      0,00      0,00      0,00      0,00    100,00
23:32:21          1      0,00      0,00      0,00      0,00      0,00      0,00      0,00      0,00      0,00    100,00
23:32:21          2      0,00      0,00      0,00      0,00      0,00      0,00      0,00      0,00      0,00    100,00
23:32:21          3      0,00      0,00      0,00      0,00      0,00      0,00      0,00      0,00      0,00    100,00

23:32:21        CPU      %usr     %nice      %sys   %iowait    %steal      %irq     %soft    %guest    %gnice     %idle
23:32:22        all      0,00      0,00      0,00      0,00      0,00      0,00      0,00      0,00      0,00    100,00
23:32:22          0      0,00      0,00      0,00      0,00      0,00      0,00      0,00      0,00      0,00    100,00
23:32:22          1      0,00      0,00      0,00      0,00      0,00      0,00      0,00      0,00      0,00    100,00
23:32:22          2      0,00      0,00      0,00      0,00      0,00      0,00      0,00      0,00      0,00    100,00
23:32:22          3      0,00      0,00      0,00      0,00      0,00      0,00      0,00      0,00      0,00    100,00

23:32:22        CPU      %usr     %nice      %sys   %iowait    %steal      %irq     %soft    %guest    %gnice     %idle
23:32:23        all     12,31      0,00      6,03      0,25      0,00      1,26      1,26      0,00      0,00     78,89
23:32:23          0     13,86      0,00      5,94      0,00      0,00      0,00      0,00      0,00      0,00     80,20
23:32:23          1     10,31      0,00      5,15      1,03      0,00      0,00      0,00      0,00      0,00     83,51
23:32:23          2     13,73      0,00      5,88      0,00      0,00      0,98      0,00      0,00      0,00     79,41
23:32:23          3     11,22      0,00      7,14      0,00      0,00      4,08      5,10      0,00      0,00     72,45

23:32:23        CPU      %usr     %nice      %sys   %iowait    %steal      %irq     %soft    %guest    %gnice     %idle
23:32:24        all     14,18      0,00      6,08      0,00      0,00      1,01      1,52      0,00      0,00     77,22
23:32:24          0     15,00      0,00      6,00      0,00      0,00      0,00      0,00      0,00      0,00     79,00
23:32:24          1     13,27      0,00      6,12      0,00      0,00      0,00      0,00      0,00      0,00     80,61
23:32:24          2     14,14      0,00      6,06      0,00      0,00      0,00      0,00      0,00      0,00     79,80
23:32:24          3     14,29      0,00      6,12      0,00      0,00      4,08      6,12      0,00      0,00     69,39

23:32:24        CPU      %usr     %nice      %sys   %iowait    %steal      %irq     %soft    %guest    %gnice     %idle
23:32:25        all     16,96      0,00      8,35      0,00      0,00      1,52      1,77      0,00      0,00     71,39
23:32:25          0     17,17      0,00      8,08      0,00      0,00      0,00      0,00      0,00      0,00     74,75
23:32:25          1     19,00      0,00      7,00      0,00      0,00      0,00      0,00      0,00      0,00     74,00
23:32:25          2     15,46      0,00      8,25      0,00      0,00      0,00      0,00      0,00      0,00     76,29
23:32:25          3     16,16      0,00     10,10      0,00      0,00      6,06      7,07      0,00      0,00     60,61

23:32:25        CPU      %usr     %nice      %sys   %iowait    %steal      %irq     %soft    %guest    %gnice     %idle
23:32:26        all     15,29      0,00      7,77      0,00      0,00      0,75      1,50      0,00      0,00     74,69
23:32:26          0     16,16      0,00      6,06      0,00      0,00      0,00      0,00      0,00      0,00     77,78
23:32:26          1     16,16      0,00      7,07      0,00      0,00      0,00      0,00      0,00      0,00     76,77
23:32:26          2     16,00      0,00      8,00      0,00      0,00      0,00      0,00      0,00      0,00     76,00
23:32:26          3     12,87      0,00      9,90      0,00      0,00      2,97      5,94      0,00      0,00     68,32

23:32:26        CPU      %usr     %nice      %sys   %iowait    %steal      %irq     %soft    %guest    %gnice     %idle
23:32:27        all     15,08      0,00      8,29      0,00      0,00      1,01      1,26      0,00      0,00     74,37
23:32:27          0     17,65      0,00      7,84      0,00      0,00      0,98      0,00      0,00      0,00     73,53
23:32:27          1     14,29      0,00      8,16      0,00      0,00      0,00      0,00      0,00      0,00     77,55
23:32:27          2     14,14      0,00      8,08      0,00      0,00      0,00      0,00      0,00      0,00     77,78
23:32:27          3     14,14      0,00      9,09      0,00      0,00      3,03      5,05      0,00      0,00     68,69

23:32:27        CPU      %usr     %nice      %sys   %iowait    %steal      %irq     %soft    %guest    %gnice     %idle
23:32:28        all     20,96      0,00     10,86      0,00      0,00      1,01      2,02      0,00      0,00     65,15
23:32:28          0     21,21      0,00     11,11      0,00      0,00      0,00      0,00      0,00      0,00     67,68
23:32:28          1     23,23      0,00      9,09      0,00      0,00      0,00      0,00      0,00      0,00     67,68
23:32:28          2     20,20      0,00     11,11      0,00      0,00      0,00      0,00      0,00      0,00     68,69
23:32:28          3     19,19      0,00     12,12      0,00      0,00      4,04      8,08      0,00      0,00     56,57

23:32:28        CPU      %usr     %nice      %sys   %iowait    %steal      %irq     %soft    %guest    %gnice     %idle
23:32:29        all     20,85      0,00     10,55      0,00      0,00      1,76      2,51      0,00      0,00     64,32
23:32:29          0     23,23      0,00      9,09      0,00      0,00      0,00      0,00      0,00      0,00     67,68
23:32:29          1     20,00      0,00     11,00      0,00      0,00      1,00      0,00      0,00      0,00     68,00
23:32:29          2     20,41      0,00      9,18      0,00      0,00      1,02      1,02      0,00      0,00     68,37
23:32:29          3     19,80      0,00     12,87      0,00      0,00      4,95      8,91      0,00      0,00     53,47

23:32:29        CPU      %usr     %nice      %sys   %iowait    %steal      %irq     %soft    %guest    %gnice     %idle
23:32:30        all     22,76      0,00     10,49      0,00      0,00      1,28      2,05      0,00      0,00     63,43
23:32:30          0     23,47      0,00     10,20      0,00      0,00      0,00      0,00      0,00      0,00     66,33
23:32:30          1     23,47      0,00     10,20      0,00      0,00      0,00      0,00      0,00      0,00     66,33
23:32:30          2     23,16      0,00      8,42      0,00      0,00      0,00      0,00      0,00      0,00     68,42
23:32:30          3     21,00      0,00     13,00      0,00      0,00      5,00      8,00      0,00      0,00     53,00

23:32:30        CPU      %usr     %nice      %sys   %iowait    %steal      %irq     %soft    %guest    %gnice     %idle
23:32:31        all     27,04      0,00     11,73      0,26      0,00      1,02      2,55      0,00      0,00     57,40
23:32:31          0     26,60      0,00     10,64      0,00      0,00      0,00      0,00      0,00      0,00     62,77
23:32:31          1     29,29      0,00     10,10      1,01      0,00      0,00      1,01      0,00      0,00     58,59
23:32:31          2     27,72      0,00     12,87      0,00      0,00      0,00      0,00      0,00      0,00     59,41
23:32:31          3     24,49      0,00     13,27      0,00      0,00      4,08      9,18      0,00      0,00     48,98

23:32:31        CPU      %usr     %nice      %sys   %iowait    %steal      %irq     %soft    %guest    %gnice     %idle
23:32:32        all     40,98      0,00     20,10      0,00      0,00      1,55      2,32      0,00      0,00     35,05
23:32:32          0     42,86      0,00     17,35      0,00      0,00      1,02      0,00      0,00      0,00     38,78
23:32:32          1     41,67      0,00     18,75      0,00      0,00      0,00      0,00      0,00      0,00     39,58
23:32:32          2     45,26      0,00     17,89      0,00      0,00      0,00      0,00      0,00      0,00     36,84
23:32:32          3     34,34      0,00     26,26      0,00      0,00      5,05      9,09      0,00      0,00     25,25

23:32:32        CPU      %usr     %nice      %sys   %iowait    %steal      %irq     %soft    %guest    %gnice     %idle
23:32:33        all     38,36      0,00     20,46      0,26      0,00      1,53      2,05      0,00      0,00     37,34
23:32:33          0     40,62      0,00     19,79      0,00      0,00      0,00      0,00      0,00      0,00     39,58
23:32:33          1     39,39      0,00     20,20      1,01      0,00      1,01      0,00      0,00      0,00     38,38
23:32:33          2     43,00      0,00     19,00      0,00      0,00      1,00      0,00      0,00      0,00     37,00
23:32:33          3     30,21      0,00     22,92      0,00      0,00      4,17      8,33      0,00      0,00     34,38

23:32:33        CPU      %usr     %nice      %sys   %iowait    %steal      %irq     %soft    %guest    %gnice     %idle
23:32:34        all     29,90      0,00     13,40      0,00      0,00      0,77      1,80      0,00      0,00     54,12
23:32:34          0     30,21      0,00     11,46      0,00      0,00      0,00      0,00      0,00      0,00     58,33
23:32:34          1     31,63      0,00     14,29      0,00      0,00      0,00      0,00      0,00      0,00     54,08
23:32:34          2     31,96      0,00     12,37      0,00      0,00      0,00      0,00      0,00      0,00     55,67
23:32:34          3     25,77      0,00     15,46      0,00      0,00      3,09      7,22      0,00      0,00     48,45

23:32:34        CPU      %usr     %nice      %sys   %iowait    %steal      %irq     %soft    %guest    %gnice     %idle
23:32:35        all      3,23      0,00      1,74      0,00      0,00      0,25      0,25      0,00      0,00     94,54
23:32:35          0      3,92      0,00      1,96      0,00      0,00      0,00      0,00      0,00      0,00     94,12
23:32:35          1      2,02      0,00      1,01      0,00      0,00      0,00      0,00      0,00      0,00     96,97
23:32:35          2      3,96      0,00      1,98      0,00      0,00      0,00      0,00      0,00      0,00     94,06
23:32:35          3      2,97      0,00      1,98      0,00      0,00      0,99      0,99      0,00      0,00     93,07

23:32:35        CPU      %usr     %nice      %sys   %iowait    %steal      %irq     %soft    %guest    %gnice     %idle
23:32:36        all      8,44      0,00      4,71      0,00      0,00      0,50      1,24      0,00      0,00     85,11
23:32:36          0      9,00      0,00      4,00      0,00      0,00      0,00      1,00      0,00      0,00     86,00
23:32:36          1      8,91      0,00      4,95      0,00      0,00      0,00      0,00      0,00      0,00     86,14
23:32:36          2      7,07      0,00      4,04      0,00      0,00      0,00      0,00      0,00      0,00     88,89
23:32:36          3      8,74      0,00      5,83      0,00      0,00      1,94      3,88      0,00      0,00     79,61

23:32:36        CPU      %usr     %nice      %sys   %iowait    %steal      %irq     %soft    %guest    %gnice     %idle
23:32:37        all     20,00      0,00     11,65      0,00      0,00      1,77      1,77      0,00      0,00     64,81
23:32:37          0     18,00      0,00     17,00      0,00      0,00      1,00      0,00      0,00      0,00     64,00
23:32:37          1     18,56      0,00     10,31      0,00      0,00      0,00      0,00      0,00      0,00     71,13
23:32:37          2     23,47      0,00      7,14      0,00      0,00      0,00      0,00      0,00      0,00     69,39
23:32:37          3     20,00      0,00     12,00      0,00      0,00      6,00      7,00      0,00      0,00     55,00

23:32:37        CPU      %usr     %nice      %sys   %iowait    %steal      %irq     %soft    %guest    %gnice     %idle
23:32:38        all     16,12      0,00      7,56      0,25      0,00      1,51      1,51      0,00      0,00     73,05
23:32:38          0     17,00      0,00      7,00      1,00      0,00      0,00      0,00      0,00      0,00     75,00
23:32:38          1     15,46      0,00      6,19      0,00      0,00      0,00      0,00      0,00      0,00     78,35
23:32:38          2     16,00      0,00      7,00      0,00      0,00      1,00      0,00      0,00      0,00     76,00
23:32:38          3     16,00      0,00     10,00      0,00      0,00      5,00      6,00      0,00      0,00     63,00

23:32:38        CPU      %usr     %nice      %sys   %iowait    %steal      %irq     %soft    %guest    %gnice     %idle
23:32:39        all     16,13      0,00      7,20      0,25      0,00      0,99      1,74      0,00      0,00     73,70
23:32:39          0     16,83      0,00      6,93      0,00      0,00      0,00      0,00      0,00      0,00     76,24
23:32:39          1     15,84      0,00      6,93      0,99      0,00      0,00      0,00      0,00      0,00     76,24
23:32:39          2     16,83      0,00      6,93      0,00      0,00      0,00      0,00      0,00      0,00     76,24
23:32:39          3     15,00      0,00      8,00      0,00      0,00      4,00      7,00      0,00      0,00     66,00

23:32:39        CPU      %usr     %nice      %sys   %iowait    %steal      %irq     %soft    %guest    %gnice     %idle
23:32:40        all     22,81      0,00     11,03      0,00      0,00      1,75      2,01      0,00      0,00     62,41
23:32:40          0     25,00      0,00     10,00      0,00      0,00      0,00      0,00      0,00      0,00     65,00
23:32:40          1     22,55      0,00     10,78      0,00      0,00      0,98      0,00      0,00      0,00     65,69
23:32:40          2     23,23      0,00     10,10      0,00      0,00      0,00      0,00      0,00      0,00     66,67
23:32:40          3     20,41      0,00     13,27      0,00      0,00      6,12      8,16      0,00      0,00     52,04

23:32:40        CPU      %usr     %nice      %sys   %iowait    %steal      %irq     %soft    %guest    %gnice     %idle
23:32:41        all     19,29      0,00      8,63      0,00      0,00      1,27      2,03      0,00      0,00     68,78
23:32:41          0     22,22      0,00      7,07      0,00      0,00      0,00      0,00      0,00      0,00     70,71
23:32:41          1     20,41      0,00      7,14      0,00      0,00      0,00      0,00      0,00      0,00     72,45
23:32:41          2     17,35      0,00     10,20      0,00      0,00      0,00      0,00      0,00      0,00     72,45
23:32:41          3     17,17      0,00     10,10      0,00      0,00      5,05      8,08      0,00      0,00     59,60

23:32:41        CPU      %usr     %nice      %sys   %iowait    %steal      %irq     %soft    %guest    %gnice     %idle
23:32:42        all     21,45      0,00     10,97      0,00      0,00      1,00      1,75      0,00      0,00     64,84
23:32:42          0     23,53      0,00      9,80      0,00      0,00      0,00      0,00      0,00      0,00     66,67
23:32:42          1     20,41      0,00     10,20      0,00      0,00      0,00      0,00      0,00      0,00     69,39
23:32:42          2     21,57      0,00     11,76      0,00      0,00      0,00      0,00      0,00      0,00     66,67
23:32:42          3     20,20      0,00     12,12      0,00      0,00      4,04      7,07      0,00      0,00     56,57

23:32:42        CPU      %usr     %nice      %sys   %iowait    %steal      %irq     %soft    %guest    %gnice     %idle
23:32:43        all     21,01      0,00     10,13      0,25      0,00      1,27      2,03      0,00      0,00     65,32
23:32:43          0     23,00      0,00      9,00      1,00      0,00      1,00      0,00      0,00      0,00     66,00
23:32:43          1     22,22      0,00      9,09      0,00      0,00      0,00      0,00      0,00      0,00     68,69
23:32:43          2     21,65      0,00      9,28      0,00      0,00      0,00      0,00      0,00      0,00     69,07
23:32:43          3     17,17      0,00     13,13      0,00      0,00      4,04      8,08      0,00      0,00     57,58

23:32:43        CPU      %usr     %nice      %sys   %iowait    %steal      %irq     %soft    %guest    %gnice     %idle
23:32:44        all     25,26      0,00     10,57      0,00      0,00      1,55      2,32      0,00      0,00     60,31
23:32:44          0     25,77      0,00     10,31      0,00      0,00      0,00      0,00      0,00      0,00     63,92
23:32:44          1     28,87      0,00      8,25      0,00      0,00      0,00      0,00      0,00      0,00     62,89
23:32:44          2     23,96      0,00     10,42      0,00      0,00      1,04      0,00      0,00      0,00     64,58
23:32:44          3     22,45      0,00     13,27      0,00      0,00      5,10      9,18      0,00      0,00     50,00

23:32:44        CPU      %usr     %nice      %sys   %iowait    %steal      %irq     %soft    %guest    %gnice     %idle
23:32:45        all     26,53      0,00     12,24      0,26      0,00      1,53      2,81      0,00      0,00     56,63
23:32:45          0     26,60      0,00     11,70      0,00      0,00      0,00      0,00      0,00      0,00     61,70
23:32:45          1     28,43      0,00     12,75      0,00      0,00      0,98      0,00      0,00      0,00     57,84
23:32:45          2     27,55      0,00     10,20      0,00      0,00      0,00      1,02      0,00      0,00     61,22
23:32:45          3     23,47      0,00     14,29      1,02      0,00      5,10     10,20      0,00      0,00     45,92

23:32:45        CPU      %usr     %nice      %sys   %iowait    %steal      %irq     %soft    %guest    %gnice     %idle
23:32:46        all     28,50      0,00     14,25      0,00      0,00      1,00      2,25      0,00      0,00     54,00
23:32:46          0     31,68      0,00     12,87      0,00      0,00      0,00      0,00      0,00      0,00     55,45
23:32:46          1     27,00      0,00     15,00      0,00      0,00      0,00      0,00      0,00      0,00     58,00
23:32:46          2     29,00      0,00     14,00      0,00      0,00      0,00      0,00      0,00      0,00     57,00
23:32:46          3     26,26      0,00     15,15      0,00      0,00      4,04      9,09      0,00      0,00     45,45

23:32:46        CPU      %usr     %nice      %sys   %iowait    %steal      %irq     %soft    %guest    %gnice     %idle
23:32:47        all     29,92      0,00     13,55      0,00      0,00      1,53      2,81      0,00      0,00     52,17
23:32:47          0     32,00      0,00     14,00      0,00      0,00      1,00      0,00      0,00      0,00     53,00
23:32:47          1     30,21      0,00     12,50      0,00      0,00      0,00      1,04      0,00      0,00     56,25
23:32:47          2     31,18      0,00     10,75      0,00      0,00      0,00      0,00      0,00      0,00     58,06
23:32:47          3     26,47      0,00     16,67      0,00      0,00      4,90      9,80      0,00      0,00     42,16

23:32:47        CPU      %usr     %nice      %sys   %iowait    %steal      %irq     %soft    %guest    %gnice     %idle
23:32:48        all     30,41      0,00     14,18      0,26      0,00      1,55      2,58      0,00      0,00     51,03
23:32:48          0     31,25      0,00     13,54      0,00      0,00      0,00      0,00      0,00      0,00     55,21
23:32:48          1     35,35      0,00     12,12      1,01      0,00      0,00      0,00      0,00      0,00     51,52
23:32:48          2     31,25      0,00     13,54      0,00      0,00      1,04      0,00      0,00      0,00     54,17
23:32:48          3     23,71      0,00     17,53      0,00      0,00      5,15     10,31      0,00      0,00     43,30

23:32:48        CPU      %usr     %nice      %sys   %iowait    %steal      %irq     %soft    %guest    %gnice     %idle
23:32:49        all     32,15      0,00     14,94      0,00      0,00      1,27      2,03      0,00      0,00     49,62
23:32:49          0     32,99      0,00     14,43      0,00      0,00      0,00      0,00      0,00      0,00     52,58
23:32:49          1     35,64      0,00     12,87      0,00      0,00      0,99      0,00      0,00      0,00     50,50
23:32:49          2     32,67      0,00     15,84      0,00      0,00      0,00      0,00      0,00      0,00     51,49
23:32:49          3     27,08      0,00     16,67      0,00      0,00      4,17      8,33      0,00      0,00     43,75

23:32:49        CPU      %usr     %nice      %sys   %iowait    %steal      %irq     %soft    %guest    %gnice     %idle
23:32:50        all     26,29      0,00     13,66      0,00      0,00      1,03      1,80      0,00      0,00     57,22
23:32:50          0     26,32      0,00     11,58      0,00      0,00      0,00      0,00      0,00      0,00     62,11
23:32:50          1     27,84      0,00     13,40      0,00      0,00      0,00      0,00      0,00      0,00     58,76
23:32:50          2     29,59      0,00     13,27      0,00      0,00      0,00      0,00      0,00      0,00     57,14
23:32:50          3     21,43      0,00     16,33      0,00      0,00      4,08      7,14      0,00      0,00     51,02

23:32:50        CPU      %usr     %nice      %sys   %iowait    %steal      %irq     %soft    %guest    %gnice     %idle
23:32:51        all     20,46      0,00      9,72      0,00      0,00      1,02      1,53      0,00      0,00     67,26
23:32:51          0     22,22      0,00      8,08      0,00      0,00      1,01      0,00      0,00      0,00     68,69
23:32:51          1     20,62      0,00      9,28      0,00      0,00      0,00      0,00      0,00      0,00     70,10
23:32:51          2     21,88      0,00      8,33      0,00      0,00      0,00      0,00      0,00      0,00     69,79
23:32:51          3     17,17      0,00     13,13      0,00      0,00      3,03      6,06      0,00      0,00     60,61

23:32:51        CPU      %usr     %nice      %sys   %iowait    %steal      %irq     %soft    %guest    %gnice     %idle
23:32:52        all     13,03      0,00      6,27      0,00      0,00      0,75      1,00      0,00      0,00     78,95
23:32:52          0     12,24      0,00      6,12      0,00      0,00      0,00      0,00      0,00      0,00     81,63
23:32:52          1     13,13      0,00      5,05      0,00      0,00      0,00      0,00      0,00      0,00     81,82
23:32:52          2     14,00      0,00      5,00      0,00      0,00      0,00      0,00      0,00      0,00     81,00
23:32:52          3     12,75      0,00      8,82      0,00      0,00      2,94      3,92      0,00      0,00     71,57

23:32:52        CPU      %usr     %nice      %sys   %iowait    %steal      %irq     %soft    %guest    %gnice     %idle
23:32:53        all     16,96      0,00      7,59      0,76      0,00      1,27      1,77      0,00      0,00     71,65
23:32:53          0     17,00      0,00      8,00      0,00      0,00      0,00      1,00      0,00      0,00     74,00
23:32:53          1     17,35      0,00      7,14      2,04      0,00      0,00      0,00      0,00      0,00     73,47
23:32:53          2     17,00      0,00      7,00      1,00      0,00      1,00      0,00      0,00      0,00     74,00
23:32:53          3     16,49      0,00      8,25      0,00      0,00      4,12      6,19      0,00      0,00     64,95

23:32:53        CPU      %usr     %nice      %sys   %iowait    %steal      %irq     %soft    %guest    %gnice     %idle
23:32:54        all     23,86      0,00     11,17      0,00      0,00      1,52      2,03      0,00      0,00     61,42
23:32:54          0     25,77      0,00     12,37      0,00      0,00      0,00      0,00      0,00      0,00     61,86
23:32:54          1     25,25      0,00     10,10      0,00      0,00      1,01      0,00      0,00      0,00     63,64
23:32:54          2     21,65      0,00      9,28      0,00      0,00      0,00      0,00      0,00      0,00     69,07
23:32:54          3     22,77      0,00     12,87      0,00      0,00      4,95      7,92      0,00      0,00     51,49

23:32:54        CPU      %usr     %nice      %sys   %iowait    %steal      %irq     %soft    %guest    %gnice     %idle
23:32:55        all     21,43      0,00     10,20      0,00      0,00      1,02      1,79      0,00      0,00     65,56
23:32:55          0     21,65      0,00     11,34      0,00      0,00      0,00      0,00      0,00      0,00     67,01
23:32:55          1     20,62      0,00      8,25      0,00      0,00      0,00      0,00      0,00      0,00     71,13
23:32:55          2     20,62      0,00      9,28      0,00      0,00      0,00      0,00      0,00      0,00     70,10
23:32:55          3     22,77      0,00     11,88      0,00      0,00      3,96      6,93      0,00      0,00     54,46

23:32:55        CPU      %usr     %nice      %sys   %iowait    %steal      %irq     %soft    %guest    %gnice     %idle
23:32:56        all     19,65      0,00     10,33      0,00      0,00      1,76      1,76      0,00      0,00     66,50
23:32:56          0     21,36      0,00      9,71      0,00      0,00      0,97      0,00      0,00      0,00     67,96
23:32:56          1     20,83      0,00      8,33      0,00      0,00      0,00      0,00      0,00      0,00     70,83
23:32:56          2     19,19      0,00     10,10      0,00      0,00      0,00      0,00      0,00      0,00     70,71
23:32:56          3     17,17      0,00     13,13      0,00      0,00      6,06      7,07      0,00      0,00     56,57

23:32:56        CPU      %usr     %nice      %sys   %iowait    %steal      %irq     %soft    %guest    %gnice     %idle
23:32:57        all     21,76      0,00     10,88      0,00      0,00      1,55      2,07      0,00      0,00     63,73
23:32:57          0     22,11      0,00      9,47      0,00      0,00      0,00      0,00      0,00      0,00     68,42
23:32:57          1     23,47      0,00     10,20      0,00      0,00      0,00      0,00      0,00      0,00     66,33
23:32:57          2     21,65      0,00     11,34      0,00      0,00      1,03      0,00      0,00      0,00     65,98
23:32:57          3     19,79      0,00     12,50      0,00      0,00      5,21      8,33      0,00      0,00     54,17

23:32:57        CPU      %usr     %nice      %sys   %iowait    %steal      %irq     %soft    %guest    %gnice     %idle
23:32:58        all     29,34      0,00     14,54      0,00      0,00      1,53      2,81      0,00      0,00     51,79
23:32:58          0     31,31      0,00     13,13      0,00      0,00      0,00      0,00      0,00      0,00     55,56
23:32:58          1     29,17      0,00     14,58      0,00      0,00      1,04      0,00      0,00      0,00     55,21
23:32:58          2     30,30      0,00     13,13      0,00      0,00      0,00      1,01      0,00      0,00     55,56
23:32:58          3     26,53      0,00     17,35      0,00      0,00      5,10     10,20      0,00      0,00     40,82

23:32:58        CPU      %usr     %nice      %sys   %iowait    %steal      %irq     %soft    %guest    %gnice     %idle
23:32:59        all     16,28      0,00      8,65      0,00      0,00      0,76      1,53      0,00      0,00     72,77
23:32:59          0     15,31      0,00     10,20      0,00      0,00      0,00      0,00      0,00      0,00     74,49
23:32:59          1     17,00      0,00      7,00      0,00      0,00      0,00      1,00      0,00      0,00     75,00
23:32:59          2     19,59      0,00      8,25      0,00      0,00      0,00      0,00      0,00      0,00     72,16
23:32:59          3     13,27      0,00      9,18      0,00      0,00      3,06      5,10      0,00      0,00     69,39

23:32:59        CPU      %usr     %nice      %sys   %iowait    %steal      %irq     %soft    %guest    %gnice     %idle
23:33:00        all     29,80      0,00     15,15      0,00      0,00      1,77      2,27      0,00      0,00     51,01
23:33:00          0     30,69      0,00     15,84      0,00      0,00      0,99      0,00      0,00      0,00     52,48
23:33:00          1     31,96      0,00     13,40      0,00      0,00      0,00      0,00      0,00      0,00     54,64
23:33:00          2     31,96      0,00     14,43      0,00      0,00      0,00      0,00      0,00      0,00     53,61
23:33:00          3     24,75      0,00     16,83      0,00      0,00      5,94      8,91      0,00      0,00     43,56

23:33:00        CPU      %usr     %nice      %sys   %iowait    %steal      %irq     %soft    %guest    %gnice     %idle
23:33:01        all     32,56      0,00     16,67      0,00      0,00      1,54      2,31      0,00      0,00     46,92
23:33:01          0     31,91      0,00     15,96      0,00      0,00      0,00      0,00      0,00      0,00     52,13
23:33:01          1     34,00      0,00     17,00      0,00      0,00      0,00      0,00      0,00      0,00     49,00
23:33:01          2     35,35      0,00     14,14      0,00      0,00      1,01      0,00      0,00      0,00     49,49
23:33:01          3     28,87      0,00     19,59      0,00      0,00      5,15      9,28      0,00      0,00     37,11

23:33:01        CPU      %usr     %nice      %sys   %iowait    %steal      %irq     %soft    %guest    %gnice     %idle
23:33:02        all     29,57      0,00     13,28      0,25      0,00      1,25      2,26      0,00      0,00     53,38
23:33:02          0     29,29      0,00     13,13      0,00      0,00      0,00      0,00      0,00      0,00     57,58
23:33:02          1     31,73      0,00     12,50      0,96      0,00      0,96      0,00      0,00      0,00     53,85
23:33:02          2     30,93      0,00     11,34      0,00      0,00      0,00      0,00      0,00      0,00     57,73
23:33:02          3     26,26      0,00     16,16      0,00      0,00      4,04      9,09      0,00      0,00     44,44

23:33:02        CPU      %usr     %nice      %sys   %iowait    %steal      %irq     %soft    %guest    %gnice     %idle
23:33:03        all     24,81      0,00     12,28      0,00      0,00      1,28      2,30      0,00      0,00     59,34
23:33:03          0     27,55      0,00     10,20      0,00      0,00      0,00      0,00      0,00      0,00     62,24
23:33:03          1     25,26      0,00     10,53      0,00      0,00      0,00      0,00      0,00      0,00     64,21
23:33:03          2     25,51      0,00     11,22      0,00      0,00      0,00      0,00      0,00      0,00     63,27
23:33:03          3     21,00      0,00     17,00      0,00      0,00      5,00      9,00      0,00      0,00     48,00

23:33:03        CPU      %usr     %nice      %sys   %iowait    %steal      %irq     %soft    %guest    %gnice     %idle
23:33:04        all     24,12      0,00     10,80      0,50      0,00      1,51      2,51      0,00      0,00     60,55
23:33:04          0     22,68      0,00      9,28      0,00      0,00      1,03      1,03      0,00      0,00     65,98
23:33:04          1     26,00      0,00     11,00      1,00      0,00      0,00      0,00      0,00      0,00     62,00
23:33:04          2     24,75      0,00      9,90      0,99      0,00      0,00      0,00      0,00      0,00     64,36
23:33:04          3     23,00      0,00     13,00      0,00      0,00      5,00      9,00      0,00      0,00     50,00

23:33:04        CPU      %usr     %nice      %sys   %iowait    %steal      %irq     %soft    %guest    %gnice     %idle
23:33:05        all     24,56      0,00     11,39      0,00      0,00      1,52      2,28      0,00      0,00     60,25
23:33:05          0     26,26      0,00     11,11      0,00      0,00      0,00      0,00      0,00      0,00     62,63
23:33:05          1     27,00      0,00      9,00      0,00      0,00      0,00      0,00      0,00      0,00     64,00
23:33:05          2     24,24      0,00     11,11      0,00      0,00      1,01      0,00      0,00      0,00     63,64
23:33:05          3     20,62      0,00     14,43      0,00      0,00      5,15      9,28      0,00      0,00     50,52

23:33:05        CPU      %usr     %nice      %sys   %iowait    %steal      %irq     %soft    %guest    %gnice     %idle
23:33:06        all     20,35      0,00      8,79      0,00      0,00      1,26      1,76      0,00      0,00     67,84
23:33:06          0     20,00      0,00      8,00      0,00      0,00      0,00      0,00      0,00      0,00     72,00
23:33:06          1     22,22      0,00      7,07      0,00      0,00      0,00      0,00      0,00      0,00     70,71
23:33:06          2     19,59      0,00      8,25      0,00      0,00      0,00      0,00      0,00      0,00     72,16
23:33:06          3     19,61      0,00     11,76      0,00      0,00      4,90      6,86      0,00      0,00     56,86

23:33:06        CPU      %usr     %nice      %sys   %iowait    %steal      %irq     %soft    %guest    %gnice     %idle
23:33:07        all     19,95      0,00     10,10      0,00      0,00      1,52      2,02      0,00      0,00     66,41
23:33:07          0     23,00      0,00      9,00      0,00      0,00      0,00      0,00      0,00      0,00     68,00
23:33:07          1     19,80      0,00      9,90      0,00      0,00      0,99      0,00      0,00      0,00     69,31
23:33:07          2     18,56      0,00      9,28      0,00      0,00      0,00      0,00      0,00      0,00     72,16
23:33:07          3     18,37      0,00     12,24      0,00      0,00      5,10      8,16      0,00      0,00     56,12

23:33:07        CPU      %usr     %nice      %sys   %iowait    %steal      %irq     %soft    %guest    %gnice     %idle
23:33:08        all     18,43      0,00      9,34      0,00      0,00      1,26      1,77      0,00      0,00     69,19
23:33:08          0     17,53      0,00      8,25      0,00      0,00      0,00      0,00      0,00      0,00     74,23
23:33:08          1     17,35      0,00      9,18      0,00      0,00      0,00      0,00      0,00      0,00     73,47
23:33:08          2     19,80      0,00      8,91      0,00      0,00      0,00      0,00      0,00      0,00     71,29
23:33:08          3     19,00      0,00     11,00      0,00      0,00      5,00      7,00      0,00      0,00     58,00

23:33:08        CPU      %usr     %nice      %sys   %iowait    %steal      %irq     %soft    %guest    %gnice     %idle
23:33:09        all     13,13      0,00      6,06      0,25      0,00      1,01      1,26      0,00      0,00     78,28
23:33:09          0     12,37      0,00      6,19      0,00      0,00      0,00      0,00      0,00      0,00     81,44
23:33:09          1     15,84      0,00      4,95      0,99      0,00      0,00      0,00      0,00      0,00     78,22
23:33:09          2     12,24      0,00      6,12      0,00      0,00      0,00      0,00      0,00      0,00     81,63
23:33:09          3     12,00      0,00      7,00      0,00      0,00      4,00      5,00      0,00      0,00     72,00

23:33:09        CPU      %usr     %nice      %sys   %iowait    %steal      %irq     %soft    %guest    %gnice     %idle
23:33:10        all     27,39      0,00     12,81      0,00      0,00      1,51      2,51      0,00      0,00     55,78
23:33:10          0     26,53      0,00     12,24      0,00      0,00      1,02      0,00      0,00      0,00     60,20
23:33:10          1     29,29      0,00     11,11      0,00      0,00      0,00      0,00      0,00      0,00     59,60
23:33:10          2     28,71      0,00     11,88      0,00      0,00      0,99      0,00      0,00      0,00     58,42
23:33:10          3     25,00      0,00     16,00      0,00      0,00      4,00     10,00      0,00      0,00     45,00

23:33:10        CPU      %usr     %nice      %sys   %iowait    %steal      %irq     %soft    %guest    %gnice     %idle
23:33:11        all     27,30      0,00     12,50      0,00      0,00      1,28      2,30      0,00      0,00     56,63
23:33:11          0     29,29      0,00     12,12      0,00      0,00      0,00      0,00      0,00      0,00     58,59
23:33:11          1     27,55      0,00     11,22      0,00      0,00      0,00      0,00      0,00      0,00     61,22
23:33:11          2     28,57      0,00     11,22      0,00      0,00      0,00      0,00      0,00      0,00     60,20
23:33:11          3     23,71      0,00     15,46      0,00      0,00      5,15      9,28      0,00      0,00     46,39

23:33:11        CPU      %usr     %nice      %sys   %iowait    %steal      %irq     %soft    %guest    %gnice     %idle
23:33:12        all     27,11      0,00     13,30      0,00      0,00      1,53      2,30      0,00      0,00     55,75
23:33:12          0     27,37      0,00     12,63      0,00      0,00      0,00      0,00      0,00      0,00     60,00
23:33:12          1     28,28      0,00     13,13      0,00      0,00      1,01      0,00      0,00      0,00     57,58
23:33:12          2     27,55      0,00     13,27      0,00      0,00      0,00      0,00      0,00      0,00     59,18
23:33:12          3     25,25      0,00     14,14      0,00      0,00      5,05      9,09      0,00      0,00     46,46

23:33:12        CPU      %usr     %nice      %sys   %iowait    %steal      %irq     %soft    %guest    %gnice     %idle
23:33:13        all     29,19      0,00     13,45      0,00      0,00      1,27      2,54      0,00      0,00     53,55
23:33:13          0     30,00      0,00     14,00      0,00      0,00      0,00      0,00      0,00      0,00     56,00
23:33:13          1     30,61      0,00     12,24      0,00      0,00      0,00      0,00      0,00      0,00     57,14
23:33:13          2     30,21      0,00     11,46      0,00      0,00      0,00      0,00      0,00      0,00     58,33
23:33:13          3     26,00      0,00     16,00      0,00      0,00      5,00     10,00      0,00      0,00     43,00

23:33:13        CPU      %usr     %nice      %sys   %iowait    %steal      %irq     %soft    %guest    %gnice     %idle
23:33:14        all     29,19      0,00     11,93      0,51      0,00      1,78      2,54      0,00      0,00     54,06
23:33:14          0     29,90      0,00     11,34      0,00      0,00      1,03      0,00      0,00      0,00     57,73
23:33:14          1     30,61      0,00     11,22      0,00      0,00      0,00      0,00      0,00      0,00     58,16
23:33:14          2     29,29      0,00     12,12      0,00      0,00      1,01      0,00      0,00      0,00     57,58
23:33:14          3     27,00      0,00     13,00      2,00      0,00      5,00     10,00      0,00      0,00     43,00

23:33:14        CPU      %usr     %nice      %sys   %iowait    %steal      %irq     %soft    %guest    %gnice     %idle
23:33:15        all     26,45      0,00     13,35      0,00      0,00      1,01      2,52      0,00      0,00     56,68
23:33:15          0     28,00      0,00     13,00      0,00      0,00      0,00      0,00      0,00      0,00     59,00
23:33:15          1     26,26      0,00     13,13      0,00      0,00      0,00      0,00      0,00      0,00     60,61
23:33:15          2     27,72      0,00     11,88      0,00      0,00      0,00      0,99      0,00      0,00     59,41
23:33:15          3     23,71      0,00     15,46      0,00      0,00      4,12      9,28      0,00      0,00     47,42

23:33:15        CPU      %usr     %nice      %sys   %iowait    %steal      %irq     %soft    %guest    %gnice     %idle
23:33:16        all     25,32      0,00     10,49      0,26      0,00      1,53      2,56      0,00      0,00     59,85
23:33:16          0     24,21      0,00     10,53      0,00      0,00      0,00      0,00      0,00      0,00     65,26
23:33:16          1     27,72      0,00      8,91      0,99      0,00      0,99      0,99      0,00      0,00     60,40
23:33:16          2     25,53      0,00      8,51      0,00      0,00      0,00      0,00      0,00      0,00     65,96
23:33:16          3     23,76      0,00     13,86      0,00      0,00      4,95      8,91      0,00      0,00     48,51

23:33:16        CPU      %usr     %nice      %sys   %iowait    %steal      %irq     %soft    %guest    %gnice     %idle
23:33:17        all     25,26      0,00     11,22      0,00      0,00      1,28      2,30      0,00      0,00     59,95
23:33:17          0     27,55      0,00      9,18      0,00      0,00      0,00      0,00      0,00      0,00     63,27
23:33:17          1     23,96      0,00     10,42      0,00      0,00      0,00      0,00      0,00      0,00     65,62
23:33:17          2     25,51      0,00     11,22      0,00      0,00      0,00      0,00      0,00      0,00     63,27
23:33:17          3     24,00      0,00     14,00      0,00      0,00      5,00      9,00      0,00      0,00     48,00

23:33:17        CPU      %usr     %nice      %sys   %iowait    %steal      %irq     %soft    %guest    %gnice     %idle
23:33:18        all     25,44      0,00     12,97      0,00      0,00      1,50      2,24      0,00      0,00     57,86
23:33:18          0     27,18      0,00     11,65      0,00      0,00      0,97      0,00      0,00      0,00     60,19
23:33:18          1     25,77      0,00     11,34      0,00      0,00      0,00      0,00      0,00      0,00     62,89
23:33:18          2     27,00      0,00     12,00      0,00      0,00      0,00      0,00      0,00      0,00     61,00
23:33:18          3     21,78      0,00     16,83      0,00      0,00      4,95      8,91      0,00      0,00     47,52

23:33:18        CPU      %usr     %nice      %sys   %iowait    %steal      %irq     %soft    %guest    %gnice     %idle
23:33:19        all     19,49      0,00      9,37      0,76      0,00      1,52      1,77      0,00      0,00     67,09
23:33:19          0     22,22      0,00      8,08      1,01      0,00      0,00      0,00      0,00      0,00     68,69
23:33:19          1     20,62      0,00      8,25      0,00      0,00      0,00      0,00      0,00      0,00     71,13
23:33:19          2     18,18      0,00      9,09      1,01      0,00      1,01      0,00      0,00      0,00     70,71
23:33:19          3     17,00      0,00     12,00      1,00      0,00      5,00      7,00      0,00      0,00     58,00

Média:         CPU      %usr     %nice      %sys   %iowait    %steal      %irq     %soft    %guest    %gnice     %idle
Média:         all     21,69      0,00     10,41      0,09      0,00      1,22      1,90      0,00      0,00     64,69
Média:           0     22,53      0,00      9,90      0,05      0,00      0,20      0,05      0,00      0,00     67,26
Média:           1     22,51      0,00      9,59      0,19      0,00      0,19      0,07      0,00      0,00     67,47
Média:           2     22,25      0,00      9,70      0,05      0,00      0,22      0,07      0,00      0,00     67,71
Média:           3     19,49      0,00     12,43      0,07      0,00      4,27      7,38      0,00      0,00     56,36
