Linux 5.14.0-503.19.1.el9_5.x86_64 (localhost.localdomain) 	15/04/2025 	_x86_64_	(4 CPU)

23:35:40        CPU      %usr     %nice      %sys   %iowait    %steal      %irq     %soft    %guest    %gnice     %idle
23:35:41        all      0,25      0,00      0,00      0,00      0,00      0,25      0,00      0,00      0,00     99,50
23:35:41          0      0,00      0,00      0,00      0,00      0,00      0,00      0,00      0,00      0,00    100,00
23:35:41          1      0,00      0,00      0,00      0,00      0,00      0,00      0,00      0,00      0,00    100,00
23:35:41          2      0,98      0,00      0,00      0,00      0,00      0,98      0,00      0,00      0,00     98,04
23:35:41          3      0,00      0,00      0,00      0,00      0,00      0,00      0,00      0,00      0,00    100,00

23:35:41        CPU      %usr     %nice      %sys   %iowait    %steal      %irq     %soft    %guest    %gnice     %idle
23:35:42        all      0,00      0,00      0,00      0,00      0,00      0,00      0,00      0,00      0,00    100,00
23:35:42          0      0,00      0,00      0,00      0,00      0,00      0,00      0,00      0,00      0,00    100,00
23:35:42          1      0,00      0,00      0,00      0,00      0,00      0,00      0,00      0,00      0,00    100,00
23:35:42          2      0,00      0,00      0,00      0,00      0,00      0,00      0,00      0,00      0,00    100,00
23:35:42          3      0,00      0,00      0,00      0,00      0,00      0,00      0,00      0,00      0,00    100,00

23:35:42        CPU      %usr     %nice      %sys   %iowait    %steal      %irq     %soft    %guest    %gnice     %idle
23:35:43        all      0,00      0,00      0,00      0,00      0,00      0,00      0,00      0,00      0,00    100,00
23:35:43          0      0,00      0,00      0,00      0,00      0,00      0,00      0,00      0,00      0,00    100,00
23:35:43          1      0,00      0,00      0,00      0,00      0,00      0,00      0,00      0,00      0,00    100,00
23:35:43          2      0,00      0,00      0,00      0,00      0,00      0,00      0,00      0,00      0,00    100,00
23:35:43          3      0,00      0,00      0,00      0,00      0,00      0,00      0,00      0,00      0,00    100,00

23:35:43        CPU      %usr     %nice      %sys   %iowait    %steal      %irq     %soft    %guest    %gnice     %idle
23:35:44        all     20,05      0,00      8,63      0,00      0,00      0,76      1,52      0,00      0,00     69,04
23:35:44          0     18,37      0,00      7,14      0,00      0,00      0,00      0,00      0,00      0,00     74,49
23:35:44          1     26,00      0,00     11,00      0,00      0,00      1,00      0,00      0,00      0,00     62,00
23:35:44          2     18,00      0,00      8,00      0,00      0,00      0,00      1,00      0,00      0,00     73,00
23:35:44          3     17,71      0,00      8,33      0,00      0,00      2,08      5,21      0,00      0,00     66,67

23:35:44        CPU      %usr     %nice      %sys   %iowait    %steal      %irq     %soft    %guest    %gnice     %idle
23:35:45        all     31,89      0,00     14,29      0,26      0,00      1,02      2,04      0,00      0,00     50,51
23:35:45          0     30,85      0,00     12,77      0,00      0,00      0,00      0,00      0,00      0,00     56,38
23:35:45          1     37,37      0,00     14,14      1,01      0,00      0,00      1,01      0,00      0,00     46,46
23:35:45          2     28,28      0,00     13,13      0,00      0,00      0,00      0,00      0,00      0,00     58,59
23:35:45          3     31,00      0,00     17,00      0,00      0,00      4,00      7,00      0,00      0,00     41,00

23:35:45        CPU      %usr     %nice      %sys   %iowait    %steal      %irq     %soft    %guest    %gnice     %idle
23:35:46        all      8,59      0,00      4,04      0,00      0,00      0,25      0,76      0,00      0,00     86,36
23:35:46          0      9,80      0,00      4,90      0,00      0,00      0,00      0,98      0,00      0,00     84,31
23:35:46          1      7,14      0,00      4,08      0,00      0,00      0,00      0,00      0,00      0,00     88,78
23:35:46          2      7,22      0,00      3,09      0,00      0,00      0,00      0,00      0,00      0,00     89,69
23:35:46          3     10,10      0,00      4,04      0,00      0,00      1,01      2,02      0,00      0,00     82,83

23:35:46        CPU      %usr     %nice      %sys   %iowait    %steal      %irq     %soft    %guest    %gnice     %idle
23:35:47        all      0,00      0,00      0,00      0,00      0,00      0,00      0,00      0,00      0,00    100,00
23:35:47          0      0,00      0,00      0,00      0,00      0,00      0,00      0,00      0,00      0,00    100,00
23:35:47          1      0,00      0,00      0,00      0,00      0,00      0,00      0,00      0,00      0,00    100,00
23:35:47          2      0,00      0,00      0,00      0,00      0,00      0,00      0,00      0,00      0,00    100,00
23:35:47          3      0,00      0,00      0,00      0,00      0,00      0,00      0,00      0,00      0,00    100,00

23:35:47        CPU      %usr     %nice      %sys   %iowait    %steal      %irq     %soft    %guest    %gnice     %idle
23:35:48        all      0,00      0,00      0,00      0,00      0,00      0,00      0,00      0,00      0,00    100,00
23:35:48          0      0,00      0,00      0,00      0,00      0,00      0,00      0,00      0,00      0,00    100,00
23:35:48          1      0,00      0,00      0,00      0,00      0,00      0,00      0,00      0,00      0,00    100,00
23:35:48          2      0,00      0,00      0,00      0,00      0,00      0,00      0,00      0,00      0,00    100,00
23:35:48          3      0,00      0,00      0,00      0,00      0,00      0,00      0,00      0,00      0,00    100,00

23:35:48        CPU      %usr     %nice      %sys   %iowait    %steal      %irq     %soft    %guest    %gnice     %idle
23:35:49        all     11,28      0,00      3,76      0,00      0,00      1,00      1,25      0,00      0,00     82,71
23:35:49          0     11,88      0,00      3,96      0,00      0,00      0,99      0,00      0,00      0,00     83,17
23:35:49          1     12,12      0,00      3,03      0,00      0,00      0,00      0,00      0,00      0,00     84,85
23:35:49          2     10,89      0,00      3,96      0,00      0,00      0,00      0,00      0,00      0,00     85,15
23:35:49          3     10,20      0,00      4,08      0,00      0,00      3,06      5,10      0,00      0,00     77,55

23:35:49        CPU      %usr     %nice      %sys   %iowait    %steal      %irq     %soft    %guest    %gnice     %idle
23:35:50        all      7,79      0,00      2,51      0,00      0,00      0,50      0,75      0,00      0,00     88,44
23:35:50          0      7,14      0,00      2,04      0,00      0,00      0,00      0,00      0,00      0,00     90,82
23:35:50          1      8,82      0,00      2,94      0,00      0,00      0,00      0,00      0,00      0,00     88,24
23:35:50          2      8,00      0,00      2,00      0,00      0,00      0,00      0,00      0,00      0,00     90,00
23:35:50          3      7,14      0,00      3,06      0,00      0,00      2,04      3,06      0,00      0,00     84,69

23:35:50        CPU      %usr     %nice      %sys   %iowait    %steal      %irq     %soft    %guest    %gnice     %idle
23:35:51        all     11,81      0,00      4,77      0,25      0,00      0,50      1,26      0,00      0,00     81,41
23:35:51          0     11,00      0,00      5,00      0,00      0,00      0,00      0,00      0,00      0,00     84,00
23:35:51          1     12,00      0,00      4,00      1,00      0,00      0,00      0,00      0,00      0,00     83,00
23:35:51          2     12,12      0,00      4,04      0,00      0,00      0,00      0,00      0,00      0,00     83,84
23:35:51          3     12,12      0,00      6,06      0,00      0,00      2,02      5,05      0,00      0,00     74,75

23:35:51        CPU      %usr     %nice      %sys   %iowait    %steal      %irq     %soft    %guest    %gnice     %idle
23:35:52        all      0,50      0,00      0,25      0,00      0,00      0,00      0,00      0,00      0,00     99,25
23:35:52          0      0,00      0,00      0,00      0,00      0,00      0,00      0,00      0,00      0,00    100,00
23:35:52          1      0,99      0,00      0,00      0,00      0,00      0,00      0,00      0,00      0,00     99,01
23:35:52          2      0,00      0,00      0,99      0,00      0,00      0,00      0,00      0,00      0,00     99,01
23:35:52          3      0,99      0,00      0,00      0,00      0,00      0,00      0,00      0,00      0,00     99,01

23:35:52        CPU      %usr     %nice      %sys   %iowait    %steal      %irq     %soft    %guest    %gnice     %idle
23:35:53        all      0,25      0,00      0,00      0,00      0,00      0,00      0,00      0,00      0,00     99,75
23:35:53          0      0,99      0,00      0,00      0,00      0,00      0,00      0,00      0,00      0,00     99,01
23:35:53          1      0,00      0,00      0,00      0,00      0,00      0,00      0,00      0,00      0,00    100,00
23:35:53          2      0,00      0,00      0,00      0,00      0,00      0,00      0,00      0,00      0,00    100,00
23:35:53          3      0,00      0,00      0,00      0,00      0,00      0,00      0,00      0,00      0,00    100,00

23:35:53        CPU      %usr     %nice      %sys   %iowait    %steal      %irq     %soft    %guest    %gnice     %idle
23:35:54        all     17,47      0,00      7,85      0,51      0,00      1,52      1,52      0,00      0,00     71,14
23:35:54          0     18,00      0,00     10,00      0,00      0,00      0,00      0,00      0,00      0,00     72,00
23:35:54          1     17,35      0,00      6,12      2,04      0,00      1,02      0,00      0,00      0,00     73,47
23:35:54          2     16,33      0,00      6,12      0,00      0,00      1,02      0,00      0,00      0,00     76,53
23:35:54          3     18,18      0,00      9,09      0,00      0,00      4,04      6,06      0,00      0,00     62,63

23:35:54        CPU      %usr     %nice      %sys   %iowait    %steal      %irq     %soft    %guest    %gnice     %idle
23:35:55        all     24,74      0,00     11,34      0,00      0,00      1,29      1,80      0,00      0,00     60,82
23:35:55          0     26,53      0,00     10,20      0,00      0,00      0,00      0,00      0,00      0,00     63,27
23:35:55          1     24,74      0,00     12,37      0,00      0,00      0,00      0,00      0,00      0,00     62,89
23:35:55          2     22,68      0,00     11,34      0,00      0,00      0,00      0,00      0,00      0,00     65,98
23:35:55          3     25,00      0,00     11,46      0,00      0,00      5,21      7,29      0,00      0,00     51,04

23:35:55        CPU      %usr     %nice      %sys   %iowait    %steal      %irq     %soft    %guest    %gnice     %idle
23:35:56        all     21,28      0,00     11,03      0,00      0,00      1,03      1,79      0,00      0,00     64,87
23:35:56          0     22,45      0,00     11,22      0,00      0,00      0,00      0,00      0,00      0,00     66,33
23:35:56          1     20,83      0,00      9,38      0,00      0,00      0,00      0,00      0,00      0,00     69,79
23:35:56          2     19,59      0,00     11,34      0,00      0,00      0,00      0,00      0,00      0,00     69,07
23:35:56          3     22,22      0,00     12,12      0,00      0,00      4,04      7,07      0,00      0,00     54,55

23:35:56        CPU      %usr     %nice      %sys   %iowait    %steal      %irq     %soft    %guest    %gnice     %idle
23:35:57        all     28,50      0,00     13,74      0,00      0,00      1,53      1,78      0,00      0,00     54,45
23:35:57          0     29,29      0,00     14,14      0,00      0,00      1,01      0,00      0,00      0,00     55,56
23:35:57          1     29,29      0,00     13,13      0,00      0,00      0,00      0,00      0,00      0,00     57,58
23:35:57          2     26,80      0,00     13,40      0,00      0,00      0,00      0,00      0,00      0,00     59,79
23:35:57          3     28,57      0,00     14,29      0,00      0,00      5,10      7,14      0,00      0,00     44,90

23:35:57        CPU      %usr     %nice      %sys   %iowait    %steal      %irq     %soft    %guest    %gnice     %idle
23:35:58        all      5,32      0,00      2,53      0,00      0,00      0,00      0,25      0,00      0,00     91,90
23:35:58          0      5,94      0,00      2,97      0,00      0,00      0,00      0,00      0,00      0,00     91,09
23:35:58          1      5,15      0,00      2,06      0,00      0,00      0,00      0,00      0,00      0,00     92,78
23:35:58          2      5,15      0,00      2,06      0,00      0,00      0,00      0,00      0,00      0,00     92,78
23:35:58          3      5,00      0,00      3,00      0,00      0,00      0,00      1,00      0,00      0,00     91,00

23:35:58        CPU      %usr     %nice      %sys   %iowait    %steal      %irq     %soft    %guest    %gnice     %idle
23:35:59        all     13,72      0,00      8,48      0,00      0,00      1,75      1,25      0,00      0,00     74,81
23:35:59          0     11,34      0,00     13,40      0,00      0,00      0,00      0,00      0,00      0,00     75,26
23:35:59          1     14,71      0,00      6,86      0,00      0,00      0,98      0,00      0,00      0,00     77,45
23:35:59          2     16,19      0,00      6,67      0,00      0,00      0,95      0,00      0,00      0,00     76,19
23:35:59          3     12,37      0,00      7,22      0,00      0,00      5,15      5,15      0,00      0,00     70,10

23:35:59        CPU      %usr     %nice      %sys   %iowait    %steal      %irq     %soft    %guest    %gnice     %idle
23:36:00        all     15,86      0,00      7,42      0,00      0,00      1,28      1,79      0,00      0,00     73,66
23:36:00          0     14,58      0,00      7,29      0,00      0,00      0,00      0,00      0,00      0,00     78,12
23:36:00          1     16,33      0,00      7,14      0,00      0,00      0,00      0,00      0,00      0,00     76,53
23:36:00          2     14,43      0,00      7,22      0,00      0,00      0,00      0,00      0,00      0,00     78,35
23:36:00          3     18,00      0,00      8,00      0,00      0,00      5,00      7,00      0,00      0,00     62,00

23:36:00        CPU      %usr     %nice      %sys   %iowait    %steal      %irq     %soft    %guest    %gnice     %idle
23:36:01        all     13,50      0,00      6,75      0,75      0,00      1,00      1,50      0,00      0,00     76,50
23:36:01          0     13,00      0,00      7,00      1,00      0,00      0,00      0,00      0,00      0,00     79,00
23:36:01          1     14,00      0,00      6,00      1,00      0,00      0,00      0,00      0,00      0,00     79,00
23:36:01          2     13,13      0,00      6,06      0,00      0,00      0,00      0,00      0,00      0,00     80,81
23:36:01          3     13,86      0,00      7,92      0,99      0,00      3,96      5,94      0,00      0,00     67,33

23:36:01        CPU      %usr     %nice      %sys   %iowait    %steal      %irq     %soft    %guest    %gnice     %idle
23:36:02        all     12,76      0,00      6,12      0,00      0,00      0,77      1,28      0,00      0,00     79,08
23:36:02          0     12,12      0,00      7,07      0,00      0,00      0,00      0,00      0,00      0,00     80,81
23:36:02          1     13,27      0,00      5,10      0,00      0,00      0,00      0,00      0,00      0,00     81,63
23:36:02          2     13,13      0,00      6,06      0,00      0,00      0,00      0,00      0,00      0,00     80,81
23:36:02          3     12,50      0,00      6,25      0,00      0,00      3,12      5,21      0,00      0,00     72,92

23:36:02        CPU      %usr     %nice      %sys   %iowait    %steal      %irq     %soft    %guest    %gnice     %idle
23:36:03        all     20,65      0,00      9,57      0,00      0,00      1,76      2,02      0,00      0,00     65,99
23:36:03          0     21,78      0,00      9,90      0,00      0,00      0,99      0,00      0,00      0,00     67,33
23:36:03          1     20,41      0,00      8,16      0,00      0,00      0,00      0,00      0,00      0,00     71,43
23:36:03          2     22,00      0,00     10,00      0,00      0,00      0,00      0,00      0,00      0,00     68,00
23:36:03          3     18,37      0,00     10,20      0,00      0,00      6,12      8,16      0,00      0,00     57,14

23:36:03        CPU      %usr     %nice      %sys   %iowait    %steal      %irq     %soft    %guest    %gnice     %idle
23:36:04        all     20,51      0,00      9,74      0,00      0,00      1,03      2,05      0,00      0,00     66,67
23:36:04          0     22,22      0,00      8,08      0,00      0,00      0,00      0,00      0,00      0,00     69,70
23:36:04          1     19,79      0,00      9,38      0,00      0,00      0,00      0,00      0,00      0,00     70,83
23:36:04          2     19,59      0,00      9,28      0,00      0,00      0,00      0,00      0,00      0,00     71,13
23:36:04          3     20,41      0,00     12,24      0,00      0,00      4,08      8,16      0,00      0,00     55,10

23:36:04        CPU      %usr     %nice      %sys   %iowait    %steal      %irq     %soft    %guest    %gnice     %idle
23:36:05        all     22,61      0,00     11,06      0,00      0,00      1,51      2,26      0,00      0,00     62,56
23:36:05          0     23,47      0,00     10,20      0,00      0,00      0,00      0,00      0,00      0,00     66,33
23:36:05          1     24,24      0,00      9,09      0,00      0,00      0,00      0,00      0,00      0,00     66,67
23:36:05          2     21,00      0,00     12,00      0,00      0,00      1,00      0,00      0,00      0,00     66,00
23:36:05          3     21,78      0,00     12,87      0,00      0,00      4,95      8,91      0,00      0,00     51,49

23:36:05        CPU      %usr     %nice      %sys   %iowait    %steal      %irq     %soft    %guest    %gnice     %idle
23:36:06        all     17,72      0,00      6,84      0,25      0,00      1,01      1,77      0,00      0,00     72,41
23:36:06          0     19,19      0,00      6,06      0,00      0,00      0,00      0,00      0,00      0,00     74,75
23:36:06          1     17,53      0,00      5,15      0,00      0,00      1,03      0,00      0,00      0,00     76,29
23:36:06          2     18,81      0,00      6,93      0,99      0,00      0,00      0,00      0,00      0,00     73,27
23:36:06          3     15,31      0,00      9,18      0,00      0,00      3,06      7,14      0,00      0,00     65,31

23:36:06        CPU      %usr     %nice      %sys   %iowait    %steal      %irq     %soft    %guest    %gnice     %idle
23:36:07        all      4,53      0,00      2,27      0,25      0,00      0,25      0,25      0,00      0,00     92,44
23:36:07          0      4,04      0,00      2,02      0,00      0,00      0,00      0,00      0,00      0,00     93,94
23:36:07          1      4,95      0,00      2,97      0,99      0,00      0,00      0,00      0,00      0,00     91,09
23:36:07          2      4,04      0,00      2,02      0,00      0,00      0,00      0,00      0,00      0,00     93,94
23:36:07          3      5,10      0,00      2,04      0,00      0,00      1,02      1,02      0,00      0,00     90,82

23:36:07        CPU      %usr     %nice      %sys   %iowait    %steal      %irq     %soft    %guest    %gnice     %idle
23:36:08        all     16,79      0,00      7,90      0,00      0,00      0,99      1,73      0,00      0,00     72,59
23:36:08          0     15,69      0,00      6,86      0,00      0,00      0,98      0,98      0,00      0,00     75,49
23:36:08          1     19,61      0,00      7,84      0,00      0,00      0,00      0,98      0,00      0,00     71,57
23:36:08          2     19,00      0,00      9,00      0,00      0,00      0,00      1,00      0,00      0,00     71,00
23:36:08          3     12,87      0,00      7,92      0,00      0,00      2,97      3,96      0,00      0,00     72,28

23:36:08        CPU      %usr     %nice      %sys   %iowait    %steal      %irq     %soft    %guest    %gnice     %idle
23:36:09        all     20,00      0,00      9,23      0,00      0,00      0,77      1,28      0,00      0,00     68,72
23:36:09          0     16,49      0,00      8,25      0,00      0,00      0,00      0,00      0,00      0,00     75,26
23:36:09          1     21,65      0,00      7,22      0,00      0,00      0,00      0,00      0,00      0,00     71,13
23:36:09          2     20,41      0,00      9,18      0,00      0,00      0,00      0,00      0,00      0,00     70,41
23:36:09          3     21,43      0,00     12,24      0,00      0,00      3,06      5,10      0,00      0,00     58,16

23:36:09        CPU      %usr     %nice      %sys   %iowait    %steal      %irq     %soft    %guest    %gnice     %idle
23:36:10        all     21,54      0,00     10,51      0,00      0,00      1,54      1,54      0,00      0,00     64,87
23:36:10          0     18,75      0,00      8,33      0,00      0,00      0,00      0,00      0,00      0,00     72,92
23:36:10          1     27,84      0,00     11,34      0,00      0,00      0,00      0,00      0,00      0,00     60,82
23:36:10          2     18,18      0,00      8,08      0,00      0,00      1,01      0,00      0,00      0,00     72,73
23:36:10          3     21,43      0,00     14,29      0,00      0,00      5,10      6,12      0,00      0,00     53,06

23:36:10        CPU      %usr     %nice      %sys   %iowait    %steal      %irq     %soft    %guest    %gnice     %idle
23:36:11        all     19,08      0,00      7,89      0,00      0,00      1,27      1,53      0,00      0,00     70,23
23:36:11          0     19,39      0,00      7,14      0,00      0,00      0,00      0,00      0,00      0,00     73,47
23:36:11          1     20,00      0,00      8,00      0,00      0,00      1,00      0,00      0,00      0,00     71,00
23:36:11          2     20,41      0,00      8,16      0,00      0,00      0,00      0,00      0,00      0,00     71,43
23:36:11          3     16,49      0,00      8,25      0,00      0,00      4,12      6,19      0,00      0,00     64,95

23:36:11        CPU      %usr     %nice      %sys   %iowait    %steal      %irq     %soft    %guest    %gnice     %idle
23:36:12        all     11,45      0,00      5,60      0,00      0,00      0,76      1,27      0,00      0,00     80,92
23:36:12          0     11,22      0,00      6,12      0,00      0,00      0,00      0,00      0,00      0,00     82,65
23:36:12          1     12,12      0,00      4,04      0,00      0,00      0,00      0,00      0,00      0,00     83,84
23:36:12          2     11,22      0,00      5,10      0,00      0,00      0,00      0,00      0,00      0,00     83,67
23:36:12          3     11,22      0,00      7,14      0,00      0,00      3,06      5,10      0,00      0,00     73,47

23:36:12        CPU      %usr     %nice      %sys   %iowait    %steal      %irq     %soft    %guest    %gnice     %idle
23:36:13        all     30,10      0,00     15,05      0,00      0,00      1,53      2,30      0,00      0,00     51,02
23:36:13          0     30,21      0,00     12,50      0,00      0,00      1,04      0,00      0,00      0,00     56,25
23:36:13          1     31,63      0,00     13,27      0,00      0,00      0,00      0,00      0,00      0,00     55,10
23:36:13          2     32,00      0,00     15,00      0,00      0,00      0,00      0,00      0,00      0,00     53,00
23:36:13          3     26,53      0,00     19,39      0,00      0,00      5,10      9,18      0,00      0,00     39,80

23:36:13        CPU      %usr     %nice      %sys   %iowait    %steal      %irq     %soft    %guest    %gnice     %idle
23:36:14        all     33,16      0,00     15,68      0,00      0,00      1,29      2,06      0,00      0,00     47,81
23:36:14          0     34,02      0,00     13,40      0,00      0,00      0,00      0,00      0,00      0,00     52,58
23:36:14          1     35,42      0,00     16,67      0,00      0,00      0,00      0,00      0,00      0,00     47,92
23:36:14          2     33,33      0,00     14,58      0,00      0,00      0,00      0,00      0,00      0,00     52,08
23:36:14          3     30,00      0,00     18,00      0,00      0,00      5,00      8,00      0,00      0,00     39,00

23:36:14        CPU      %usr     %nice      %sys   %iowait    %steal      %irq     %soft    %guest    %gnice     %idle
23:36:15        all     25,26      0,00     11,73      1,02      0,00      1,79      2,04      0,00      0,00     58,16
23:36:15          0     26,26      0,00     12,12      1,01      0,00      0,00      0,00      0,00      0,00     60,61
23:36:15          1     25,77      0,00     10,31      1,03      0,00      1,03      0,00      0,00      0,00     61,86
23:36:15          2     25,25      0,00     10,10      1,01      0,00      1,01      0,00      0,00      0,00     62,63
23:36:15          3     23,71      0,00     14,43      1,03      0,00      5,15      8,25      0,00      0,00     47,42

23:36:15        CPU      %usr     %nice      %sys   %iowait    %steal      %irq     %soft    %guest    %gnice     %idle
23:36:16        all     30,00      0,00     13,08      0,00      0,00      1,28      2,31      0,00      0,00     53,33
23:36:16          0     29,90      0,00     12,37      0,00      0,00      0,00      0,00      0,00      0,00     57,73
23:36:16          1     31,63      0,00     12,24      0,00      0,00      0,00      0,00      0,00      0,00     56,12
23:36:16          2     30,21      0,00     12,50      0,00      0,00      0,00      0,00      0,00      0,00     57,29
23:36:16          3     28,28      0,00     15,15      0,00      0,00      5,05      9,09      0,00      0,00     42,42

23:36:16        CPU      %usr     %nice      %sys   %iowait    %steal      %irq     %soft    %guest    %gnice     %idle
23:36:17        all     22,59      0,00      9,64      0,00      0,00      1,27      1,78      0,00      0,00     64,72
23:36:17          0     24,49      0,00      8,16      0,00      0,00      1,02      0,00      0,00      0,00     66,33
23:36:17          1     23,23      0,00      9,09      0,00      0,00      0,00      0,00      0,00      0,00     67,68
23:36:17          2     21,88      0,00      8,33      0,00      0,00      0,00      0,00      0,00      0,00     69,79
23:36:17          3     20,79      0,00     12,87      0,00      0,00      3,96      6,93      0,00      0,00     55,45

23:36:17        CPU      %usr     %nice      %sys   %iowait    %steal      %irq     %soft    %guest    %gnice     %idle
23:36:18        all     18,94      0,00      8,33      0,25      0,00      1,01      1,77      0,00      0,00     69,70
23:36:18          0     19,80      0,00      8,91      0,00      0,00      0,00      0,00      0,00      0,00     71,29
23:36:18          1     18,18      0,00      8,08      1,01      0,00      0,00      0,00      0,00      0,00     72,73
23:36:18          2     18,37      0,00      7,14      0,00      0,00      0,00      0,00      0,00      0,00     74,49
23:36:18          3     19,39      0,00      9,18      0,00      0,00      4,08      7,14      0,00      0,00     60,20

23:36:18        CPU      %usr     %nice      %sys   %iowait    %steal      %irq     %soft    %guest    %gnice     %idle
23:36:19        all     16,71      0,00      7,59      0,00      0,00      1,27      1,52      0,00      0,00     72,91
23:36:19          0     16,33      0,00      7,14      0,00      0,00      0,00      0,00      0,00      0,00     76,53
23:36:19          1     17,17      0,00      7,07      0,00      0,00      0,00      0,00      0,00      0,00     75,76
23:36:19          2     17,17      0,00      7,07      0,00      0,00      0,00      0,00      0,00      0,00     75,76
23:36:19          3     16,16      0,00      9,09      0,00      0,00      5,05      6,06      0,00      0,00     63,64

23:36:19        CPU      %usr     %nice      %sys   %iowait    %steal      %irq     %soft    %guest    %gnice     %idle
23:36:20        all     11,50      0,00      5,25      0,00      0,00      1,00      1,00      0,00      0,00     81,25
23:36:20          0     12,87      0,00      4,95      0,00      0,00      0,00      0,00      0,00      0,00     82,18
23:36:20          1      9,18      0,00      6,12      0,00      0,00      0,00      0,00      0,00      0,00     84,69
23:36:20          2     11,88      0,00      4,95      0,00      0,00      0,99      0,00      0,00      0,00     82,18
23:36:20          3     12,00      0,00      5,00      0,00      0,00      3,00      4,00      0,00      0,00     76,00

23:36:20        CPU      %usr     %nice      %sys   %iowait    %steal      %irq     %soft    %guest    %gnice     %idle
23:36:21        all     22,76      0,00     11,25      0,00      0,00      1,53      2,05      0,00      0,00     62,40
23:36:21          0     24,49      0,00     10,20      0,00      0,00      0,00      0,00      0,00      0,00     65,31
23:36:21          1     21,88      0,00      9,38      0,00      0,00      1,04      0,00      0,00      0,00     67,71
23:36:21          2     24,49      0,00     10,20      0,00      0,00      0,00      0,00      0,00      0,00     65,31
23:36:21          3     20,20      0,00     15,15      0,00      0,00      5,05      8,08      0,00      0,00     51,52

23:36:21        CPU      %usr     %nice      %sys   %iowait    %steal      %irq     %soft    %guest    %gnice     %idle
23:36:22        all     29,47      0,00     15,87      0,00      0,00      1,76      2,52      0,00      0,00     50,38
23:36:22          0     27,00      0,00     22,00      0,00      0,00      1,00      0,00      0,00      0,00     50,00
23:36:22          1     32,32      0,00     12,12      0,00      0,00      0,00      1,01      0,00      0,00     54,55
23:36:22          2     31,63      0,00     13,27      0,00      0,00      0,00      0,00      0,00      0,00     55,10
23:36:22          3     27,00      0,00     16,00      0,00      0,00      6,00      9,00      0,00      0,00     42,00

23:36:22        CPU      %usr     %nice      %sys   %iowait    %steal      %irq     %soft    %guest    %gnice     %idle
23:36:23        all     32,90      0,00     14,65      0,00      0,00      1,29      2,83      0,00      0,00     48,33
23:36:23          0     32,99      0,00     14,43      0,00      0,00      0,00      1,03      0,00      0,00     51,55
23:36:23          1     34,69      0,00     13,27      0,00      0,00      0,00      0,00      0,00      0,00     52,04
23:36:23          2     33,33      0,00     13,54      0,00      0,00      0,00      1,04      0,00      0,00     52,08
23:36:23          3     30,61      0,00     17,35      0,00      0,00      5,10      9,18      0,00      0,00     37,76

23:36:23        CPU      %usr     %nice      %sys   %iowait    %steal      %irq     %soft    %guest    %gnice     %idle
23:36:24        all     26,40      0,00     12,44      0,00      0,00      1,27      1,78      0,00      0,00     58,12
23:36:24          0     26,26      0,00     13,13      0,00      0,00      0,00      0,00      0,00      0,00     60,61
23:36:24          1     28,28      0,00     11,11      0,00      0,00      0,00      0,00      0,00      0,00     60,61
23:36:24          2     26,26      0,00     11,11      0,00      0,00      1,01      0,00      0,00      0,00     61,62
23:36:24          3     24,74      0,00     14,43      0,00      0,00      4,12      7,22      0,00      0,00     49,48

23:36:24        CPU      %usr     %nice      %sys   %iowait    %steal      %irq     %soft    %guest    %gnice     %idle
23:36:25        all     25,32      0,00     12,79      0,00      0,00      1,28      1,53      0,00      0,00     59,08
23:36:25          0     25,26      0,00     10,53      0,00      0,00      1,05      0,00      0,00      0,00     63,16
23:36:25          1     27,27      0,00     12,12      0,00      0,00      1,01      0,00      0,00      0,00     59,60
23:36:25          2     26,04      0,00     13,54      0,00      0,00      0,00      0,00      0,00      0,00     60,42
23:36:25          3     22,77      0,00     14,85      0,00      0,00      2,97      5,94      0,00      0,00     53,47

23:36:25        CPU      %usr     %nice      %sys   %iowait    %steal      %irq     %soft    %guest    %gnice     %idle
23:36:26        all      7,30      0,00      3,27      0,25      0,00      0,50      0,76      0,00      0,00     87,91
23:36:26          0      8,08      0,00      3,03      0,00      0,00      0,00      0,00      0,00      0,00     88,89
23:36:26          1      7,00      0,00      3,00      1,00      0,00      0,00      0,00      0,00      0,00     89,00
23:36:26          2      7,00      0,00      4,00      0,00      0,00      0,00      0,00      0,00      0,00     89,00
23:36:26          3      7,14      0,00      3,06      0,00      0,00      2,04      3,06      0,00      0,00     84,69

23:36:26        CPU      %usr     %nice      %sys   %iowait    %steal      %irq     %soft    %guest    %gnice     %idle
23:36:27        all     23,47      0,00     11,73      0,00      0,00      1,28      2,04      0,00      0,00     61,48
23:36:27          0     22,92      0,00     11,46      0,00      0,00      0,00      0,00      0,00      0,00     65,62
23:36:27          1     23,71      0,00     10,31      0,00      0,00      0,00      0,00      0,00      0,00     65,98
23:36:27          2     23,00      0,00     12,00      0,00      0,00      0,00      0,00      0,00      0,00     65,00
23:36:27          3     24,24      0,00     13,13      0,00      0,00      5,05      8,08      0,00      0,00     49,49

23:36:27        CPU      %usr     %nice      %sys   %iowait    %steal      %irq     %soft    %guest    %gnice     %idle
23:36:28        all     21,88      0,00     11,45      0,00      0,00      1,27      1,78      0,00      0,00     63,61
23:36:28          0     23,71      0,00      8,25      0,00      0,00      0,00      0,00      0,00      0,00     68,04
23:36:28          1     22,22      0,00     11,11      0,00      0,00      0,00      0,00      0,00      0,00     66,67
23:36:28          2     21,43      0,00     10,20      0,00      0,00      0,00      0,00      0,00      0,00     68,37
23:36:28          3     20,20      0,00     16,16      0,00      0,00      5,05      7,07      0,00      0,00     51,52

23:36:28        CPU      %usr     %nice      %sys   %iowait    %steal      %irq     %soft    %guest    %gnice     %idle
23:36:29        all     21,66      0,00      8,82      0,00      0,00      1,01      1,76      0,00      0,00     66,75
23:36:29          0     22,22      0,00      9,09      0,00      0,00      0,00      0,00      0,00      0,00     68,69
23:36:29          1     21,00      0,00      9,00      0,00      0,00      0,00      0,00      0,00      0,00     70,00
23:36:29          2     23,00      0,00      7,00      0,00      0,00      0,00      0,00      0,00      0,00     70,00
23:36:29          3     20,41      0,00     10,20      0,00      0,00      4,08      7,14      0,00      0,00     58,16

23:36:29        CPU      %usr     %nice      %sys   %iowait    %steal      %irq     %soft    %guest    %gnice     %idle
23:36:30        all     13,42      0,00      5,32      0,00      0,00      1,27      1,01      0,00      0,00     78,99
23:36:30          0     14,14      0,00      5,05      0,00      0,00      1,01      0,00      0,00      0,00     79,80
23:36:30          1     14,14      0,00      5,05      0,00      0,00      1,01      0,00      0,00      0,00     79,80
23:36:30          2     11,22      0,00      5,10      0,00      0,00      1,02      0,00      0,00      0,00     82,65
23:36:30          3     14,14      0,00      6,06      0,00      0,00      2,02      4,04      0,00      0,00     73,74

23:36:30        CPU      %usr     %nice      %sys   %iowait    %steal      %irq     %soft    %guest    %gnice     %idle
23:36:31        all     30,55      0,00     14,10      0,00      0,00      1,04      1,83      0,00      0,00     52,48
23:36:31          0     30,85      0,00     12,77      0,00      0,00      0,00      0,00      0,00      0,00     56,38
23:36:31          1     31,63      0,00     13,27      0,00      0,00      0,00      0,00      0,00      0,00     55,10
23:36:31          2     29,47      0,00     13,68      0,00      0,00      0,00      0,00      0,00      0,00     56,84
23:36:31          3     30,21      0,00     16,67      0,00      0,00      4,17      7,29      0,00      0,00     41,67

23:36:31        CPU      %usr     %nice      %sys   %iowait    %steal      %irq     %soft    %guest    %gnice     %idle
23:36:32        all     20,92      0,00     10,20      1,02      0,00      1,02      1,53      0,00      0,00     65,31
23:36:32          0     21,43      0,00      9,18      0,00      0,00      0,00      0,00      0,00      0,00     69,39
23:36:32          1     22,22      0,00      9,09      4,04      0,00      0,00      0,00      0,00      0,00     64,65
23:36:32          2     20,20      0,00     11,11      0,00      0,00      0,00      0,00      0,00      0,00     68,69
23:36:32          3     19,79      0,00     11,46      0,00      0,00      4,17      6,25      0,00      0,00     58,33

23:36:32        CPU      %usr     %nice      %sys   %iowait    %steal      %irq     %soft    %guest    %gnice     %idle
23:36:33        all     18,00      0,00      8,25      0,00      0,00      1,00      1,50      0,00      0,00     71,25
23:36:33          0     18,81      0,00      7,92      0,00      0,00      0,00      0,00      0,00      0,00     73,27
23:36:33          1     18,00      0,00      8,00      0,00      0,00      0,00      0,00      0,00      0,00     74,00
23:36:33          2     16,33      0,00      7,14      0,00      0,00      0,00      0,00      0,00      0,00     76,53
23:36:33          3     18,81      0,00      9,90      0,00      0,00      3,96      5,94      0,00      0,00     61,39

23:36:33        CPU      %usr     %nice      %sys   %iowait    %steal      %irq     %soft    %guest    %gnice     %idle
23:36:34        all     22,51      0,00      9,97      0,00      0,00      1,28      1,79      0,00      0,00     64,45
23:36:34          0     23,96      0,00      8,33      0,00      0,00      0,00      0,00      0,00      0,00     67,71
23:36:34          1     24,24      0,00      8,08      0,00      0,00      0,00      0,00      0,00      0,00     67,68
23:36:34          2     20,41      0,00     10,20      0,00      0,00      0,00      0,00      0,00      0,00     69,39
23:36:34          3     21,43      0,00     13,27      0,00      0,00      5,10      7,14      0,00      0,00     53,06

23:36:34        CPU      %usr     %nice      %sys   %iowait    %steal      %irq     %soft    %guest    %gnice     %idle
23:36:35        all      9,68      0,00      4,96      1,74      0,00      1,24      0,99      0,00      0,00     81,39
23:36:35          0      8,91      0,00      5,94      1,98      0,00      0,99      0,00      0,00      0,00     82,18
23:36:35          1      9,90      0,00      3,96      1,98      0,00      0,99      0,00      0,00      0,00     83,17
23:36:35          2      8,91      0,00      4,95      2,97      0,00      0,99      0,00      0,00      0,00     82,18
23:36:35          3     11,00      0,00      5,00      0,00      0,00      2,00      4,00      0,00      0,00     78,00

23:36:35        CPU      %usr     %nice      %sys   %iowait    %steal      %irq     %soft    %guest    %gnice     %idle
23:36:36        all     16,46      0,00      8,35      0,00      0,00      1,27      1,52      0,00      0,00     72,41
23:36:36          0     15,62      0,00      8,33      0,00      0,00      0,00      0,00      0,00      0,00     76,04
23:36:36          1     17,35      0,00      6,12      0,00      0,00      0,00      0,00      0,00      0,00     76,53
23:36:36          2     16,33      0,00      8,16      0,00      0,00      0,00      0,00      0,00      0,00     75,51
23:36:36          3     16,50      0,00     10,68      0,00      0,00      4,85      5,83      0,00      0,00     62,14

23:36:36        CPU      %usr     %nice      %sys   %iowait    %steal      %irq     %soft    %guest    %gnice     %idle
23:36:37        all     21,07      0,00     10,66      0,00      0,00      1,27      1,78      0,00      0,00     65,23
23:36:37          0     23,76      0,00      8,91      0,00      0,00      0,00      0,00      0,00      0,00     67,33
23:36:37          1     19,59      0,00      9,28      0,00      0,00      0,00      0,00      0,00      0,00     71,13
23:36:37          2     21,65      0,00     11,34      0,00      0,00      0,00      0,00      0,00      0,00     67,01
23:36:37          3     19,19      0,00     13,13      0,00      0,00      5,05      7,07      0,00      0,00     55,56

23:36:37        CPU      %usr     %nice      %sys   %iowait    %steal      %irq     %soft    %guest    %gnice     %idle
23:36:38        all     34,27      0,00     14,83      0,00      0,00      1,28      2,81      0,00      0,00     46,80
23:36:38          0     35,00      0,00     13,00      0,00      0,00      0,00      1,00      0,00      0,00     51,00
23:36:38          1     34,74      0,00     15,79      0,00      0,00      0,00      1,05      0,00      0,00     48,42
23:36:38          2     37,76      0,00     14,29      0,00      0,00      0,00      0,00      0,00      0,00     47,96
23:36:38          3     29,59      0,00     16,33      0,00      0,00      5,10      9,18      0,00      0,00     39,80

23:36:38        CPU      %usr     %nice      %sys   %iowait    %steal      %irq     %soft    %guest    %gnice     %idle
23:36:39        all     28,35      0,00     14,69      0,00      0,00      2,06      2,32      0,00      0,00     52,58
23:36:39          0     29,47      0,00     13,68      0,00      0,00      1,05      0,00      0,00      0,00     55,79
23:36:39          1     28,57      0,00     14,29      0,00      0,00      1,02      0,00      0,00      0,00     56,12
23:36:39          2     29,59      0,00     12,24      0,00      0,00      1,02      1,02      0,00      0,00     56,12
23:36:39          3     25,77      0,00     18,56      0,00      0,00      5,15      8,25      0,00      0,00     42,27

23:36:39        CPU      %usr     %nice      %sys   %iowait    %steal      %irq     %soft    %guest    %gnice     %idle
23:36:40        all     33,42      0,00     17,75      0,00      0,00      1,04      2,09      0,00      0,00     45,69
23:36:40          0     35,42      0,00     15,62      0,00      0,00      0,00      0,00      0,00      0,00     48,96
23:36:40          1     33,68      0,00     17,89      0,00      0,00      0,00      0,00      0,00      0,00     48,42
23:36:40          2     35,42      0,00     16,67      0,00      0,00      0,00      0,00      0,00      0,00     47,92
23:36:40          3     29,17      0,00     20,83      0,00      0,00      4,17      8,33      0,00      0,00     37,50

Média:         CPU      %usr     %nice      %sys   %iowait    %steal      %irq     %soft    %guest    %gnice     %idle
Média:         all     17,73      0,00      8,32      0,11      0,00      1,01      1,45      0,00      0,00     71,38
Média:           0     17,90      0,00      8,00      0,07      0,00      0,19      0,07      0,00      0,00     73,78
Média:           1     18,47      0,00      7,72      0,25      0,00      0,19      0,07      0,00      0,00     73,30
Média:           2     17,60      0,00      7,87      0,08      0,00      0,19      0,07      0,00      0,00     74,19
Média:           3     16,94      0,00      9,70      0,03      0,00      3,48      5,59      0,00      0,00     64,26
