Linux 5.14.0-503.19.1.el9_5.x86_64 (localhost.localdomain) 	15/04/2025 	_x86_64_	(4 CPU)

23:34:01        CPU      %usr     %nice      %sys   %iowait    %steal      %irq     %soft    %guest    %gnice     %idle
23:34:02        all      0,00      0,00      0,00      0,00      0,00      0,00      0,00      0,00      0,00    100,00
23:34:02          0      0,00      0,00      0,00      0,00      0,00      0,00      0,00      0,00      0,00    100,00
23:34:02          1      0,00      0,00      0,00      0,00      0,00      0,00      0,00      0,00      0,00    100,00
23:34:02          2      0,00      0,00      0,00      0,00      0,00      0,00      0,00      0,00      0,00    100,00
23:34:02          3      0,00      0,00      0,00      0,00      0,00      0,00      0,00      0,00      0,00    100,00

23:34:02        CPU      %usr     %nice      %sys   %iowait    %steal      %irq     %soft    %guest    %gnice     %idle
23:34:03        all      0,00      0,00      0,00      0,00      0,00      0,00      0,00      0,00      0,00    100,00
23:34:03          0      0,00      0,00      0,00      0,00      0,00      0,00      0,00      0,00      0,00    100,00
23:34:03          1      0,00      0,00      0,00      0,00      0,00      0,00      0,00      0,00      0,00    100,00
23:34:03          2      0,00      0,00      0,00      0,00      0,00      0,00      0,00      0,00      0,00    100,00
23:34:03          3      0,00      0,00      0,00      0,00      0,00      0,00      0,00      0,00      0,00    100,00

23:34:03        CPU      %usr     %nice      %sys   %iowait    %steal      %irq     %soft    %guest    %gnice     %idle
23:34:04        all      0,00      0,00      0,00      0,00      0,00      0,00      0,00      0,00      0,00    100,00
23:34:04          0      0,00      0,00      0,00      0,00      0,00      0,00      0,00      0,00      0,00    100,00
23:34:04          1      0,00      0,00      0,00      0,00      0,00      0,00      0,00      0,00      0,00    100,00
23:34:04          2      0,00      0,00      0,00      0,00      0,00      0,00      0,00      0,00      0,00    100,00
23:34:04          3      0,00      0,00      0,00      0,00      0,00      0,00      0,00      0,00      0,00    100,00

23:34:04        CPU      %usr     %nice      %sys   %iowait    %steal      %irq     %soft    %guest    %gnice     %idle
23:34:05        all     12,32      0,00      4,19      0,00      0,00      1,48      1,48      0,00      0,00     80,54
23:34:05          0     12,87      0,00      2,97      0,00      0,00      0,99      0,00      0,00      0,00     83,17
23:34:05          1     13,73      0,00      3,92      0,00      0,00      0,98      0,00      0,00      0,00     81,37
23:34:05          2     10,78      0,00      4,90      0,00      0,00      0,98      0,98      0,00      0,00     82,35
23:34:05          3     11,88      0,00      4,95      0,00      0,00      2,97      4,95      0,00      0,00     75,25

23:34:05        CPU      %usr     %nice      %sys   %iowait    %steal      %irq     %soft    %guest    %gnice     %idle
23:34:06        all     13,27      0,00      3,83      0,00      0,00      0,77      1,53      0,00      0,00     80,61
23:34:06          0     12,37      0,00      4,12      0,00      0,00      0,00      0,00      0,00      0,00     83,51
23:34:06          1     13,13      0,00      4,04      0,00      0,00      0,00      0,00      0,00      0,00     82,83
23:34:06          2     12,37      0,00      4,12      0,00      0,00      0,00      0,00      0,00      0,00     83,51
23:34:06          3     15,15      0,00      3,03      0,00      0,00      3,03      6,06      0,00      0,00     72,73

23:34:06        CPU      %usr     %nice      %sys   %iowait    %steal      %irq     %soft    %guest    %gnice     %idle
23:34:07        all      4,49      0,00      3,74      0,25      0,00      0,25      0,50      0,00      0,00     90,77
23:34:07          0      4,00      0,00     10,00      0,00      0,00      0,00      0,00      0,00      0,00     86,00
23:34:07          1      4,95      0,00      0,99      0,99      0,00      0,00      0,00      0,00      0,00     93,07
23:34:07          2      5,00      0,00      1,00      0,00      0,00      0,00      0,00      0,00      0,00     94,00
23:34:07          3      4,00      0,00      3,00      0,00      0,00      1,00      2,00      0,00      0,00     90,00

23:34:07        CPU      %usr     %nice      %sys   %iowait    %steal      %irq     %soft    %guest    %gnice     %idle
23:34:08        all      0,00      0,00      0,00      0,00      0,00      0,00      0,00      0,00      0,00    100,00
23:34:08          0      0,00      0,00      0,00      0,00      0,00      0,00      0,00      0,00      0,00    100,00
23:34:08          1      0,00      0,00      0,00      0,00      0,00      0,00      0,00      0,00      0,00    100,00
23:34:08          2      0,00      0,00      0,00      0,00      0,00      0,00      0,00      0,00      0,00    100,00
23:34:08          3      0,00      0,00      0,00      0,00      0,00      0,00      0,00      0,00      0,00    100,00

23:34:08        CPU      %usr     %nice      %sys   %iowait    %steal      %irq     %soft    %guest    %gnice     %idle
23:34:09        all      0,00      0,00      0,00      0,00      0,00      0,00      0,25      0,00      0,00     99,75
23:34:09          0      0,00      0,00      0,00      0,00      0,00      0,00      0,00      0,00      0,00    100,00
23:34:09          1      0,00      0,00      0,00      0,00      0,00      0,00      1,00      0,00      0,00     99,00
23:34:09          2      0,00      0,00      0,00      0,00      0,00      0,00      0,00      0,00      0,00    100,00
23:34:09          3      0,00      0,00      0,00      0,00      0,00      0,00      0,00      0,00      0,00    100,00

23:34:09        CPU      %usr     %nice      %sys   %iowait    %steal      %irq     %soft    %guest    %gnice     %idle
23:34:10        all     34,60      0,00     18,18      0,00      0,00      0,76      1,26      0,00      0,00     45,20
23:34:10          0     28,12      0,00     11,46      0,00      0,00      0,00      0,00      0,00      0,00     60,42
23:34:10          1     37,00      0,00     15,00      0,00      0,00      0,00      0,00      0,00      0,00     48,00
23:34:10          2     34,65      0,00     16,83      0,00      0,00      0,00      0,00      0,00      0,00     48,51
23:34:10          3     38,38      0,00     29,29      0,00      0,00      3,03      5,05      0,00      0,00     24,24

23:34:10        CPU      %usr     %nice      %sys   %iowait    %steal      %irq     %soft    %guest    %gnice     %idle
23:34:11        all     15,82      0,00      7,65      0,51      0,00      0,51      0,77      0,00      0,00     74,74
23:34:11          0     17,35      0,00      6,12      2,04      0,00      0,00      0,00      0,00      0,00     74,49
23:34:11          1     15,31      0,00      7,14      0,00      0,00      0,00      0,00      0,00      0,00     77,55
23:34:11          2     14,43      0,00      7,22      0,00      0,00      0,00      0,00      0,00      0,00     78,35
23:34:11          3     16,16      0,00     10,10      0,00      0,00      2,02      3,03      0,00      0,00     68,69

23:34:11        CPU      %usr     %nice      %sys   %iowait    %steal      %irq     %soft    %guest    %gnice     %idle
23:34:12        all     21,83      0,00     11,42      0,00      0,00      0,76      1,27      0,00      0,00     64,72
23:34:12          0     23,76      0,00     10,89      0,00      0,00      0,99      0,00      0,00      0,00     64,36
23:34:12          1     21,65      0,00     10,31      0,00      0,00      0,00      0,00      0,00      0,00     68,04
23:34:12          2     18,37      0,00     12,24      0,00      0,00      0,00      0,00      0,00      0,00     69,39
23:34:12          3     23,47      0,00     12,24      0,00      0,00      2,04      5,10      0,00      0,00     57,14

23:34:12        CPU      %usr     %nice      %sys   %iowait    %steal      %irq     %soft    %guest    %gnice     %idle
23:34:13        all      0,25      0,00      0,00      0,25      0,00      0,25      0,00      0,00      0,00     99,25
23:34:13          0      0,00      0,00      0,00      0,00      0,00      0,00      0,00      0,00      0,00    100,00
23:34:13          1      0,99      0,00      0,00      0,99      0,00      0,00      0,00      0,00      0,00     98,02
23:34:13          2      0,00      0,00      0,00      0,00      0,00      0,99      0,00      0,00      0,00     99,01
23:34:13          3      0,00      0,00      0,00      0,00      0,00      0,00      0,00      0,00      0,00    100,00

23:34:13        CPU      %usr     %nice      %sys   %iowait    %steal      %irq     %soft    %guest    %gnice     %idle
23:34:14        all      0,00      0,00      0,00      0,00      0,00      0,00      0,00      0,00      0,00    100,00
23:34:14          0      0,00      0,00      0,00      0,00      0,00      0,00      0,00      0,00      0,00    100,00
23:34:14          1      0,00      0,00      0,00      0,00      0,00      0,00      0,00      0,00      0,00    100,00
23:34:14          2      0,00      0,00      0,00      0,00      0,00      0,00      0,00      0,00      0,00    100,00
23:34:14          3      0,00      0,00      0,00      0,00      0,00      0,00      0,00      0,00      0,00    100,00

23:34:14        CPU      %usr     %nice      %sys   %iowait    %steal      %irq     %soft    %guest    %gnice     %idle
23:34:15        all     12,69      0,00      5,47      0,00      0,00      1,24      1,49      0,00      0,00     79,10
23:34:15          0     13,13      0,00      4,04      0,00      0,00      0,00      0,00      0,00      0,00     82,83
23:34:15          1     11,88      0,00      5,94      0,00      0,00      0,99      0,00      0,00      0,00     81,19
23:34:15          2     12,12      0,00      5,05      0,00      0,00      0,00      0,00      0,00      0,00     82,83
23:34:15          3     13,59      0,00      6,80      0,00      0,00      3,88      5,83      0,00      0,00     69,90

23:34:15        CPU      %usr     %nice      %sys   %iowait    %steal      %irq     %soft    %guest    %gnice     %idle
23:34:16        all     15,90      0,00      7,95      0,00      0,00      1,28      1,54      0,00      0,00     73,33
23:34:16          0     16,83      0,00      8,91      0,00      0,00      0,00      0,00      0,00      0,00     74,26
23:34:16          1     14,89      0,00      5,32      0,00      0,00      0,00      0,00      0,00      0,00     79,79
23:34:16          2     15,31      0,00      9,18      0,00      0,00      0,00      0,00      0,00      0,00     75,51
23:34:16          3     16,49      0,00      8,25      0,00      0,00      5,15      6,19      0,00      0,00     63,92

23:34:16        CPU      %usr     %nice      %sys   %iowait    %steal      %irq     %soft    %guest    %gnice     %idle
23:34:17        all     13,92      0,00      7,09      0,00      0,00      1,01      1,52      0,00      0,00     76,46
23:34:17          0     14,85      0,00      7,92      0,00      0,00      0,00      0,00      0,00      0,00     77,23
23:34:17          1     13,40      0,00      6,19      0,00      0,00      0,00      0,00      0,00      0,00     80,41
23:34:17          2     14,14      0,00      6,06      0,00      0,00      0,00      0,00      0,00      0,00     79,80
23:34:17          3     13,27      0,00      8,16      0,00      0,00      4,08      6,12      0,00      0,00     68,37

23:34:17        CPU      %usr     %nice      %sys   %iowait    %steal      %irq     %soft    %guest    %gnice     %idle
23:34:18        all     16,79      0,00      9,27      0,00      0,00      1,25      1,75      0,00      0,00     70,93
23:34:18          0     17,00      0,00      9,00      0,00      0,00      0,00      0,00      0,00      0,00     74,00
23:34:18          1     17,82      0,00      8,91      0,00      0,00      0,00      0,00      0,00      0,00     73,27
23:34:18          2     16,16      0,00      9,09      0,00      0,00      0,00      0,00      0,00      0,00     74,75
23:34:18          3     16,16      0,00     10,10      0,00      0,00      5,05      7,07      0,00      0,00     61,62

23:34:18        CPU      %usr     %nice      %sys   %iowait    %steal      %irq     %soft    %guest    %gnice     %idle
23:34:19        all     21,68      0,00     10,20      0,00      0,00      1,02      2,04      0,00      0,00     65,05
23:34:19          0     23,71      0,00      8,25      0,00      0,00      0,00      0,00      0,00      0,00     68,04
23:34:19          1     21,65      0,00      9,28      0,00      0,00      0,00      0,00      0,00      0,00     69,07
23:34:19          2     22,45      0,00     10,20      0,00      0,00      0,00      0,00      0,00      0,00     67,35
23:34:19          3     19,00      0,00     13,00      0,00      0,00      4,00      8,00      0,00      0,00     56,00

23:34:19        CPU      %usr     %nice      %sys   %iowait    %steal      %irq     %soft    %guest    %gnice     %idle
23:34:20        all     22,73      0,00     11,62      0,00      0,00      1,26      2,27      0,00      0,00     62,12
23:34:20          0     24,00      0,00     11,00      0,00      0,00      0,00      0,00      0,00      0,00     65,00
23:34:20          1     23,23      0,00     11,11      0,00      0,00      0,00      0,00      0,00      0,00     65,66
23:34:20          2     21,88      0,00     10,42      0,00      0,00      0,00      0,00      0,00      0,00     67,71
23:34:20          3     21,78      0,00     13,86      0,00      0,00      4,95      8,91      0,00      0,00     50,50

23:34:20        CPU      %usr     %nice      %sys   %iowait    %steal      %irq     %soft    %guest    %gnice     %idle
23:34:21        all     12,97      0,00      6,23      0,00      0,00      1,25      1,25      0,00      0,00     78,30
23:34:21          0     14,71      0,00      5,88      0,00      0,00      0,98      0,00      0,00      0,00     78,43
23:34:21          1     12,12      0,00      7,07      0,00      0,00      0,00      0,00      0,00      0,00     80,81
23:34:21          2     12,75      0,00      5,88      0,00      0,00      0,98      0,00      0,00      0,00     80,39
23:34:21          3     12,24      0,00      6,12      0,00      0,00      3,06      5,10      0,00      0,00     73,47

23:34:21        CPU      %usr     %nice      %sys   %iowait    %steal      %irq     %soft    %guest    %gnice     %idle
23:34:22        all     21,16      0,00      9,32      0,25      0,00      1,51      2,02      0,00      0,00     65,74
23:34:22          0     21,21      0,00      9,09      0,00      0,00      0,00      0,00      0,00      0,00     69,70
23:34:22          1     20,41      0,00      8,16      1,02      0,00      1,02      0,00      0,00      0,00     69,39
23:34:22          2     22,45      0,00      8,16      0,00      0,00      0,00      0,00      0,00      0,00     69,39
23:34:22          3     20,59      0,00     11,76      0,00      0,00      4,90      7,84      0,00      0,00     54,90

23:34:22        CPU      %usr     %nice      %sys   %iowait    %steal      %irq     %soft    %guest    %gnice     %idle
23:34:23        all     22,03      0,00     10,89      0,00      0,00      1,27      2,03      0,00      0,00     63,80
23:34:23          0     24,00      0,00     10,00      0,00      0,00      0,00      0,00      0,00      0,00     66,00
23:34:23          1     21,43      0,00     10,20      0,00      0,00      0,00      0,00      0,00      0,00     68,37
23:34:23          2     22,22      0,00     10,10      0,00      0,00      0,00      0,00      0,00      0,00     67,68
23:34:23          3     20,41      0,00     13,27      0,00      0,00      5,10      8,16      0,00      0,00     53,06

23:34:23        CPU      %usr     %nice      %sys   %iowait    %steal      %irq     %soft    %guest    %gnice     %idle
23:34:24        all     23,21      0,00     10,71      0,00      0,00      1,28      2,30      0,00      0,00     62,50
23:34:24          0     23,47      0,00     10,20      0,00      0,00      0,00      0,00      0,00      0,00     66,33
23:34:24          1     26,26      0,00     10,10      0,00      0,00      0,00      0,00      0,00      0,00     63,64
23:34:24          2     23,71      0,00     10,31      0,00      0,00      0,00      0,00      0,00      0,00     65,98
23:34:24          3     19,39      0,00     12,24      0,00      0,00      5,10      9,18      0,00      0,00     54,08

23:34:24        CPU      %usr     %nice      %sys   %iowait    %steal      %irq     %soft    %guest    %gnice     %idle
23:34:25        all     26,79      0,00     11,99      0,00      0,00      1,02      2,30      0,00      0,00     57,91
23:34:25          0     27,84      0,00     11,34      0,00      0,00      0,00      0,00      0,00      0,00     60,82
23:34:25          1     27,27      0,00     11,11      0,00      0,00      0,00      0,00      0,00      0,00     61,62
23:34:25          2     26,80      0,00     11,34      0,00      0,00      0,00      0,00      0,00      0,00     61,86
23:34:25          3     25,25      0,00     14,14      0,00      0,00      4,04      9,09      0,00      0,00     47,47

23:34:25        CPU      %usr     %nice      %sys   %iowait    %steal      %irq     %soft    %guest    %gnice     %idle
23:34:26        all     26,26      0,00     13,64      0,00      0,00      1,77      3,03      0,00      0,00     55,30
23:34:26          0     26,26      0,00     13,13      0,00      0,00      1,01      1,01      0,00      0,00     58,59
23:34:26          1     29,29      0,00     13,13      0,00      0,00      0,00      0,00      0,00      0,00     57,58
23:34:26          2     26,53      0,00     12,24      0,00      0,00      1,02      1,02      0,00      0,00     59,18
23:34:26          3     23,00      0,00     16,00      0,00      0,00      5,00     10,00      0,00      0,00     46,00

23:34:26        CPU      %usr     %nice      %sys   %iowait    %steal      %irq     %soft    %guest    %gnice     %idle
23:34:27        all     27,64      0,00     12,56      0,25      0,00      1,51      2,51      0,00      0,00     55,53
23:34:27          0     27,55      0,00     13,27      0,00      0,00      0,00      0,00      0,00      0,00     59,18
23:34:27          1     28,71      0,00     11,88      0,99      0,00      0,99      0,00      0,00      0,00     57,43
23:34:27          2     30,30      0,00     10,10      0,00      0,00      0,00      0,00      0,00      0,00     59,60
23:34:27          3     24,00      0,00     15,00      0,00      0,00      5,00     10,00      0,00      0,00     46,00

23:34:27        CPU      %usr     %nice      %sys   %iowait    %steal      %irq     %soft    %guest    %gnice     %idle
23:34:28        all     18,73      0,00      7,34      0,51      0,00      0,76      1,52      0,00      0,00     71,14
23:34:28          0     19,19      0,00      7,07      0,00      0,00      0,00      0,00      0,00      0,00     73,74
23:34:28          1     19,79      0,00      5,21      1,04      0,00      0,00      0,00      0,00      0,00     73,96
23:34:28          2     20,00      0,00      7,00      0,00      0,00      0,00      0,00      0,00      0,00     73,00
23:34:28          3     16,00      0,00     10,00      1,00      0,00      3,00      6,00      0,00      0,00     64,00

23:34:28        CPU      %usr     %nice      %sys   %iowait    %steal      %irq     %soft    %guest    %gnice     %idle
23:34:29        all     22,86      0,00      9,30      0,00      0,00      0,75      2,01      0,00      0,00     65,08
23:34:29          0     24,24      0,00      8,08      0,00      0,00      0,00      0,00      0,00      0,00     67,68
23:34:29          1     23,00      0,00      9,00      0,00      0,00      0,00      0,00      0,00      0,00     68,00
23:34:29          2     23,23      0,00      9,09      0,00      0,00      0,00      0,00      0,00      0,00     67,68
23:34:29          3     21,00      0,00     11,00      0,00      0,00      3,00      8,00      0,00      0,00     57,00

23:34:29        CPU      %usr     %nice      %sys   %iowait    %steal      %irq     %soft    %guest    %gnice     %idle
23:34:30        all      2,27      0,00      3,02      0,00      0,00      0,00      0,00      0,00      0,00     94,71
23:34:30          0      2,02      0,00      9,09      0,00      0,00      0,00      0,00      0,00      0,00     88,89
23:34:30          1      2,02      0,00      1,01      0,00      0,00      0,00      0,00      0,00      0,00     96,97
23:34:30          2      3,00      0,00      1,00      0,00      0,00      0,00      0,00      0,00      0,00     96,00
23:34:30          3      2,02      0,00      1,01      0,00      0,00      0,00      0,00      0,00      0,00     96,97

23:34:30        CPU      %usr     %nice      %sys   %iowait    %steal      %irq     %soft    %guest    %gnice     %idle
23:34:31        all      5,71      0,00      2,73      0,00      0,00      0,74      0,99      0,00      0,00     89,83
23:34:31          0      6,86      0,00      2,94      0,00      0,00      0,00      0,00      0,00      0,00     90,20
23:34:31          1      6,93      0,00      1,98      0,00      0,00      0,00      0,99      0,00      0,00     90,10
23:34:31          2      5,00      0,00      3,00      0,00      0,00      1,00      0,00      0,00      0,00     91,00
23:34:31          3      4,00      0,00      3,00      0,00      0,00      2,00      3,00      0,00      0,00     88,00

23:34:31        CPU      %usr     %nice      %sys   %iowait    %steal      %irq     %soft    %guest    %gnice     %idle
23:34:32        all     11,81      0,00      5,28      1,76      0,00      1,26      1,26      0,00      0,00     78,64
23:34:32          0     13,73      0,00      4,90      4,90      0,00      0,98      0,00      0,00      0,00     75,49
23:34:32          1     11,11      0,00      5,05      1,01      0,00      0,00      0,00      0,00      0,00     82,83
23:34:32          2     12,12      0,00      5,05      0,00      0,00      0,00      0,00      0,00      0,00     82,83
23:34:32          3     10,20      0,00      6,12      1,02      0,00      4,08      5,10      0,00      0,00     73,47

23:34:32        CPU      %usr     %nice      %sys   %iowait    %steal      %irq     %soft    %guest    %gnice     %idle
23:34:33        all     13,30      0,00      6,39      0,00      0,00      0,77      1,28      0,00      0,00     78,26
23:34:33          0     16,49      0,00      6,19      0,00      0,00      0,00      0,00      0,00      0,00     77,32
23:34:33          1     13,27      0,00      5,10      0,00      0,00      0,00      0,00      0,00      0,00     81,63
23:34:33          2     12,12      0,00      8,08      0,00      0,00      0,00      0,00      0,00      0,00     79,80
23:34:33          3     11,34      0,00      6,19      0,00      0,00      3,09      5,15      0,00      0,00     74,23

23:34:33        CPU      %usr     %nice      %sys   %iowait    %steal      %irq     %soft    %guest    %gnice     %idle
23:34:34        all     18,07      0,00      8,91      0,00      0,00      1,27      1,27      0,00      0,00     70,48
23:34:34          0     23,47      0,00      9,18      0,00      0,00      0,00      0,00      0,00      0,00     67,35
23:34:34          1     16,00      0,00      9,00      0,00      0,00      1,00      0,00      0,00      0,00     74,00
23:34:34          2     15,79      0,00      6,32      0,00      0,00      0,00      0,00      0,00      0,00     77,89
23:34:34          3     17,00      0,00     11,00      0,00      0,00      4,00      5,00      0,00      0,00     63,00

23:34:34        CPU      %usr     %nice      %sys   %iowait    %steal      %irq     %soft    %guest    %gnice     %idle
23:34:35        all     21,12      0,00     10,43      0,00      0,00      1,53      2,04      0,00      0,00     64,89
23:34:35          0     21,21      0,00     11,11      0,00      0,00      0,00      0,00      0,00      0,00     67,68
23:34:35          1     20,83      0,00      8,33      0,00      0,00      0,00      0,00      0,00      0,00     70,83
23:34:35          2     22,22      0,00     11,11      0,00      0,00      0,00      0,00      0,00      0,00     66,67
23:34:35          3     20,20      0,00     11,11      0,00      0,00      6,06      8,08      0,00      0,00     54,55

23:34:35        CPU      %usr     %nice      %sys   %iowait    %steal      %irq     %soft    %guest    %gnice     %idle
23:34:36        all     41,75      0,00     19,59      0,00      0,00      1,29      2,32      0,00      0,00     35,05
23:34:36          0     42,86      0,00     16,33      0,00      0,00      0,00      0,00      0,00      0,00     40,82
23:34:36          1     42,11      0,00     22,11      0,00      0,00      0,00      0,00      0,00      0,00     35,79
23:34:36          2     48,48      0,00     19,19      0,00      0,00      1,01      0,00      0,00      0,00     31,31
23:34:36          3     33,33      0,00     20,83      0,00      0,00      4,17      9,38      0,00      0,00     32,29

23:34:36        CPU      %usr     %nice      %sys   %iowait    %steal      %irq     %soft    %guest    %gnice     %idle
23:34:37        all     24,68      0,00     12,47      0,00      0,00      1,02      1,27      0,00      0,00     60,56
23:34:37          0     25,77      0,00     10,31      0,00      0,00      1,03      0,00      0,00      0,00     62,89
23:34:37          1     24,49      0,00     12,24      0,00      0,00      0,00      0,00      0,00      0,00     63,27
23:34:37          2     25,25      0,00     13,13      0,00      0,00      0,00      0,00      0,00      0,00     61,62
23:34:37          3     23,23      0,00     14,14      0,00      0,00      3,03      5,05      0,00      0,00     54,55

23:34:37        CPU      %usr     %nice      %sys   %iowait    %steal      %irq     %soft    %guest    %gnice     %idle
23:34:38        all      9,09      0,00      4,29      0,25      0,00      0,76      0,76      0,00      0,00     84,85
23:34:38          0     10,20      0,00      3,06      0,00      0,00      0,00      0,00      0,00      0,00     86,73
23:34:38          1      8,08      0,00      4,04      1,01      0,00      1,01      0,00      0,00      0,00     85,86
23:34:38          2      9,00      0,00      4,00      0,00      0,00      0,00      0,00      0,00      0,00     87,00
23:34:38          3      9,09      0,00      6,06      0,00      0,00      2,02      3,03      0,00      0,00     79,80

23:34:38        CPU      %usr     %nice      %sys   %iowait    %steal      %irq     %soft    %guest    %gnice     %idle
23:34:39        all     12,53      0,00      5,51      0,00      0,00      0,75      1,25      0,00      0,00     79,95
23:34:39          0     13,00      0,00      6,00      0,00      0,00      0,00      0,00      0,00      0,00     81,00
23:34:39          1     13,00      0,00      6,00      0,00      0,00      0,00      0,00      0,00      0,00     81,00
23:34:39          2     10,20      0,00      5,10      0,00      0,00      0,00      0,00      0,00      0,00     84,69
23:34:39          3     13,86      0,00      4,95      0,00      0,00      2,97      4,95      0,00      0,00     73,27

23:34:39        CPU      %usr     %nice      %sys   %iowait    %steal      %irq     %soft    %guest    %gnice     %idle
23:34:40        all      9,00      0,00      4,00      0,25      0,00      0,50      0,75      0,00      0,00     85,50
23:34:40          0     11,00      0,00      3,00      0,00      0,00      0,00      0,00      0,00      0,00     86,00
23:34:40          1      8,00      0,00      4,00      1,00      0,00      0,00      0,00      0,00      0,00     87,00
23:34:40          2      8,08      0,00      3,03      0,00      0,00      0,00      0,00      0,00      0,00     88,89
23:34:40          3      8,91      0,00      5,94      0,00      0,00      1,98      2,97      0,00      0,00     80,20

23:34:40        CPU      %usr     %nice      %sys   %iowait    %steal      %irq     %soft    %guest    %gnice     %idle
23:34:41        all     14,87      0,00      7,44      0,00      0,00      1,03      1,54      0,00      0,00     75,13
23:34:41          0     16,16      0,00      8,08      0,00      0,00      0,00      0,00      0,00      0,00     75,76
23:34:41          1     13,54      0,00      7,29      0,00      0,00      0,00      0,00      0,00      0,00     79,17
23:34:41          2     15,31      0,00      6,12      0,00      0,00      0,00      0,00      0,00      0,00     78,57
23:34:41          3     14,43      0,00      8,25      0,00      0,00      4,12      6,19      0,00      0,00     67,01

23:34:41        CPU      %usr     %nice      %sys   %iowait    %steal      %irq     %soft    %guest    %gnice     %idle
23:34:42        all     15,50      0,00      7,50      0,00      0,00      1,25      1,25      0,00      0,00     74,50
23:34:42          0     16,00      0,00      6,00      0,00      0,00      0,00      0,00      0,00      0,00     78,00
23:34:42          1     15,00      0,00      8,00      0,00      0,00      0,00      0,00      0,00      0,00     77,00
23:34:42          2     16,83      0,00      6,93      0,00      0,00      0,00      0,00      0,00      0,00     76,24
23:34:42          3     14,14      0,00      9,09      0,00      0,00      5,05      5,05      0,00      0,00     66,67

23:34:42        CPU      %usr     %nice      %sys   %iowait    %steal      %irq     %soft    %guest    %gnice     %idle
23:34:43        all     19,35      0,00      9,05      0,00      0,00      1,76      2,26      0,00      0,00     67,59
23:34:43          0     19,19      0,00      8,08      0,00      0,00      1,01      1,01      0,00      0,00     70,71
23:34:43          1     20,79      0,00      8,91      0,00      0,00      0,00      0,00      0,00      0,00     70,30
23:34:43          2     18,37      0,00      8,16      0,00      0,00      1,02      0,00      0,00      0,00     72,45
23:34:43          3     19,00      0,00     11,00      0,00      0,00      5,00      8,00      0,00      0,00     57,00

23:34:43        CPU      %usr     %nice      %sys   %iowait    %steal      %irq     %soft    %guest    %gnice     %idle
23:34:44        all     24,05      0,00     10,13      0,00      0,00      1,27      2,28      0,00      0,00     62,28
23:34:44          0     24,74      0,00      8,25      0,00      0,00      0,00      0,00      0,00      0,00     67,01
23:34:44          1     25,25      0,00      9,09      0,00      0,00      0,00      0,00      0,00      0,00     65,66
23:34:44          2     24,51      0,00     10,78      0,00      0,00      0,00      0,98      0,00      0,00     63,73
23:34:44          3     21,65      0,00     12,37      0,00      0,00      5,15      8,25      0,00      0,00     52,58

23:34:44        CPU      %usr     %nice      %sys   %iowait    %steal      %irq     %soft    %guest    %gnice     %idle
23:34:45        all     25,70      0,00     12,47      0,00      0,00      1,53      2,29      0,00      0,00     58,02
23:34:45          0     27,27      0,00     11,11      0,00      0,00      0,00      0,00      0,00      0,00     61,62
23:34:45          1     24,74      0,00     12,37      0,00      0,00      1,03      0,00      0,00      0,00     61,86
23:34:45          2     27,27      0,00     12,12      0,00      0,00      0,00      0,00      0,00      0,00     60,61
23:34:45          3     23,47      0,00     14,29      0,00      0,00      5,10      9,18      0,00      0,00     47,96

23:34:45        CPU      %usr     %nice      %sys   %iowait    %steal      %irq     %soft    %guest    %gnice     %idle
23:34:46        all     28,03      0,00     13,38      0,00      0,00      1,26      2,78      0,00      0,00     54,55
23:34:46          0     30,93      0,00     11,34      0,00      0,00      0,00      0,00      0,00      0,00     57,73
23:34:46          1     27,55      0,00     12,24      0,00      0,00      0,00      1,02      0,00      0,00     59,18
23:34:46          2     28,71      0,00     13,86      0,00      0,00      0,00      0,00      0,00      0,00     57,43
23:34:46          3     25,00      0,00     16,00      0,00      0,00      5,00     10,00      0,00      0,00     44,00

23:34:46        CPU      %usr     %nice      %sys   %iowait    %steal      %irq     %soft    %guest    %gnice     %idle
23:34:47        all     35,40      0,00     15,76      0,00      0,00      1,55      2,33      0,00      0,00     44,96
23:34:47          0     37,11      0,00     15,46      0,00      0,00      0,00      0,00      0,00      0,00     47,42
23:34:47          1     36,73      0,00     16,33      0,00      0,00      0,00      0,00      0,00      0,00     46,94
23:34:47          2     35,79      0,00     13,68      0,00      0,00      1,05      0,00      0,00      0,00     49,47
23:34:47          3     31,96      0,00     17,53      0,00      0,00      5,15      9,28      0,00      0,00     36,08

23:34:47        CPU      %usr     %nice      %sys   %iowait    %steal      %irq     %soft    %guest    %gnice     %idle
23:34:48        all     36,41      0,00     16,67      0,26      0,00      1,28      2,05      0,00      0,00     43,33
23:34:48          0     36,36      0,00     16,16      0,00      0,00      1,01      0,00      0,00      0,00     46,46
23:34:48          1     37,50      0,00     14,58      1,04      0,00      0,00      0,00      0,00      0,00     46,88
23:34:48          2     37,76      0,00     18,37      0,00      0,00      0,00      0,00      0,00      0,00     43,88
23:34:48          3     34,02      0,00     17,53      0,00      0,00      4,12      8,25      0,00      0,00     36,08

23:34:48        CPU      %usr     %nice      %sys   %iowait    %steal      %irq     %soft    %guest    %gnice     %idle
23:34:49        all     12,78      0,00      5,76      0,00      0,00      1,00      1,25      0,00      0,00     79,20
23:34:49          0     12,37      0,00      5,15      0,00      0,00      0,00      0,00      0,00      0,00     82,47
23:34:49          1     13,73      0,00      5,88      0,00      0,00      0,98      0,00      0,00      0,00     79,41
23:34:49          2     13,00      0,00      5,00      0,00      0,00      0,00      0,00      0,00      0,00     82,00
23:34:49          3     12,00      0,00      7,00      0,00      0,00      3,00      5,00      0,00      0,00     73,00

23:34:49        CPU      %usr     %nice      %sys   %iowait    %steal      %irq     %soft    %guest    %gnice     %idle
23:34:50        all     27,69      0,00     13,59      0,00      0,00      1,28      2,31      0,00      0,00     55,13
23:34:50          0     30,00      0,00     13,00      0,00      0,00      0,00      0,00      0,00      0,00     57,00
23:34:50          1     27,37      0,00     13,68      0,00      0,00      0,00      0,00      0,00      0,00     58,95
23:34:50          2     28,87      0,00     11,34      0,00      0,00      0,00      0,00      0,00      0,00     59,79
23:34:50          3     24,49      0,00     16,33      0,00      0,00      5,10      9,18      0,00      0,00     44,90

23:34:50        CPU      %usr     %nice      %sys   %iowait    %steal      %irq     %soft    %guest    %gnice     %idle
23:34:51        all     24,25      0,00     11,25      0,00      0,00      1,00      1,75      0,00      0,00     61,75
23:34:51          0     26,26      0,00     11,11      0,00      0,00      0,00      0,00      0,00      0,00     62,63
23:34:51          1     23,76      0,00     10,89      0,00      0,00      0,00      0,00      0,00      0,00     65,35
23:34:51          2     25,00      0,00      9,00      0,00      0,00      0,00      0,00      0,00      0,00     66,00
23:34:51          3     22,00      0,00     14,00      0,00      0,00      4,00      7,00      0,00      0,00     53,00

23:34:51        CPU      %usr     %nice      %sys   %iowait    %steal      %irq     %soft    %guest    %gnice     %idle
23:34:52        all     18,39      0,00     10,58      0,00      0,00      2,02      1,76      0,00      0,00     67,25
23:34:52          0     18,00      0,00     15,00      0,00      0,00      1,00      0,00      0,00      0,00     66,00
23:34:52          1     19,39      0,00      8,16      0,00      0,00      0,00      0,00      0,00      0,00     72,45
23:34:52          2     18,00      0,00      9,00      0,00      0,00      1,00      0,00      0,00      0,00     72,00
23:34:52          3     18,18      0,00     10,10      0,00      0,00      6,06      7,07      0,00      0,00     58,59

23:34:52        CPU      %usr     %nice      %sys   %iowait    %steal      %irq     %soft    %guest    %gnice     %idle
23:34:53        all     13,53      0,00      7,52      0,00      0,00      1,25      1,50      0,00      0,00     76,19
23:34:53          0     13,27      0,00      6,12      0,00      0,00      0,00      0,00      0,00      0,00     80,61
23:34:53          1     13,00      0,00      8,00      0,00      0,00      0,00      0,00      0,00      0,00     79,00
23:34:53          2     13,00      0,00      9,00      0,00      0,00      0,00      0,00      0,00      0,00     78,00
23:34:53          3     14,85      0,00      6,93      0,00      0,00      4,95      5,94      0,00      0,00     67,33

23:34:53        CPU      %usr     %nice      %sys   %iowait    %steal      %irq     %soft    %guest    %gnice     %idle
23:34:54        all     19,10      0,00      9,55      0,00      0,00      1,51      1,76      0,00      0,00     68,09
23:34:54          0     21,00      0,00      8,00      0,00      0,00      0,00      0,00      0,00      0,00     71,00
23:34:54          1     19,00      0,00      9,00      0,00      0,00      1,00      0,00      0,00      0,00     71,00
23:34:54          2     17,35      0,00      9,18      0,00      0,00      0,00      0,00      0,00      0,00     73,47
23:34:54          3     19,00      0,00     12,00      0,00      0,00      5,00      7,00      0,00      0,00     57,00

23:34:54        CPU      %usr     %nice      %sys   %iowait    %steal      %irq     %soft    %guest    %gnice     %idle
23:34:55        all     20,97      0,00     10,23      0,00      0,00      1,28      2,05      0,00      0,00     65,47
23:34:55          0     22,22      0,00     10,10      0,00      0,00      0,00      0,00      0,00      0,00     67,68
23:34:55          1     20,83      0,00      9,38      0,00      0,00      0,00      0,00      0,00      0,00     69,79
23:34:55          2     22,45      0,00      8,16      0,00      0,00      0,00      0,00      0,00      0,00     69,39
23:34:55          3     18,37      0,00     13,27      0,00      0,00      5,10      8,16      0,00      0,00     55,10

23:34:55        CPU      %usr     %nice      %sys   %iowait    %steal      %irq     %soft    %guest    %gnice     %idle
23:34:56        all     27,88      0,00     13,04      0,00      0,00      1,53      2,30      0,00      0,00     55,24
23:34:56          0     28,57      0,00     13,27      0,00      0,00      0,00      0,00      0,00      0,00     58,16
23:34:56          1     29,17      0,00     10,42      0,00      0,00      0,00      0,00      0,00      0,00     60,42
23:34:56          2     28,28      0,00     13,13      0,00      0,00      1,01      0,00      0,00      0,00     57,58
23:34:56          3     25,51      0,00     15,31      0,00      0,00      5,10      9,18      0,00      0,00     44,90

23:34:56        CPU      %usr     %nice      %sys   %iowait    %steal      %irq     %soft    %guest    %gnice     %idle
23:34:57        all     32,48      0,00     15,86      0,00      0,00      1,53      2,30      0,00      0,00     47,83
23:34:57          0     31,25      0,00     13,54      0,00      0,00      1,04      0,00      0,00      0,00     54,17
23:34:57          1     33,67      0,00     14,29      0,00      0,00      0,00      0,00      0,00      0,00     52,04
23:34:57          2     35,71      0,00     15,31      0,00      0,00      0,00      0,00      0,00      0,00     48,98
23:34:57          3     29,29      0,00     20,20      0,00      0,00      5,05      9,09      0,00      0,00     36,36

23:34:57        CPU      %usr     %nice      %sys   %iowait    %steal      %irq     %soft    %guest    %gnice     %idle
23:34:58        all     27,74      0,00     13,23      2,04      0,00      1,53      2,29      0,00      0,00     53,18
23:34:58          0     27,55      0,00     12,24      4,08      0,00      0,00      0,00      0,00      0,00     56,12
23:34:58          1     26,53      0,00     11,22      1,02      0,00      1,02      0,00      0,00      0,00     60,20
23:34:58          2     31,63      0,00     13,27      2,04      0,00      0,00      0,00      0,00      0,00     53,06
23:34:58          3     25,25      0,00     16,16      1,01      0,00      5,05      9,09      0,00      0,00     43,43

23:34:58        CPU      %usr     %nice      %sys   %iowait    %steal      %irq     %soft    %guest    %gnice     %idle
23:34:59        all     25,59      0,00     12,79      0,00      0,00      1,04      2,87      0,00      0,00     57,70
23:34:59          0     25,00      0,00     11,46      0,00      0,00      0,00      1,04      0,00      0,00     62,50
23:34:59          1     27,96      0,00     11,83      0,00      0,00      0,00      0,00      0,00      0,00     60,22
23:34:59          2     28,57      0,00     10,20      0,00      0,00      0,00      1,02      0,00      0,00     60,20
23:34:59          3     20,83      0,00     17,71      0,00      0,00      4,17      9,38      0,00      0,00     47,92

23:34:59        CPU      %usr     %nice      %sys   %iowait    %steal      %irq     %soft    %guest    %gnice     %idle
23:35:00        all     17,63      0,00      8,56      0,00      0,00      1,26      1,51      0,00      0,00     71,03
23:35:00          0     20,20      0,00      8,08      0,00      0,00      0,00      0,00      0,00      0,00     71,72
23:35:00          1     18,00      0,00      9,00      0,00      0,00      0,00      1,00      0,00      0,00     72,00
23:35:00          2     17,82      0,00      7,92      0,00      0,00      0,99      0,00      0,00      0,00     73,27
23:35:00          3     14,43      0,00      9,28      0,00      0,00      4,12      5,15      0,00      0,00     67,01

23:35:00        CPU      %usr     %nice      %sys   %iowait    %steal      %irq     %soft    %guest    %gnice     %idle
23:35:01        all     38,14      0,00     18,30      0,00      0,00      1,29      2,58      0,00      0,00     39,69
23:35:01          0     42,00      0,00     16,00      0,00      0,00      1,00      0,00      0,00      0,00     41,00
23:35:01          1     38,54      0,00     18,75      0,00      0,00      0,00      0,00      0,00      0,00     42,71
23:35:01          2     40,43      0,00     17,02      0,00      0,00      0,00      0,00      0,00      0,00     42,55
23:35:01          3     31,63      0,00     21,43      0,00      0,00      4,08     10,20      0,00      0,00     32,65

Média:         CPU      %usr     %nice      %sys   %iowait    %steal      %irq     %soft    %guest    %gnice     %idle
Média:         all     17,97      0,00      8,60      0,11      0,00      1,02      1,54      0,00      0,00     70,76
Média:           0     18,74      0,00      8,18      0,19      0,00      0,19      0,05      0,00      0,00     72,65
Média:           1     18,16      0,00      7,99      0,17      0,00      0,17      0,07      0,00      0,00     73,44
Média:           2     18,29      0,00      8,09      0,03      0,00      0,19      0,07      0,00      0,00     73,34
Média:           3     16,69      0,00     10,11      0,05      0,00      3,53      5,97      0,00      0,00     63,65
