Linux 5.14.0-503.19.1.el9_5.x86_64 (localhost.localdomain) 	15/04/2025 	_x86_64_	(4 CPU)

23:15:41        CPU      %usr     %nice      %sys   %iowait    %steal      %irq     %soft    %guest    %gnice     %idle
23:15:42        all      0,00      0,00      0,00      0,00      0,00      0,25      0,00      0,00      0,00     99,75
23:15:42          0      0,00      0,00      0,00      0,00      0,00      0,00      0,00      0,00      0,00    100,00
23:15:42          1      0,00      0,00      0,00      0,00      0,00      0,00      0,00      0,00      0,00    100,00
23:15:42          2      0,00      0,00      0,00      0,00      0,00      0,99      0,00      0,00      0,00     99,01
23:15:42          3      0,00      0,00      0,00      0,00      0,00      0,00      0,00      0,00      0,00    100,00

23:15:42        CPU      %usr     %nice      %sys   %iowait    %steal      %irq     %soft    %guest    %gnice     %idle
23:15:43        all      0,00      0,00      0,00      0,25      0,00      0,00      0,00      0,00      0,00     99,75
23:15:43          0      0,00      0,00      0,00      0,00      0,00      0,00      0,00      0,00      0,00    100,00
23:15:43          1      0,00      0,00      0,00      0,99      0,00      0,00      0,00      0,00      0,00     99,01
23:15:43          2      0,00      0,00      0,00      0,00      0,00      0,00      0,00      0,00      0,00    100,00
23:15:43          3      0,00      0,00      0,00      0,00      0,00      0,00      0,00      0,00      0,00    100,00

23:15:43        CPU      %usr     %nice      %sys   %iowait    %steal      %irq     %soft    %guest    %gnice     %idle
23:15:44        all      0,00      0,00      0,00      0,00      0,00      0,00      0,00      0,00      0,00    100,00
23:15:44          0      0,00      0,00      0,00      0,00      0,00      0,00      0,00      0,00      0,00    100,00
23:15:44          1      0,00      0,00      0,00      0,00      0,00      0,00      0,00      0,00      0,00    100,00
23:15:44          2      0,00      0,00      0,00      0,00      0,00      0,00      0,00      0,00      0,00    100,00
23:15:44          3      0,00      0,00      0,00      0,00      0,00      0,00      0,00      0,00      0,00    100,00

23:15:44        CPU      %usr     %nice      %sys   %iowait    %steal      %irq     %soft    %guest    %gnice     %idle
23:15:45        all      0,00      0,00      0,00      0,00      0,00      0,50      1,26      0,00      0,00     98,24
23:15:45          0      0,00      0,00      0,00      0,00      0,00      0,00      0,00      0,00      0,00    100,00
23:15:45          1      0,00      0,00      0,00      0,00      0,00      0,00      0,00      0,00      0,00    100,00
23:15:45          2      0,00      0,00      0,00      0,00      0,00      0,00      0,00      0,00      0,00    100,00
23:15:45          3      0,00      0,00      0,00      0,00      0,00      2,02      5,05      0,00      0,00     92,93

23:15:45        CPU      %usr     %nice      %sys   %iowait    %steal      %irq     %soft    %guest    %gnice     %idle
23:15:46        all      0,00      0,00      2,00      0,00      0,00      1,25      1,25      0,00      0,00     95,50
23:15:46          0      0,00      0,00      7,92      0,00      0,00      0,99      0,00      0,00      0,00     91,09
23:15:46          1      0,00      0,00      0,00      0,00      0,00      0,00      0,00      0,00      0,00    100,00
23:15:46          2      0,00      0,00      0,00      0,00      0,00      0,00      0,00      0,00      0,00    100,00
23:15:46          3      0,00      0,00      0,00      0,00      0,00      4,00      5,00      0,00      0,00     91,00

23:15:46        CPU      %usr     %nice      %sys   %iowait    %steal      %irq     %soft    %guest    %gnice     %idle
23:15:47        all      0,00      0,00      0,00      0,00      0,00      0,25      0,50      0,00      0,00     99,25
23:15:47          0      0,00      0,00      0,00      0,00      0,00      0,00      0,00      0,00      0,00    100,00
23:15:47          1      0,00      0,00      0,00      0,00      0,00      0,00      0,00      0,00      0,00    100,00
23:15:47          2      0,00      0,00      0,00      0,00      0,00      0,00      0,00      0,00      0,00    100,00
23:15:47          3      0,00      0,00      0,00      0,00      0,00      1,00      2,00      0,00      0,00     97,00

23:15:47        CPU      %usr     %nice      %sys   %iowait    %steal      %irq     %soft    %guest    %gnice     %idle
23:15:48        all      0,25      0,00      0,00      0,00      0,00      0,00      0,00      0,00      0,00     99,75
23:15:48          0      0,00      0,00      0,00      0,00      0,00      0,00      0,00      0,00      0,00    100,00
23:15:48          1      0,00      0,00      0,00      0,00      0,00      0,00      0,00      0,00      0,00    100,00
23:15:48          2      0,00      0,00      0,00      0,00      0,00      0,00      0,00      0,00      0,00    100,00
23:15:48          3      0,99      0,00      0,00      0,00      0,00      0,00      0,00      0,00      0,00     99,01

23:15:48        CPU      %usr     %nice      %sys   %iowait    %steal      %irq     %soft    %guest    %gnice     %idle
23:15:49        all      0,00      0,00      0,00      0,25      0,00      0,00      0,00      0,00      0,00     99,75
23:15:49          0      0,00      0,00      0,00      0,00      0,00      0,00      0,00      0,00      0,00    100,00
23:15:49          1      0,00      0,00      0,00      1,00      0,00      0,00      0,00      0,00      0,00     99,00
23:15:49          2      0,00      0,00      0,00      0,00      0,00      0,00      0,00      0,00      0,00    100,00
23:15:49          3      0,00      0,00      0,00      0,00      0,00      0,00      0,00      0,00      0,00    100,00

23:15:49        CPU      %usr     %nice      %sys   %iowait    %steal      %irq     %soft    %guest    %gnice     %idle
23:15:50        all      0,25      0,00      0,00      0,00      0,00      0,50      1,25      0,00      0,00     98,00
23:15:50          0      0,00      0,00      0,00      0,00      0,00      0,00      0,00      0,00      0,00    100,00
23:15:50          1      0,98      0,00      0,00      0,00      0,00      0,00      0,98      0,00      0,00     98,04
23:15:50          2      0,00      0,00      0,00      0,00      0,00      0,00      0,00      0,00      0,00    100,00
23:15:50          3      0,00      0,00      0,00      0,00      0,00      2,02      4,04      0,00      0,00     93,94

23:15:50        CPU      %usr     %nice      %sys   %iowait    %steal      %irq     %soft    %guest    %gnice     %idle
23:15:51        all      0,25      0,00      0,25      0,00      0,00      0,50      0,75      0,00      0,00     98,25
23:15:51          0      0,00      0,00      0,00      0,00      0,00      0,00      0,00      0,00      0,00    100,00
23:15:51          1      0,00      0,00      1,00      0,00      0,00      0,00      0,00      0,00      0,00     99,00
23:15:51          2      0,99      0,00      0,00      0,00      0,00      0,00      0,00      0,00      0,00     99,01
23:15:51          3      0,00      0,00      0,00      0,00      0,00      2,00      3,00      0,00      0,00     95,00

23:15:51        CPU      %usr     %nice      %sys   %iowait    %steal      %irq     %soft    %guest    %gnice     %idle
23:15:52        all      0,00      0,00      0,00      0,25      0,00      0,50      1,26      0,00      0,00     97,99
23:15:52          0      0,00      0,00      0,00      0,00      0,00      0,00      0,00      0,00      0,00    100,00
23:15:52          1      0,00      0,00      0,00      1,00      0,00      0,00      0,00      0,00      0,00     99,00
23:15:52          2      0,00      0,00      0,00      0,00      0,00      0,00      0,00      0,00      0,00    100,00
23:15:52          3      0,00      0,00      0,00      0,00      0,00      2,02      5,05      0,00      0,00     92,93

23:15:52        CPU      %usr     %nice      %sys   %iowait    %steal      %irq     %soft    %guest    %gnice     %idle
23:15:53        all      0,00      0,00      0,00      0,00      0,00      0,00      0,00      0,00      0,00    100,00
23:15:53          0      0,00      0,00      0,00      0,00      0,00      0,00      0,00      0,00      0,00    100,00
23:15:53          1      0,00      0,00      0,00      0,00      0,00      0,00      0,00      0,00      0,00    100,00
23:15:53          2      0,00      0,00      0,00      0,00      0,00      0,00      0,00      0,00      0,00    100,00
23:15:53          3      0,00      0,00      0,00      0,00      0,00      0,00      0,00      0,00      0,00    100,00

23:15:53        CPU      %usr     %nice      %sys   %iowait    %steal      %irq     %soft    %guest    %gnice     %idle
23:15:54        all      0,00      0,00      0,25      0,00      0,00      0,00      0,00      0,00      0,00     99,75
23:15:54          0      0,00      0,00      0,00      0,00      0,00      0,00      0,00      0,00      0,00    100,00
23:15:54          1      0,00      0,00      0,00      0,00      0,00      0,00      0,00      0,00      0,00    100,00
23:15:54          2      0,00      0,00      0,00      0,00      0,00      0,00      0,00      0,00      0,00    100,00
23:15:54          3      0,00      0,00      0,99      0,00      0,00      0,00      0,00      0,00      0,00     99,01

23:15:54        CPU      %usr     %nice      %sys   %iowait    %steal      %irq     %soft    %guest    %gnice     %idle
23:15:55        all      9,75      0,00      4,50      0,00      0,00      0,75      2,00      0,00      0,00     83,00
23:15:55          0      9,80      0,00      5,88      0,00      0,00      0,00      0,00      0,00      0,00     84,31
23:15:55          1      9,18      0,00      3,06      0,00      0,00      0,00      0,00      0,00      0,00     87,76
23:15:55          2      9,90      0,00      3,96      0,00      0,00      0,00      0,99      0,00      0,00     85,15
23:15:55          3     10,10      0,00      5,05      0,00      0,00      3,03      7,07      0,00      0,00     74,75

23:15:55        CPU      %usr     %nice      %sys   %iowait    %steal      %irq     %soft    %guest    %gnice     %idle
23:15:56        all      9,73      0,00      4,49      0,00      0,00      1,25      2,24      0,00      0,00     82,29
23:15:56          0     10,78      0,00      4,90      0,00      0,00      0,00      0,00      0,00      0,00     84,31
23:15:56          1     10,78      0,00      4,90      0,00      0,00      0,98      0,00      0,00      0,00     83,33
23:15:56          2      9,18      0,00      4,08      0,00      0,00      0,00      0,00      0,00      0,00     86,73
23:15:56          3      8,08      0,00      4,04      0,00      0,00      4,04      9,09      0,00      0,00     74,75

23:15:56        CPU      %usr     %nice      %sys   %iowait    %steal      %irq     %soft    %guest    %gnice     %idle
23:15:57        all     10,03      0,00      5,76      0,25      0,00      1,25      2,51      0,00      0,00     80,20
23:15:57          0     10,00      0,00      6,00      0,00      0,00      0,00      1,00      0,00      0,00     83,00
23:15:57          1      9,18      0,00      5,10      1,02      0,00      0,00      0,00      0,00      0,00     84,69
23:15:57          2     11,00      0,00      6,00      0,00      0,00      0,00      0,00      0,00      0,00     83,00
23:15:57          3      9,90      0,00      5,94      0,00      0,00      4,95      8,91      0,00      0,00     70,30

23:15:57        CPU      %usr     %nice      %sys   %iowait    %steal      %irq     %soft    %guest    %gnice     %idle
23:15:58        all      5,84      0,00      3,05      0,00      0,00      0,76      2,03      0,00      0,00     88,32
23:15:58          0      6,19      0,00      2,06      0,00      0,00      0,00      0,00      0,00      0,00     91,75
23:15:58          1      7,00      0,00      3,00      0,00      0,00      0,00      0,00      0,00      0,00     90,00
23:15:58          2      6,06      0,00      3,03      0,00      0,00      0,00      0,00      0,00      0,00     90,91
23:15:58          3      4,08      0,00      4,08      0,00      0,00      3,06      8,16      0,00      0,00     80,61

23:15:58        CPU      %usr     %nice      %sys   %iowait    %steal      %irq     %soft    %guest    %gnice     %idle
23:15:59        all      0,50      0,00      0,00      0,00      0,00      0,00      0,00      0,00      0,00     99,50
23:15:59          0      0,00      0,00      0,00      0,00      0,00      0,00      0,00      0,00      0,00    100,00
23:15:59          1      0,00      0,00      0,00      0,00      0,00      0,00      0,00      0,00      0,00    100,00
23:15:59          2      0,99      0,00      0,00      0,00      0,00      0,00      0,00      0,00      0,00     99,01
23:15:59          3      1,00      0,00      0,00      0,00      0,00      0,00      0,00      0,00      0,00     99,00

23:15:59        CPU      %usr     %nice      %sys   %iowait    %steal      %irq     %soft    %guest    %gnice     %idle
23:16:00        all      2,77      0,00      1,26      0,00      0,00      0,76      1,01      0,00      0,00     94,21
23:16:00          0      4,00      0,00      1,00      0,00      0,00      0,00      0,00      0,00      0,00     95,00
23:16:00          1      3,03      0,00      1,01      0,00      0,00      0,00      0,00      0,00      0,00     95,96
23:16:00          2      2,04      0,00      1,02      0,00      0,00      0,00      0,00      0,00      0,00     96,94
23:16:00          3      2,00      0,00      2,00      0,00      0,00      3,00      4,00      0,00      0,00     89,00

23:16:00        CPU      %usr     %nice      %sys   %iowait    %steal      %irq     %soft    %guest    %gnice     %idle
23:16:01        all     14,07      0,00      6,03      0,00      0,00      1,01      2,26      0,00      0,00     76,63
23:16:01          0     14,14      0,00      6,06      0,00      0,00      0,00      0,00      0,00      0,00     79,80
23:16:01          1     14,14      0,00      5,05      0,00      0,00      0,00      0,00      0,00      0,00     80,81
23:16:01          2     15,00      0,00      5,00      0,00      0,00      0,00      0,00      0,00      0,00     80,00
23:16:01          3     13,00      0,00      8,00      0,00      0,00      4,00      9,00      0,00      0,00     66,00

23:16:01        CPU      %usr     %nice      %sys   %iowait    %steal      %irq     %soft    %guest    %gnice     %idle
23:16:02        all     18,41      0,00      8,96      0,00      0,00      1,49      2,99      0,00      0,00     68,16
23:16:02          0     18,63      0,00      9,80      0,00      0,00      0,98      0,00      0,00      0,00     70,59
23:16:02          1     19,00      0,00      8,00      0,00      0,00      0,00      0,00      0,00      0,00     73,00
23:16:02          2     19,19      0,00      7,07      0,00      0,00      1,01      0,00      0,00      0,00     72,73
23:16:02          3     16,83      0,00     10,89      0,00      0,00      3,96     11,88      0,00      0,00     56,44

23:16:02        CPU      %usr     %nice      %sys   %iowait    %steal      %irq     %soft    %guest    %gnice     %idle
23:16:03        all      7,98      0,00      3,99      0,25      0,00      0,75      1,25      0,00      0,00     85,79
23:16:03          0      9,00      0,00      3,00      0,00      0,00      0,00      0,00      0,00      0,00     88,00
23:16:03          1      7,07      0,00      3,03      1,01      0,00      0,00      0,00      0,00      0,00     88,89
23:16:03          2      9,09      0,00      3,03      0,00      0,00      0,00      0,00      0,00      0,00     87,88
23:16:03          3      6,80      0,00      6,80      0,00      0,00      2,91      4,85      0,00      0,00     78,64

23:16:03        CPU      %usr     %nice      %sys   %iowait    %steal      %irq     %soft    %guest    %gnice     %idle
23:16:04        all     14,50      0,00      7,38      0,00      0,00      1,02      2,29      0,00      0,00     74,81
23:16:04          0     14,43      0,00      7,22      0,00      0,00      0,00      0,00      0,00      0,00     78,35
23:16:04          1     16,16      0,00      6,06      0,00      0,00      0,00      0,00      0,00      0,00     77,78
23:16:04          2     15,15      0,00      7,07      0,00      0,00      0,00      0,00      0,00      0,00     77,78
23:16:04          3     12,24      0,00      9,18      0,00      0,00      4,08      9,18      0,00      0,00     65,31

23:16:04        CPU      %usr     %nice      %sys   %iowait    %steal      %irq     %soft    %guest    %gnice     %idle
23:16:05        all     19,20      0,00      9,73      0,25      0,00      1,50      2,99      0,00      0,00     66,33
23:16:05          0     20,00      0,00      9,00      0,00      0,00      0,00      0,00      0,00      0,00     71,00
23:16:05          1     19,39      0,00      8,16      0,00      0,00      1,02      0,00      0,00      0,00     71,43
23:16:05          2     20,79      0,00      9,90      0,99      0,00      0,00      0,00      0,00      0,00     68,32
23:16:05          3     16,67      0,00     11,76      0,00      0,00      4,90     11,76      0,00      0,00     54,90

23:16:05        CPU      %usr     %nice      %sys   %iowait    %steal      %irq     %soft    %guest    %gnice     %idle
23:16:06        all     17,38      0,00     10,33      0,00      0,00      1,26      3,02      0,00      0,00     68,01
23:16:06          0     21,00      0,00      9,00      0,00      0,00      0,00      0,00      0,00      0,00     70,00
23:16:06          1     17,17      0,00     10,10      0,00      0,00      0,00      0,00      0,00      0,00     72,73
23:16:06          2     17,35      0,00      9,18      0,00      0,00      0,00      0,00      0,00      0,00     73,47
23:16:06          3     14,00      0,00     13,00      0,00      0,00      5,00     12,00      0,00      0,00     56,00

23:16:06        CPU      %usr     %nice      %sys   %iowait    %steal      %irq     %soft    %guest    %gnice     %idle
23:16:07        all     18,94      0,00      9,34      0,00      0,00      1,52      3,03      0,00      0,00     67,17
23:16:07          0     22,00      0,00      7,00      0,00      0,00      0,00      0,00      0,00      0,00     71,00
23:16:07          1     20,41      0,00      8,16      0,00      0,00      0,00      0,00      0,00      0,00     71,43
23:16:07          2     18,18      0,00     10,10      0,00      0,00      1,01      0,00      0,00      0,00     70,71
23:16:07          3     15,15      0,00     12,12      0,00      0,00      5,05     12,12      0,00      0,00     55,56

23:16:07        CPU      %usr     %nice      %sys   %iowait    %steal      %irq     %soft    %guest    %gnice     %idle
23:16:08        all     21,27      0,00     11,39      0,00      0,00      1,52      3,54      0,00      0,00     62,28
23:16:08          0     20,41      0,00     12,24      0,00      0,00      1,02      0,00      0,00      0,00     66,33
23:16:08          1     24,24      0,00      9,09      0,00      0,00      0,00      0,00      0,00      0,00     66,67
23:16:08          2     21,65      0,00     10,31      0,00      0,00      0,00      0,00      0,00      0,00     68,04
23:16:08          3     18,81      0,00     13,86      0,00      0,00      4,95     13,86      0,00      0,00     48,51

23:16:08        CPU      %usr     %nice      %sys   %iowait    %steal      %irq     %soft    %guest    %gnice     %idle
23:16:09        all     20,70      0,00     13,72      0,75      0,00      1,25      3,49      0,00      0,00     60,10
23:16:09          0     19,80      0,00     17,82      1,98      0,00      0,00      0,00      0,00      0,00     60,40
23:16:09          1     22,77      0,00     11,88      0,00      0,00      0,00      0,00      0,00      0,00     65,35
23:16:09          2     23,47      0,00     10,20      1,02      0,00      0,00      0,00      0,00      0,00     65,31
23:16:09          3     16,83      0,00     14,85      0,00      0,00      4,95     13,86      0,00      0,00     49,50

23:16:09        CPU      %usr     %nice      %sys   %iowait    %steal      %irq     %soft    %guest    %gnice     %idle
23:16:10        all     18,23      0,00     10,38      0,00      0,00      1,52      3,54      0,00      0,00     66,33
23:16:10          0     18,18      0,00     10,10      0,00      0,00      0,00      0,00      0,00      0,00     71,72
23:16:10          1     18,56      0,00      8,25      0,00      0,00      1,03      0,00      0,00      0,00     72,16
23:16:10          2     20,79      0,00      9,90      0,00      0,00      0,00      0,00      0,00      0,00     69,31
23:16:10          3     15,31      0,00     13,27      0,00      0,00      5,10     14,29      0,00      0,00     52,04

23:16:10        CPU      %usr     %nice      %sys   %iowait    %steal      %irq     %soft    %guest    %gnice     %idle
23:16:11        all      9,00      0,00      5,00      0,25      0,00      0,50      1,75      0,00      0,00     83,50
23:16:11          0     10,89      0,00      4,95      0,00      0,00      0,00      0,00      0,00      0,00     84,16
23:16:11          1      9,00      0,00      4,00      1,00      0,00      0,00      0,00      0,00      0,00     86,00
23:16:11          2      8,08      0,00      5,05      0,00      0,00      0,00      0,00      0,00      0,00     86,87
23:16:11          3      8,00      0,00      6,00      0,00      0,00      2,00      7,00      0,00      0,00     77,00

23:16:11        CPU      %usr     %nice      %sys   %iowait    %steal      %irq     %soft    %guest    %gnice     %idle
23:16:12        all     15,29      0,00      7,02      0,00      0,00      1,25      3,51      0,00      0,00     72,93
23:16:12          0     14,29      0,00      7,14      0,00      0,00      0,00      0,00      0,00      0,00     78,57
23:16:12          1     16,16      0,00      7,07      0,00      0,00      0,00      0,00      0,00      0,00     76,77
23:16:12          2     16,00      0,00      6,00      0,00      0,00      1,00      0,00      0,00      0,00     77,00
23:16:12          3     14,71      0,00      7,84      0,00      0,00      3,92     13,73      0,00      0,00     59,80

23:16:12        CPU      %usr     %nice      %sys   %iowait    %steal      %irq     %soft    %guest    %gnice     %idle
23:16:13        all      2,26      0,00      0,75      0,25      0,00      0,25      1,50      0,00      0,00     94,99
23:16:13          0      2,04      0,00      0,00      0,00      0,00      0,00      0,00      0,00      0,00     97,96
23:16:13          1      2,94      0,00      0,98      0,98      0,00      0,00      0,98      0,00      0,00     94,12
23:16:13          2      2,97      0,00      1,98      0,00      0,00      0,00      0,00      0,00      0,00     95,05
23:16:13          3      1,02      0,00      0,00      0,00      0,00      1,02      5,10      0,00      0,00     92,86

23:16:13        CPU      %usr     %nice      %sys   %iowait    %steal      %irq     %soft    %guest    %gnice     %idle
23:16:14        all      3,78      0,00      2,02      0,00      0,00      0,25      0,50      0,00      0,00     93,45
23:16:14          0      4,00      0,00      2,00      0,00      0,00      0,00      0,00      0,00      0,00     94,00
23:16:14          1      4,00      0,00      2,00      0,00      0,00      0,00      0,00      0,00      0,00     94,00
23:16:14          2      3,06      0,00      2,04      0,00      0,00      0,00      0,00      0,00      0,00     94,90
23:16:14          3      4,04      0,00      2,02      0,00      0,00      1,01      2,02      0,00      0,00     90,91

23:16:14        CPU      %usr     %nice      %sys   %iowait    %steal      %irq     %soft    %guest    %gnice     %idle
23:16:15        all     11,87      0,00      6,06      0,00      0,00      1,01      2,27      0,00      0,00     78,79
23:16:15          0     12,12      0,00      5,05      0,00      0,00      0,00      0,00      0,00      0,00     82,83
23:16:15          1     12,24      0,00      5,10      0,00      0,00      0,00      0,00      0,00      0,00     82,65
23:16:15          2     11,22      0,00      5,10      0,00      0,00      0,00      0,00      0,00      0,00     83,67
23:16:15          3     11,88      0,00      8,91      0,00      0,00      3,96      8,91      0,00      0,00     66,34

23:16:15        CPU      %usr     %nice      %sys   %iowait    %steal      %irq     %soft    %guest    %gnice     %idle
23:16:16        all      6,82      0,00      2,53      0,00      0,00      0,76      1,26      0,00      0,00     88,64
23:16:16          0      7,07      0,00      2,02      0,00      0,00      1,01      0,00      0,00      0,00     89,90
23:16:16          1      7,14      0,00      2,04      0,00      0,00      0,00      0,00      0,00      0,00     90,82
23:16:16          2      7,00      0,00      3,00      0,00      0,00      0,00      0,00      0,00      0,00     90,00
23:16:16          3      6,06      0,00      3,03      0,00      0,00      2,02      5,05      0,00      0,00     83,84

23:16:16        CPU      %usr     %nice      %sys   %iowait    %steal      %irq     %soft    %guest    %gnice     %idle
23:16:17        all     11,31      0,00      5,78      0,25      0,00      1,01      1,76      0,00      0,00     79,90
23:16:17          0     11,88      0,00      5,94      0,99      0,00      0,00      0,00      0,00      0,00     81,19
23:16:17          1     10,20      0,00      5,10      0,00      0,00      0,00      0,00      0,00      0,00     84,69
23:16:17          2     13,13      0,00      4,04      0,00      0,00      0,00      0,00      0,00      0,00     82,83
23:16:17          3     10,00      0,00      8,00      0,00      0,00      4,00      7,00      0,00      0,00     71,00

23:16:17        CPU      %usr     %nice      %sys   %iowait    %steal      %irq     %soft    %guest    %gnice     %idle
23:16:18        all     15,87      0,00      7,56      0,00      0,00      1,26      2,52      0,00      0,00     72,80
23:16:18          0     16,16      0,00      8,08      0,00      0,00      0,00      0,00      0,00      0,00     75,76
23:16:18          1     17,82      0,00      7,92      0,00      0,00      0,00      0,00      0,00      0,00     74,26
23:16:18          2     13,68      0,00      6,32      0,00      0,00      0,00      0,00      0,00      0,00     80,00
23:16:18          3     15,69      0,00      7,84      0,00      0,00      4,90      9,80      0,00      0,00     61,76

23:16:18        CPU      %usr     %nice      %sys   %iowait    %steal      %irq     %soft    %guest    %gnice     %idle
23:16:19        all     18,39      0,00      9,57      0,00      0,00      1,51      3,27      0,00      0,00     67,25
23:16:19          0     19,00      0,00      9,00      0,00      0,00      0,00      1,00      0,00      0,00     71,00
23:16:19          1     17,35      0,00      9,18      0,00      0,00      1,02      0,00      0,00      0,00     72,45
23:16:19          2     21,00      0,00      9,00      0,00      0,00      0,00      0,00      0,00      0,00     70,00
23:16:19          3     16,16      0,00     11,11      0,00      0,00      5,05     12,12      0,00      0,00     55,56

23:16:19        CPU      %usr     %nice      %sys   %iowait    %steal      %irq     %soft    %guest    %gnice     %idle
23:16:20        all     21,11      0,00     10,80      0,00      0,00      1,26      3,02      0,00      0,00     63,82
23:16:20          0     21,88      0,00      8,33      0,00      0,00      0,00      0,00      0,00      0,00     69,79
23:16:20          1     22,77      0,00     10,89      0,00      0,00      0,00      0,00      0,00      0,00     66,34
23:16:20          2     23,00      0,00     10,00      0,00      0,00      0,00      0,00      0,00      0,00     67,00
23:16:20          3     16,83      0,00     13,86      0,00      0,00      4,95     11,88      0,00      0,00     52,48

23:16:20        CPU      %usr     %nice      %sys   %iowait    %steal      %irq     %soft    %guest    %gnice     %idle
23:16:21        all     18,95      0,00     10,47      0,00      0,00      1,50      3,24      0,00      0,00     65,84
23:16:21          0     21,00      0,00      9,00      0,00      0,00      0,00      0,00      0,00      0,00     70,00
23:16:21          1     19,00      0,00     11,00      0,00      0,00      0,00      0,00      0,00      0,00     70,00
23:16:21          2     18,81      0,00      9,90      0,00      0,00      0,99      0,99      0,00      0,00     69,31
23:16:21          3     17,00      0,00     12,00      0,00      0,00      5,00     12,00      0,00      0,00     54,00

23:16:21        CPU      %usr     %nice      %sys   %iowait    %steal      %irq     %soft    %guest    %gnice     %idle
23:16:22        all     11,36      0,00      6,57      0,25      0,00      1,01      2,02      0,00      0,00     78,79
23:16:22          0     12,12      0,00      6,06      0,00      0,00      1,01      0,00      0,00      0,00     80,81
23:16:22          1     11,22      0,00      6,12      1,02      0,00      0,00      0,00      0,00      0,00     81,63
23:16:22          2     12,24      0,00      6,12      0,00      0,00      0,00      0,00      0,00      0,00     81,63
23:16:22          3      9,90      0,00      7,92      0,00      0,00      2,97      7,92      0,00      0,00     71,29

23:16:22        CPU      %usr     %nice      %sys   %iowait    %steal      %irq     %soft    %guest    %gnice     %idle
23:16:23        all     21,66      0,00     10,08      0,25      0,00      1,01      3,27      0,00      0,00     63,73
23:16:23          0     22,22      0,00      9,09      0,00      0,00      0,00      0,00      0,00      0,00     68,69
23:16:23          1     23,23      0,00      8,08      0,00      0,00      0,00      0,00      0,00      0,00     68,69
23:16:23          2     22,00      0,00     10,00      1,00      0,00      0,00      0,00      0,00      0,00     67,00
23:16:23          3     19,19      0,00     13,13      0,00      0,00      4,04     13,13      0,00      0,00     50,51

23:16:23        CPU      %usr     %nice      %sys   %iowait    %steal      %irq     %soft    %guest    %gnice     %idle
23:16:24        all     18,34      0,00      9,30      0,00      0,00      1,01      3,27      0,00      0,00     68,09
23:16:24          0     20,00      0,00      9,00      0,00      0,00      0,00      0,00      0,00      0,00     71,00
23:16:24          1     19,19      0,00      9,09      0,00      0,00      0,00      0,00      0,00      0,00     71,72
23:16:24          2     19,39      0,00      7,14      0,00      0,00      0,00      0,00      0,00      0,00     73,47
23:16:24          3     14,85      0,00     11,88      0,00      0,00      3,96     12,87      0,00      0,00     56,44

23:16:24        CPU      %usr     %nice      %sys   %iowait    %steal      %irq     %soft    %guest    %gnice     %idle
23:16:25        all     14,43      0,00      7,71      0,00      0,00      1,24      3,48      0,00      0,00     73,13
23:16:25          0     14,00      0,00      8,00      0,00      0,00      0,00      0,00      0,00      0,00     78,00
23:16:25          1     15,00      0,00      6,00      0,00      0,00      1,00      0,00      0,00      0,00     78,00
23:16:25          2     15,84      0,00      6,93      0,00      0,00      0,00      0,00      0,00      0,00     77,23
23:16:25          3     12,87      0,00      9,90      0,00      0,00      3,96     13,86      0,00      0,00     59,41

23:16:25        CPU      %usr     %nice      %sys   %iowait    %steal      %irq     %soft    %guest    %gnice     %idle
23:16:26        all      0,50      0,00      0,25      0,25      0,00      0,25      0,75      0,00      0,00     98,00
23:16:26          0      0,00      0,00      0,00      0,00      0,00      0,00      0,00      0,00      0,00    100,00
23:16:26          1      0,99      0,00      0,00      0,99      0,00      0,00      0,00      0,00      0,00     98,02
23:16:26          2      1,01      0,00      0,00      0,00      0,00      0,00      0,00      0,00      0,00     98,99
23:16:26          3      0,00      0,00      0,99      0,00      0,00      0,99      2,97      0,00      0,00     95,05

23:16:26        CPU      %usr     %nice      %sys   %iowait    %steal      %irq     %soft    %guest    %gnice     %idle
23:16:27        all      0,75      0,00      0,50      0,00      0,00      0,00      0,25      0,00      0,00     98,50
23:16:27          0      1,00      0,00      0,00      0,00      0,00      0,00      0,00      0,00      0,00     99,00
23:16:27          1      0,99      0,00      0,99      0,00      0,00      0,00      0,00      0,00      0,00     98,02
23:16:27          2      0,00      0,00      1,00      0,00      0,00      0,00      0,00      0,00      0,00     99,00
23:16:27          3      1,01      0,00      0,00      0,00      0,00      0,00      1,01      0,00      0,00     97,98

23:16:27        CPU      %usr     %nice      %sys   %iowait    %steal      %irq     %soft    %guest    %gnice     %idle
23:16:28        all      0,25      0,00      0,25      0,00      0,00      0,25      0,50      0,00      0,00     98,74
23:16:28          0      1,00      0,00      0,00      0,00      0,00      0,00      0,00      0,00      0,00     99,00
23:16:28          1      0,00      0,00      0,00      0,00      0,00      0,00      0,00      0,00      0,00    100,00
23:16:28          2      0,00      0,00      0,00      0,00      0,00      0,00      0,00      0,00      0,00    100,00
23:16:28          3      0,00      0,00      1,00      0,00      0,00      1,00      2,00      0,00      0,00     96,00

23:16:28        CPU      %usr     %nice      %sys   %iowait    %steal      %irq     %soft    %guest    %gnice     %idle
23:16:29        all      0,50      0,00      0,00      0,00      0,00      0,25      0,75      0,00      0,00     98,50
23:16:29          0      0,00      0,00      0,00      0,00      0,00      0,00      0,00      0,00      0,00    100,00
23:16:29          1      1,00      0,00      0,00      0,00      0,00      0,00      0,00      0,00      0,00     99,00
23:16:29          2      0,99      0,00      0,00      0,00      0,00      0,00      0,00      0,00      0,00     99,01
23:16:29          3      0,00      0,00      0,00      0,00      0,00      1,01      3,03      0,00      0,00     95,96

23:16:29        CPU      %usr     %nice      %sys   %iowait    %steal      %irq     %soft    %guest    %gnice     %idle
23:16:30        all      0,00      0,00      0,50      0,00      0,00      0,75      0,75      0,00      0,00     98,00
23:16:30          0      0,00      0,00      1,00      0,00      0,00      0,00      0,00      0,00      0,00     99,00
23:16:30          1      0,00      0,00      0,99      0,00      0,00      0,00      0,00      0,00      0,00     99,01
23:16:30          2      0,00      0,00      0,00      0,00      0,00      0,00      0,00      0,00      0,00    100,00
23:16:30          3      0,00      0,00      0,00      0,00      0,00      3,00      3,00      0,00      0,00     94,00

23:16:30        CPU      %usr     %nice      %sys   %iowait    %steal      %irq     %soft    %guest    %gnice     %idle
23:16:31        all      3,76      0,00      3,26      0,00      0,00      1,00      1,75      0,00      0,00     90,23
23:16:31          0      4,00      0,00      9,00      0,00      0,00      0,00      0,00      0,00      0,00     87,00
23:16:31          1      3,03      0,00      1,01      0,00      0,00      0,00      0,00      0,00      0,00     95,96
23:16:31          2      4,95      0,00      1,98      0,00      0,00      0,99      0,00      0,00      0,00     92,08
23:16:31          3      3,03      0,00      1,01      0,00      0,00      3,03      7,07      0,00      0,00     85,86

23:16:31        CPU      %usr     %nice      %sys   %iowait    %steal      %irq     %soft    %guest    %gnice     %idle
23:16:32        all      4,77      0,00      2,76      0,25      0,00      0,25      0,75      0,00      0,00     91,21
23:16:32          0      5,94      0,00      2,97      0,00      0,00      0,00      0,00      0,00      0,00     91,09
23:16:32          1      5,05      0,00      2,02      1,01      0,00      0,00      0,00      0,00      0,00     91,92
23:16:32          2      4,08      0,00      2,04      0,00      0,00      0,00      0,00      0,00      0,00     93,88
23:16:32          3      4,00      0,00      4,00      0,00      0,00      1,00      3,00      0,00      0,00     88,00

23:16:32        CPU      %usr     %nice      %sys   %iowait    %steal      %irq     %soft    %guest    %gnice     %idle
23:16:33        all     11,75      0,00      6,00      0,00      0,00      1,00      2,25      0,00      0,00     79,00
23:16:33          0     10,31      0,00      5,15      0,00      0,00      0,00      0,00      0,00      0,00     84,54
23:16:33          1     12,12      0,00      5,05      0,00      0,00      0,00      0,00      0,00      0,00     82,83
23:16:33          2     13,73      0,00      5,88      0,00      0,00      0,00      0,00      0,00      0,00     80,39
23:16:33          3     10,78      0,00      7,84      0,00      0,00      3,92      8,82      0,00      0,00     68,63

23:16:33        CPU      %usr     %nice      %sys   %iowait    %steal      %irq     %soft    %guest    %gnice     %idle
23:16:34        all     10,08      0,00      5,29      0,00      0,00      0,76      1,76      0,00      0,00     82,12
23:16:34          0     11,11      0,00      4,04      0,00      0,00      0,00      0,00      0,00      0,00     84,85
23:16:34          1     10,00      0,00      6,00      0,00      0,00      0,00      0,00      0,00      0,00     84,00
23:16:34          2     10,10      0,00      5,05      0,00      0,00      0,00      0,00      0,00      0,00     84,85
23:16:34          3      9,09      0,00      6,06      0,00      0,00      3,03      7,07      0,00      0,00     74,75

23:16:34        CPU      %usr     %nice      %sys   %iowait    %steal      %irq     %soft    %guest    %gnice     %idle
23:16:35        all      5,49      0,00      2,24      0,00      0,00      0,75      0,75      0,00      0,00     90,77
23:16:35          0      5,00      0,00      2,00      0,00      0,00      1,00      0,00      0,00      0,00     92,00
23:16:35          1      6,00      0,00      2,00      0,00      0,00      0,00      0,00      0,00      0,00     92,00
23:16:35          2      6,00      0,00      2,00      0,00      0,00      0,00      0,00      0,00      0,00     92,00
23:16:35          3      4,95      0,00      2,97      0,00      0,00      1,98      2,97      0,00      0,00     87,13

23:16:35        CPU      %usr     %nice      %sys   %iowait    %steal      %irq     %soft    %guest    %gnice     %idle
23:16:36        all     12,56      0,00      6,78      0,00      0,00      1,26      2,26      0,00      0,00     77,14
23:16:36          0     14,85      0,00      5,94      0,00      0,00      0,00      0,00      0,00      0,00     79,21
23:16:36          1     13,00      0,00      6,00      0,00      0,00      0,00      0,00      0,00      0,00     81,00
23:16:36          2     12,00      0,00      8,00      0,00      0,00      0,00      0,00      0,00      0,00     80,00
23:16:36          3     10,31      0,00      7,22      0,00      0,00      5,15      9,28      0,00      0,00     68,04

23:16:36        CPU      %usr     %nice      %sys   %iowait    %steal      %irq     %soft    %guest    %gnice     %idle
23:16:37        all     17,01      0,00      9,14      0,00      0,00      1,27      3,05      0,00      0,00     69,54
23:16:37          0     17,35      0,00      8,16      0,00      0,00      0,00      0,00      0,00      0,00     74,49
23:16:37          1     18,37      0,00      8,16      0,00      0,00      0,00      0,00      0,00      0,00     73,47
23:16:37          2     18,18      0,00      8,08      0,00      0,00      0,00      0,00      0,00      0,00     73,74
23:16:37          3     14,14      0,00     12,12      0,00      0,00      5,05     12,12      0,00      0,00     56,57

23:16:37        CPU      %usr     %nice      %sys   %iowait    %steal      %irq     %soft    %guest    %gnice     %idle
23:16:38        all     19,44      0,00     11,11      0,00      0,00      1,26      3,28      0,00      0,00     64,90
23:16:38          0     22,00      0,00     10,00      0,00      0,00      0,00      0,00      0,00      0,00     68,00
23:16:38          1     19,59      0,00     10,31      0,00      0,00      0,00      0,00      0,00      0,00     70,10
23:16:38          2     19,19      0,00     11,11      0,00      0,00      0,00      0,00      0,00      0,00     69,70
23:16:38          3     17,00      0,00     13,00      0,00      0,00      5,00     13,00      0,00      0,00     52,00

23:16:38        CPU      %usr     %nice      %sys   %iowait    %steal      %irq     %soft    %guest    %gnice     %idle
23:16:39        all     20,96      0,00     11,62      0,00      0,00      1,77      3,79      0,00      0,00     61,87
23:16:39          0     20,83      0,00     11,46      0,00      0,00      0,00      0,00      0,00      0,00     67,71
23:16:39          1     22,22      0,00      9,09      0,00      0,00      1,01      0,00      0,00      0,00     67,68
23:16:39          2     23,00      0,00     10,00      0,00      0,00      1,00      0,00      0,00      0,00     66,00
23:16:39          3     17,82      0,00     15,84      0,00      0,00      4,95     14,85      0,00      0,00     46,53

23:16:39        CPU      %usr     %nice      %sys   %iowait    %steal      %irq     %soft    %guest    %gnice     %idle
23:16:40        all     21,61      0,00     11,06      0,00      0,00      1,01      4,02      0,00      0,00     62,31
23:16:40          0     22,00      0,00     12,00      0,00      0,00      0,00      0,00      0,00      0,00     66,00
23:16:40          1     23,23      0,00      9,09      0,00      0,00      0,00      1,01      0,00      0,00     66,67
23:16:40          2     23,00      0,00     10,00      0,00      0,00      0,00      0,00      0,00      0,00     67,00
23:16:40          3     18,18      0,00     13,13      0,00      0,00      4,04     15,15      0,00      0,00     49,49

23:16:40        CPU      %usr     %nice      %sys   %iowait    %steal      %irq     %soft    %guest    %gnice     %idle
23:16:41        all     11,34      0,00      6,55      0,00      0,00      1,26      3,53      0,00      0,00     77,33
23:16:41          0     12,00      0,00      6,00      0,00      0,00      1,00      0,00      0,00      0,00     81,00
23:16:41          1     12,12      0,00      6,06      0,00      0,00      0,00      0,00      0,00      0,00     81,82
23:16:41          2     11,22      0,00      6,12      0,00      0,00      0,00      0,00      0,00      0,00     82,65
23:16:41          3     10,00      0,00      8,00      0,00      0,00      4,00     14,00      0,00      0,00     64,00

Média:         CPU      %usr     %nice      %sys   %iowait    %steal      %irq     %soft    %guest    %gnice     %idle
Média:         all      9,17      0,00      4,85      0,07      0,00      0,82      1,85      0,00      0,00     83,24
Média:           0      9,56      0,00      4,84      0,05      0,00      0,12      0,03      0,00      0,00     85,41
Média:           1      9,53      0,00      4,27      0,17      0,00      0,10      0,05      0,00      0,00     85,87
Média:           2      9,58      0,00      4,39      0,05      0,00      0,12      0,03      0,00      0,00     85,83
Média:           3      8,02      0,00      5,89      0,00      0,00      2,93      7,27      0,00      0,00     75,89
