Linux 5.14.0-503.19.1.el9_5.x86_64 (localhost.localdomain) 	21/12/2024 	_x86_64_	(4 CPU)

23:59:43        CPU      %usr     %nice      %sys   %iowait    %steal      %irq     %soft    %guest    %gnice     %idle
23:59:44        all      0,00      0,00      0,00      0,00      0,00      0,00      0,00      0,00      0,00    100,00
23:59:44          0      0,00      0,00      0,00      0,00      0,00      0,00      0,00      0,00      0,00    100,00
23:59:44          1      0,00      0,00      0,00      0,00      0,00      0,00      0,00      0,00      0,00    100,00
23:59:44          2      0,00      0,00      0,00      0,00      0,00      0,00      0,00      0,00      0,00    100,00
23:59:44          3      0,00      0,00      0,00      0,00      0,00      0,00      0,00      0,00      0,00    100,00

23:59:44        CPU      %usr     %nice      %sys   %iowait    %steal      %irq     %soft    %guest    %gnice     %idle
23:59:45        all     11,49      0,00      6,79      0,00      0,00      1,31      1,57      0,00      0,00     78,85
23:59:45          0     10,53      0,00      6,32      0,00      0,00      0,00      0,00      0,00      0,00     83,16
23:59:45          1     11,46      0,00      7,29      0,00      0,00      0,00      0,00      0,00      0,00     81,25
23:59:45          2     12,37      0,00      7,22      0,00      0,00      0,00      0,00      0,00      0,00     80,41
23:59:45          3     11,58      0,00      6,32      0,00      0,00      5,26      6,32      0,00      0,00     70,53

23:59:45        CPU      %usr     %nice      %sys   %iowait    %steal      %irq     %soft    %guest    %gnice     %idle
23:59:46        all     17,68      0,00      9,50      0,26      0,00      1,85      2,37      0,00      0,00     68,34
23:59:46          0     18,95      0,00      8,42      0,00      0,00      1,05      0,00      0,00      0,00     71,58
23:59:46          1     17,89      0,00      8,42      1,05      0,00      1,05      0,00      0,00      0,00     71,58
23:59:46          2     18,95      0,00      8,42      0,00      0,00      0,00      0,00      0,00      0,00     72,63
23:59:46          3     14,89      0,00     12,77      0,00      0,00      5,32      9,57      0,00      0,00     57,45

23:59:46        CPU      %usr     %nice      %sys   %iowait    %steal      %irq     %soft    %guest    %gnice     %idle
23:59:47        all     18,18      0,00      9,63      0,00      0,00      1,34      2,41      0,00      0,00     68,45
23:59:47          0     18,28      0,00      8,60      0,00      0,00      0,00      0,00      0,00      0,00     73,12
23:59:47          1     18,28      0,00      9,68      0,00      0,00      0,00      0,00      0,00      0,00     72,04
23:59:47          2     19,15      0,00      8,51      0,00      0,00      0,00      0,00      0,00      0,00     72,34
23:59:47          3     17,02      0,00     11,70      0,00      0,00      5,32      9,57      0,00      0,00     56,38

23:59:47        CPU      %usr     %nice      %sys   %iowait    %steal      %irq     %soft    %guest    %gnice     %idle
23:59:48        all      3,80      0,00      1,77      0,00      0,00      0,25      0,51      0,00      0,00     93,67
23:59:48          0      4,00      0,00      3,00      0,00      0,00      0,00      0,00      0,00      0,00     93,00
23:59:48          1      4,04      0,00      1,01      0,00      0,00      0,00      0,00      0,00      0,00     94,95
23:59:48          2      3,09      0,00      1,03      0,00      0,00      0,00      0,00      0,00      0,00     95,88
23:59:48          3      4,04      0,00      2,02      0,00      0,00      1,01      2,02      0,00      0,00     90,91

23:59:48        CPU      %usr     %nice      %sys   %iowait    %steal      %irq     %soft    %guest    %gnice     %idle
23:59:49        all      0,00      0,00      0,00      0,00      0,00      0,00      0,00      0,00      0,00    100,00
23:59:49          0      0,00      0,00      0,00      0,00      0,00      0,00      0,00      0,00      0,00    100,00
23:59:49          1      0,00      0,00      0,00      0,00      0,00      0,00      0,00      0,00      0,00    100,00
23:59:49          2      0,00      0,00      0,00      0,00      0,00      0,00      0,00      0,00      0,00    100,00
23:59:49          3      0,00      0,00      0,00      0,00      0,00      0,00      0,00      0,00      0,00    100,00

23:59:49        CPU      %usr     %nice      %sys   %iowait    %steal      %irq     %soft    %guest    %gnice     %idle
23:59:50        all      2,29      0,00      1,27      0,00      0,00      0,25      0,25      0,00      0,00     95,93
23:59:50          0      2,04      0,00      1,02      0,00      0,00      0,00      0,00      0,00      0,00     96,94
23:59:50          1      3,03      0,00      1,01      0,00      0,00      0,00      0,00      0,00      0,00     95,96
23:59:50          2      2,04      0,00      1,02      0,00      0,00      0,00      0,00      0,00      0,00     96,94
23:59:50          3      2,04      0,00      2,04      0,00      0,00      1,02      1,02      0,00      0,00     93,88

23:59:50        CPU      %usr     %nice      %sys   %iowait    %steal      %irq     %soft    %guest    %gnice     %idle
23:59:51        all     16,54      0,00      8,66      0,00      0,00      1,05      2,10      0,00      0,00     71,65
23:59:51          0     16,84      0,00      8,42      0,00      0,00      0,00      0,00      0,00      0,00     74,74
23:59:51          1     15,96      0,00      8,51      0,00      0,00      0,00      0,00      0,00      0,00     75,53
23:59:51          2     16,67      0,00      8,33      0,00      0,00      0,00      0,00      0,00      0,00     75,00
23:59:51          3     16,67      0,00      9,38      0,00      0,00      4,17      8,33      0,00      0,00     61,46

23:59:51        CPU      %usr     %nice      %sys   %iowait    %steal      %irq     %soft    %guest    %gnice     %idle
23:59:52        all     12,82      0,00      6,15      0,26      0,00      1,03      1,79      0,00      0,00     77,95
23:59:52          0     11,58      0,00      5,26      0,00      0,00      0,00      1,05      0,00      0,00     82,11
23:59:52          1     13,13      0,00      6,06      1,01      0,00      0,00      0,00      0,00      0,00     79,80
23:59:52          2     14,29      0,00      6,12      0,00      0,00      0,00      0,00      0,00      0,00     79,59
23:59:52          3     12,24      0,00      7,14      0,00      0,00      4,08      6,12      0,00      0,00     70,41

23:59:52        CPU      %usr     %nice      %sys   %iowait    %steal      %irq     %soft    %guest    %gnice     %idle
23:59:53        all     11,92      0,00      6,74      0,00      0,00      1,30      1,55      0,00      0,00     78,50
23:59:53          0     12,50      0,00      6,25      0,00      0,00      0,00      0,00      0,00      0,00     81,25
23:59:53          1     11,46      0,00      7,29      0,00      0,00      0,00      0,00      0,00      0,00     81,25
23:59:53          2     11,34      0,00      7,22      0,00      0,00      1,03      0,00      0,00      0,00     80,41
23:59:53          3     12,37      0,00      6,19      0,00      0,00      4,12      6,19      0,00      0,00     71,13

23:59:53        CPU      %usr     %nice      %sys   %iowait    %steal      %irq     %soft    %guest    %gnice     %idle
23:59:54        all     13,85      0,00      7,95      0,00      0,00      0,77      1,54      0,00      0,00     75,90
23:59:54          0     13,68      0,00      6,32      0,00      0,00      0,00      0,00      0,00      0,00     80,00
23:59:54          1     15,46      0,00      7,22      0,00      0,00      0,00      0,00      0,00      0,00     77,32
23:59:54          2     15,00      0,00      8,00      0,00      0,00      0,00      0,00      0,00      0,00     77,00
23:59:54          3     11,22      0,00     10,20      0,00      0,00      3,06      6,12      0,00      0,00     69,39

23:59:54        CPU      %usr     %nice      %sys   %iowait    %steal      %irq     %soft    %guest    %gnice     %idle
23:59:55        all     18,54      0,00     11,23      0,00      0,00      1,57      2,35      0,00      0,00     66,32
23:59:55          0     20,62      0,00      8,25      0,00      0,00      1,03      0,00      0,00      0,00     70,10
23:59:55          1     18,09      0,00      9,57      0,00      0,00      1,06      0,00      0,00      0,00     71,28
23:59:55          2     18,09      0,00     10,64      0,00      0,00      0,00      0,00      0,00      0,00     71,28
23:59:55          3     17,35      0,00     16,33      0,00      0,00      4,08      9,18      0,00      0,00     53,06

23:59:55        CPU      %usr     %nice      %sys   %iowait    %steal      %irq     %soft    %guest    %gnice     %idle
23:59:56        all     13,16      0,00      8,42      0,00      0,00      0,79      1,58      0,00      0,00     76,05
23:59:56          0     14,58      0,00      7,29      0,00      0,00      0,00      0,00      0,00      0,00     78,12
23:59:56          1     12,77      0,00      7,45      0,00      0,00      0,00      0,00      0,00      0,00     79,79
23:59:56          2     13,83      0,00      6,38      0,00      0,00      0,00      0,00      0,00      0,00     79,79
23:59:56          3     11,46      0,00     12,50      0,00      0,00      3,12      6,25      0,00      0,00     66,67

23:59:56        CPU      %usr     %nice      %sys   %iowait    %steal      %irq     %soft    %guest    %gnice     %idle
23:59:57        all     12,24      0,00      6,12      0,00      0,00      0,77      1,53      0,00      0,00     79,34
23:59:57          0     12,37      0,00      6,19      0,00      0,00      0,00      0,00      0,00      0,00     81,44
23:59:57          1     11,34      0,00      6,19      0,00      0,00      0,00      0,00      0,00      0,00     82,47
23:59:57          2     13,27      0,00      5,10      0,00      0,00      0,00      0,00      0,00      0,00     81,63
23:59:57          3     12,00      0,00      7,00      0,00      0,00      3,00      6,00      0,00      0,00     72,00

23:59:57        CPU      %usr     %nice      %sys   %iowait    %steal      %irq     %soft    %guest    %gnice     %idle
23:59:58        all     16,28      0,00      7,24      0,00      0,00      0,78      1,55      0,00      0,00     74,16
23:59:58          0     16,33      0,00      8,16      0,00      0,00      0,00      0,00      0,00      0,00     75,51
23:59:58          1     16,84      0,00      5,26      0,00      0,00      0,00      0,00      0,00      0,00     77,89
23:59:58          2     16,33      0,00      8,16      0,00      0,00      0,00      0,00      0,00      0,00     75,51
23:59:58          3     15,62      0,00      7,29      0,00      0,00      3,12      6,25      0,00      0,00     67,71

23:59:58        CPU      %usr     %nice      %sys   %iowait    %steal      %irq     %soft    %guest    %gnice     %idle
23:59:59        all     12,47      0,00      6,75      0,00      0,00      0,78      1,82      0,00      0,00     78,18
23:59:59          0     14,43      0,00      7,22      0,00      0,00      0,00      0,00      0,00      0,00     78,35
23:59:59          1     13,27      0,00      6,12      0,00      0,00      0,00      1,02      0,00      0,00     79,59
23:59:59          2     11,83      0,00      5,38      0,00      0,00      0,00      0,00      0,00      0,00     82,80
23:59:59          3     10,31      0,00      8,25      0,00      0,00      3,09      6,19      0,00      0,00     72,16

23:59:59        CPU      %usr     %nice      %sys   %iowait    %steal      %irq     %soft    %guest    %gnice     %idle
00:00:00        all     17,97      0,00      9,11      0,00      0,00      1,30      2,08      0,00      0,00     69,53
00:00:00          0     19,79      0,00      7,29      0,00      0,00      0,00      0,00      0,00      0,00     72,92
00:00:00          1     18,95      0,00      8,42      0,00      0,00      0,00      0,00      0,00      0,00     72,63
00:00:00          2     18,75      0,00      8,33      0,00      0,00      1,04      0,00      0,00      0,00     71,88
00:00:00          3     14,43      0,00     12,37      0,00      0,00      4,12      8,25      0,00      0,00     60,82

00:00:00        CPU      %usr     %nice      %sys   %iowait    %steal      %irq     %soft    %guest    %gnice     %idle
00:00:01        all     11,57      0,26      7,97      0,26      0,00      1,29      1,54      0,00      0,00     77,12
00:00:01          0     11,46      1,04      7,29      1,04      0,00      1,04      0,00      0,00      0,00     78,12
00:00:01          1     12,12      0,00      8,08      0,00      0,00      1,01      0,00      0,00      0,00     78,79
00:00:01          2     11,46      0,00      8,33      0,00      0,00      0,00      0,00      0,00      0,00     80,21
00:00:01          3     11,22      0,00      8,16      0,00      0,00      3,06      6,12      0,00      0,00     71,43

00:00:01        CPU      %usr     %nice      %sys   %iowait    %steal      %irq     %soft    %guest    %gnice     %idle
00:00:02        all     16,41      1,30     10,94      0,00      0,00      0,78      2,08      0,00      0,00     68,49
00:00:02          0     18,56      0,00      9,28      0,00      0,00      0,00      0,00      0,00      0,00     72,16
00:00:02          1     16,67      2,08     11,46      0,00      0,00      0,00      0,00      0,00      0,00     69,79
00:00:02          2     15,62      2,08     12,50      0,00      0,00      0,00      1,04      0,00      0,00     68,75
00:00:02          3     14,74      1,05     10,53      0,00      0,00      3,16      7,37      0,00      0,00     63,16

00:00:02        CPU      %usr     %nice      %sys   %iowait    %steal      %irq     %soft    %guest    %gnice     %idle
00:00:03        all     13,32      0,00      7,31      0,00      0,00      1,04      1,57      0,00      0,00     76,76
00:00:03          0     14,43      0,00      8,25      0,00      0,00      0,00      0,00      0,00      0,00     77,32
00:00:03          1     15,46      0,00      6,19      0,00      0,00      0,00      0,00      0,00      0,00     78,35
00:00:03          2     12,77      0,00      6,38      0,00      0,00      0,00      0,00      0,00      0,00     80,85
00:00:03          3     10,53      0,00      8,42      0,00      0,00      4,21      6,32      0,00      0,00     70,53

00:00:03        CPU      %usr     %nice      %sys   %iowait    %steal      %irq     %soft    %guest    %gnice     %idle
00:00:04        all     13,14      0,00      7,22      0,26      0,00      0,77      1,55      0,00      0,00     77,06
00:00:04          0     12,50      0,00      7,29      0,00      0,00      0,00      0,00      0,00      0,00     80,21
00:00:04          1     12,37      0,00      8,25      1,03      0,00      0,00      0,00      0,00      0,00     78,35
00:00:04          2     13,40      0,00      6,19      0,00      0,00      0,00      0,00      0,00      0,00     80,41
00:00:04          3     14,29      0,00      7,14      0,00      0,00      3,06      6,12      0,00      0,00     69,39

00:00:04        CPU      %usr     %nice      %sys   %iowait    %steal      %irq     %soft    %guest    %gnice     %idle
00:00:05        all     12,86      0,00      6,56      0,00      0,00      0,79      1,57      0,00      0,00     78,22
00:00:05          0     13,68      0,00      6,32      0,00      0,00      0,00      0,00      0,00      0,00     80,00
00:00:05          1     13,54      0,00      6,25      0,00      0,00      0,00      0,00      0,00      0,00     80,21
00:00:05          2     13,83      0,00      5,32      0,00      0,00      0,00      0,00      0,00      0,00     80,85
00:00:05          3     10,42      0,00      8,33      0,00      0,00      3,12      6,25      0,00      0,00     71,88

00:00:05        CPU      %usr     %nice      %sys   %iowait    %steal      %irq     %soft    %guest    %gnice     %idle
00:00:06        all     13,51      0,00      6,75      0,00      0,00      1,04      1,56      0,00      0,00     77,14
00:00:06          0     14,58      0,00      6,25      0,00      0,00      0,00      0,00      0,00      0,00     79,17
00:00:06          1     13,54      0,00      6,25      0,00      0,00      0,00      0,00      0,00      0,00     80,21
00:00:06          2     14,43      0,00      6,19      0,00      0,00      1,03      0,00      0,00      0,00     78,35
00:00:06          3     11,46      0,00      8,33      0,00      0,00      3,12      6,25      0,00      0,00     70,83

00:00:06        CPU      %usr     %nice      %sys   %iowait    %steal      %irq     %soft    %guest    %gnice     %idle
00:00:07        all     10,97      0,00      6,01      0,00      0,00      0,78      1,57      0,00      0,00     80,68
00:00:07          0     11,58      0,00      6,32      0,00      0,00      0,00      0,00      0,00      0,00     82,11
00:00:07          1     12,37      0,00      6,19      0,00      0,00      0,00      0,00      0,00      0,00     81,44
00:00:07          2     10,53      0,00      5,26      0,00      0,00      0,00      0,00      0,00      0,00     84,21
00:00:07          3      9,38      0,00      6,25      0,00      0,00      3,12      6,25      0,00      0,00     75,00

00:00:07        CPU      %usr     %nice      %sys   %iowait    %steal      %irq     %soft    %guest    %gnice     %idle
00:00:08        all     13,59      0,00      6,92      0,00      0,00      1,28      1,54      0,00      0,00     76,67
00:00:08          0     13,40      0,00      6,19      0,00      0,00      1,03      0,00      0,00      0,00     79,38
00:00:08          1     13,40      0,00      6,19      0,00      0,00      1,03      0,00      0,00      0,00     79,38
00:00:08          2     14,43      0,00      7,22      0,00      0,00      0,00      0,00      0,00      0,00     78,35
00:00:08          3     13,13      0,00      8,08      0,00      0,00      3,03      6,06      0,00      0,00     69,70

00:00:08        CPU      %usr     %nice      %sys   %iowait    %steal      %irq     %soft    %guest    %gnice     %idle
00:00:09        all     14,10      0,00      7,95      2,05      0,00      1,03      1,54      0,00      0,00     73,33
00:00:09          0     15,31      0,00      7,14      1,02      0,00      0,00      0,00      0,00      0,00     76,53
00:00:09          1     14,74      0,00      6,32      3,16      0,00      0,00      0,00      0,00      0,00     75,79
00:00:09          2     13,40      0,00      9,28      1,03      0,00      0,00      0,00      0,00      0,00     76,29
00:00:09          3     13,00      0,00      9,00      3,00      0,00      4,00      6,00      0,00      0,00     65,00

00:00:09        CPU      %usr     %nice      %sys   %iowait    %steal      %irq     %soft    %guest    %gnice     %idle
00:00:10        all     14,36      0,00      8,21      0,26      0,00      0,77      1,54      0,00      0,00     74,87
00:00:10          0     14,58      0,00      7,29      0,00      0,00      0,00      0,00      0,00      0,00     78,12
00:00:10          1     15,00      0,00      9,00      1,00      0,00      0,00      0,00      0,00      0,00     75,00
00:00:10          2     15,31      0,00      7,14      0,00      0,00      0,00      0,00      0,00      0,00     77,55
00:00:10          3     12,50      0,00      9,38      0,00      0,00      3,12      6,25      0,00      0,00     68,75

00:00:10        CPU      %usr     %nice      %sys   %iowait    %steal      %irq     %soft    %guest    %gnice     %idle
00:00:11        all     12,50      0,00      6,77      0,00      0,00      0,78      1,82      0,00      0,00     78,12
00:00:11          0     12,50      0,00      7,29      0,00      0,00      0,00      0,00      0,00      0,00     80,21
00:00:11          1     12,63      0,00      6,32      0,00      0,00      0,00      0,00      0,00      0,00     81,05
00:00:11          2     12,63      0,00      5,26      0,00      0,00      0,00      0,00      0,00      0,00     82,11
00:00:11          3     12,24      0,00      8,16      0,00      0,00      3,06      7,14      0,00      0,00     69,39

00:00:11        CPU      %usr     %nice      %sys   %iowait    %steal      %irq     %soft    %guest    %gnice     %idle
00:00:12        all     12,95      0,00      6,99      0,00      0,00      0,78      1,30      0,00      0,00     77,98
00:00:12          0     12,50      0,00      6,25      0,00      0,00      0,00      0,00      0,00      0,00     81,25
00:00:12          1     14,43      0,00      6,19      0,00      0,00      0,00      0,00      0,00      0,00     79,38
00:00:12          2     12,50      0,00      7,29      0,00      0,00      0,00      0,00      0,00      0,00     80,21
00:00:12          3     12,37      0,00      8,25      0,00      0,00      3,09      5,15      0,00      0,00     71,13

00:00:12        CPU      %usr     %nice      %sys   %iowait    %steal      %irq     %soft    %guest    %gnice     %idle
00:00:13        all     14,73      0,00      6,72      0,00      0,00      1,03      2,07      0,00      0,00     75,45
00:00:13          0     13,54      0,00      7,29      0,00      0,00      0,00      1,04      0,00      0,00     78,12
00:00:13          1     15,62      0,00      6,25      0,00      0,00      0,00      0,00      0,00      0,00     78,12
00:00:13          2     16,49      0,00      6,19      0,00      0,00      0,00      0,00      0,00      0,00     77,32
00:00:13          3     13,27      0,00      7,14      0,00      0,00      4,08      7,14      0,00      0,00     68,37

00:00:13        CPU      %usr     %nice      %sys   %iowait    %steal      %irq     %soft    %guest    %gnice     %idle
00:00:14        all     13,32      0,00      7,05      0,00      0,00      1,04      1,57      0,00      0,00     77,02
00:00:14          0     13,68      0,00      6,32      0,00      0,00      0,00      0,00      0,00      0,00     80,00
00:00:14          1     13,40      0,00      8,25      0,00      0,00      0,00      0,00      0,00      0,00     78,35
00:00:14          2     13,54      0,00      6,25      0,00      0,00      1,04      0,00      0,00      0,00     79,17
00:00:14          3     12,63      0,00      7,37      0,00      0,00      3,16      6,32      0,00      0,00     70,53

00:00:14        CPU      %usr     %nice      %sys   %iowait    %steal      %irq     %soft    %guest    %gnice     %idle
00:00:15        all     13,01      0,00      5,87      0,00      0,00      1,28      1,53      0,00      0,00     78,32
00:00:15          0     14,00      0,00      6,00      0,00      0,00      1,00      0,00      0,00      0,00     79,00
00:00:15          1     13,40      0,00      5,15      0,00      0,00      1,03      0,00      0,00      0,00     80,41
00:00:15          2     13,40      0,00      5,15      0,00      0,00      0,00      0,00      0,00      0,00     81,44
00:00:15          3     11,22      0,00      7,14      0,00      0,00      3,06      6,12      0,00      0,00     72,45

00:00:15        CPU      %usr     %nice      %sys   %iowait    %steal      %irq     %soft    %guest    %gnice     %idle
00:00:16        all     13,77      0,00      7,01      0,00      0,00      0,78      1,56      0,00      0,00     76,88
00:00:16          0     13,54      0,00      7,29      0,00      0,00      0,00      0,00      0,00      0,00     79,17
00:00:16          1     14,58      0,00      6,25      0,00      0,00      0,00      0,00      0,00      0,00     79,17
00:00:16          2     15,31      0,00      7,14      0,00      0,00      0,00      0,00      0,00      0,00     77,55
00:00:16          3     11,58      0,00      7,37      0,00      0,00      3,16      6,32      0,00      0,00     71,58

00:00:16        CPU      %usr     %nice      %sys   %iowait    %steal      %irq     %soft    %guest    %gnice     %idle
00:00:17        all     13,25      0,00      5,71      0,00      0,00      0,78      1,30      0,00      0,00     78,96
00:00:17          0     13,40      0,00      6,19      0,00      0,00      0,00      0,00      0,00      0,00     80,41
00:00:17          1     13,54      0,00      5,21      0,00      0,00      0,00      0,00      0,00      0,00     81,25
00:00:17          2     14,58      0,00      4,17      0,00      0,00      0,00      0,00      0,00      0,00     81,25
00:00:17          3     11,46      0,00      7,29      0,00      0,00      3,12      5,21      0,00      0,00     72,92

00:00:17        CPU      %usr     %nice      %sys   %iowait    %steal      %irq     %soft    %guest    %gnice     %idle
00:00:18        all     14,18      0,00      9,02      0,00      0,00      1,03      1,55      0,00      0,00     74,23
00:00:18          0     14,58      0,00      7,29      0,00      0,00      0,00      0,00      0,00      0,00     78,12
00:00:18          1     14,58      0,00      7,29      0,00      0,00      0,00      0,00      0,00      0,00     78,12
00:00:18          2     16,33      0,00      7,14      0,00      0,00      0,00      0,00      0,00      0,00     76,53
00:00:18          3     11,22      0,00     14,29      0,00      0,00      4,08      6,12      0,00      0,00     64,29

00:00:18        CPU      %usr     %nice      %sys   %iowait    %steal      %irq     %soft    %guest    %gnice     %idle
00:00:19        all     12,69      0,00      6,22      0,26      0,00      0,78      1,55      0,00      0,00     78,50
00:00:19          0     14,43      0,00      5,15      0,00      0,00      0,00      0,00      0,00      0,00     80,41
00:00:19          1     13,27      0,00      6,12      1,02      0,00      0,00      0,00      0,00      0,00     79,59
00:00:19          2     11,58      0,00      6,32      0,00      0,00      0,00      0,00      0,00      0,00     82,11
00:00:19          3     11,46      0,00      7,29      0,00      0,00      3,12      6,25      0,00      0,00     71,88

00:00:19        CPU      %usr     %nice      %sys   %iowait    %steal      %irq     %soft    %guest    %gnice     %idle
00:00:20        all     12,28      0,00      6,39      0,00      0,00      1,02      1,28      0,00      0,00     79,03
00:00:20          0     14,29      0,00      5,10      0,00      0,00      0,00      0,00      0,00      0,00     80,61
00:00:20          1     13,00      0,00      7,00      0,00      0,00      1,00      0,00      0,00      0,00     79,00
00:00:20          2     12,24      0,00      7,14      0,00      0,00      0,00      0,00      0,00      0,00     80,61
00:00:20          3      9,47      0,00      6,32      0,00      0,00      3,16      5,26      0,00      0,00     75,79

00:00:20        CPU      %usr     %nice      %sys   %iowait    %steal      %irq     %soft    %guest    %gnice     %idle
00:00:21        all     14,32      0,00      6,25      0,00      0,00      1,30      1,82      0,00      0,00     76,30
00:00:21          0     14,43      0,00      6,19      0,00      0,00      1,03      0,00      0,00      0,00     78,35
00:00:21          1     15,79      0,00      5,26      0,00      0,00      0,00      0,00      0,00      0,00     78,95
00:00:21          2     13,83      0,00      5,32      0,00      0,00      1,06      0,00      0,00      0,00     79,79
00:00:21          3     13,27      0,00      8,16      0,00      0,00      3,06      7,14      0,00      0,00     68,37

00:00:21        CPU      %usr     %nice      %sys   %iowait    %steal      %irq     %soft    %guest    %gnice     %idle
00:00:22        all     12,34      0,00      6,68      0,00      0,00      0,77      1,54      0,00      0,00     78,66
00:00:22          0     13,54      0,00      5,21      0,00      0,00      0,00      0,00      0,00      0,00     81,25
00:00:22          1     12,24      0,00      6,12      0,00      0,00      0,00      1,02      0,00      0,00     80,61
00:00:22          2     12,12      0,00      8,08      0,00      0,00      0,00      0,00      0,00      0,00     79,80
00:00:22          3     11,46      0,00      7,29      0,00      0,00      3,12      5,21      0,00      0,00     72,92

00:00:22        CPU      %usr     %nice      %sys   %iowait    %steal      %irq     %soft    %guest    %gnice     %idle
00:00:23        all      9,61      0,00      5,45      0,00      0,00      0,78      1,30      0,00      0,00     82,86
00:00:23          0     10,42      0,00      5,21      0,00      0,00      0,00      0,00      0,00      0,00     84,38
00:00:23          1     10,31      0,00      6,19      0,00      0,00      0,00      0,00      0,00      0,00     83,51
00:00:23          2     10,53      0,00      4,21      0,00      0,00      0,00      0,00      0,00      0,00     85,26
00:00:23          3      7,22      0,00      6,19      0,00      0,00      3,09      5,15      0,00      0,00     78,35

00:00:23        CPU      %usr     %nice      %sys   %iowait    %steal      %irq     %soft    %guest    %gnice     %idle
00:00:24        all     13,58      0,00      7,05      0,00      0,00      0,78      1,57      0,00      0,00     77,02
00:00:24          0     15,31      0,00      7,14      0,00      0,00      0,00      0,00      0,00      0,00     77,55
00:00:24          1     13,68      0,00      6,32      0,00      0,00      0,00      0,00      0,00      0,00     80,00
00:00:24          2     12,63      0,00      7,37      0,00      0,00      0,00      0,00      0,00      0,00     80,00
00:00:24          3     12,63      0,00      7,37      0,00      0,00      3,16      6,32      0,00      0,00     70,53

00:00:24        CPU      %usr     %nice      %sys   %iowait    %steal      %irq     %soft    %guest    %gnice     %idle
00:00:25        all     10,23      0,00      6,14      0,26      0,00      0,77      1,28      0,00      0,00     81,33
00:00:25          0     10,31      0,00      6,19      0,00      0,00      0,00      0,00      0,00      0,00     83,51
00:00:25          1     10,31      0,00      5,15      1,03      0,00      0,00      0,00      0,00      0,00     83,51
00:00:25          2     11,22      0,00      6,12      0,00      0,00      0,00      0,00      0,00      0,00     82,65
00:00:25          3      9,09      0,00      7,07      0,00      0,00      3,03      5,05      0,00      0,00     75,76

00:00:25        CPU      %usr     %nice      %sys   %iowait    %steal      %irq     %soft    %guest    %gnice     %idle
00:00:26        all     12,47      0,00      7,53      0,00      0,00      0,78      1,56      0,00      0,00     77,66
00:00:26          0     12,77      0,00      6,38      0,00      0,00      0,00      0,00      0,00      0,00     80,85
00:00:26          1     12,50      0,00      7,29      0,00      0,00      0,00      0,00      0,00      0,00     80,21
00:00:26          2     14,29      0,00      6,12      0,00      0,00      0,00      0,00      0,00      0,00     79,59
00:00:26          3     10,31      0,00     10,31      0,00      0,00      3,09      6,19      0,00      0,00     70,10

00:00:26        CPU      %usr     %nice      %sys   %iowait    %steal      %irq     %soft    %guest    %gnice     %idle
00:00:27        all      9,41      0,00      4,07      0,00      0,00      0,76      1,53      0,00      0,00     84,22
00:00:27          0     10,20      0,00      4,08      0,00      0,00      0,00      0,00      0,00      0,00     85,71
00:00:27          1      8,33      0,00      4,17      0,00      0,00      0,00      0,00      0,00      0,00     87,50
00:00:27          2     10,10      0,00      4,04      0,00      0,00      0,00      1,01      0,00      0,00     84,85
00:00:27          3      9,00      0,00      4,00      0,00      0,00      3,00      5,00      0,00      0,00     79,00

00:00:27        CPU      %usr     %nice      %sys   %iowait    %steal      %irq     %soft    %guest    %gnice     %idle
00:00:28        all      9,95      0,00      4,59      0,00      0,00      1,02      1,02      0,00      0,00     83,42
00:00:28          0     10,20      0,00      4,08      0,00      0,00      0,00      0,00      0,00      0,00     85,71
00:00:28          1     11,11      0,00      4,04      0,00      0,00      1,01      0,00      0,00      0,00     83,84
00:00:28          2     10,20      0,00      4,08      0,00      0,00      1,02      0,00      0,00      0,00     84,69
00:00:28          3      8,25      0,00      6,19      0,00      0,00      2,06      4,12      0,00      0,00     79,38

00:00:28        CPU      %usr     %nice      %sys   %iowait    %steal      %irq     %soft    %guest    %gnice     %idle
00:00:29        all      6,65      0,00      3,58      0,00      0,00      0,51      0,77      0,00      0,00     88,49
00:00:29          0      8,16      0,00      3,06      0,00      0,00      0,00      0,00      0,00      0,00     88,78
00:00:29          1      5,21      0,00      4,17      0,00      0,00      0,00      0,00      0,00      0,00     90,62
00:00:29          2      7,14      0,00      3,06      0,00      0,00      0,00      0,00      0,00      0,00     89,80
00:00:29          3      6,06      0,00      4,04      0,00      0,00      2,02      3,03      0,00      0,00     84,85

00:00:29        CPU      %usr     %nice      %sys   %iowait    %steal      %irq     %soft    %guest    %gnice     %idle
00:00:30        all      2,75      0,00      2,25      0,00      0,00      0,50      0,50      0,00      0,00     94,00
00:00:30          0      2,94      0,00      2,94      0,00      0,00      0,98      0,00      0,00      0,00     93,14
00:00:30          1      3,00      0,00      2,00      0,00      0,00      0,00      0,00      0,00      0,00     95,00
00:00:30          2      3,06      0,00      1,02      0,00      0,00      0,00      0,00      0,00      0,00     95,92
00:00:30          3      2,00      0,00      3,00      0,00      0,00      1,00      2,00      0,00      0,00     92,00

00:00:30        CPU      %usr     %nice      %sys   %iowait    %steal      %irq     %soft    %guest    %gnice     %idle
00:00:31        all      4,56      0,00      1,77      0,25      0,00      0,25      0,51      0,00      0,00     92,66
00:00:31          0      4,08      0,00      2,04      0,00      0,00      0,00      0,00      0,00      0,00     93,88
00:00:31          1      5,00      0,00      2,00      1,00      0,00      0,00      0,00      0,00      0,00     92,00
00:00:31          2      5,10      0,00      1,02      0,00      0,00      0,00      0,00      0,00      0,00     93,88
00:00:31          3      4,04      0,00      2,02      0,00      0,00      1,01      2,02      0,00      0,00     90,91

00:00:31        CPU      %usr     %nice      %sys   %iowait    %steal      %irq     %soft    %guest    %gnice     %idle
00:00:32        all      5,34      0,00      2,29      0,00      0,00      0,51      0,51      0,00      0,00     91,35
00:00:32          0      7,07      0,00      2,02      0,00      0,00      0,00      0,00      0,00      0,00     90,91
00:00:32          1      4,12      0,00      2,06      0,00      0,00      0,00      0,00      0,00      0,00     93,81
00:00:32          2      5,05      0,00      3,03      0,00      0,00      0,00      0,00      0,00      0,00     91,92
00:00:32          3      5,10      0,00      2,04      0,00      0,00      2,04      2,04      0,00      0,00     88,78

00:00:32        CPU      %usr     %nice      %sys   %iowait    %steal      %irq     %soft    %guest    %gnice     %idle
00:00:33        all      7,42      0,00      3,58      0,00      0,00      0,51      1,02      0,00      0,00     87,47
00:00:33          0      9,00      0,00      4,00      0,00      0,00      0,00      0,00      0,00      0,00     87,00
00:00:33          1      6,32      0,00      3,16      0,00      0,00      0,00      0,00      0,00      0,00     90,53
00:00:33          2      8,16      0,00      3,06      0,00      0,00      0,00      0,00      0,00      0,00     88,78
00:00:33          3      6,12      0,00      4,08      0,00      0,00      2,04      4,08      0,00      0,00     83,67

00:00:33        CPU      %usr     %nice      %sys   %iowait    %steal      %irq     %soft    %guest    %gnice     %idle
00:00:34        all     10,80      0,00      5,66      0,00      0,00      0,77      1,29      0,00      0,00     81,49
00:00:34          0     11,34      0,00      5,15      0,00      0,00      0,00      0,00      0,00      0,00     83,51
00:00:34          1     10,42      0,00      5,21      0,00      0,00      0,00      0,00      0,00      0,00     84,38
00:00:34          2     12,37      0,00      5,15      0,00      0,00      0,00      0,00      0,00      0,00     82,47
00:00:34          3      9,09      0,00      7,07      0,00      0,00      3,03      5,05      0,00      0,00     75,76

00:00:34        CPU      %usr     %nice      %sys   %iowait    %steal      %irq     %soft    %guest    %gnice     %idle
00:00:35        all     11,72      0,00      6,25      0,00      0,00      0,78      1,30      0,00      0,00     79,95
00:00:35          0     11,58      0,00      5,26      0,00      0,00      0,00      0,00      0,00      0,00     83,16
00:00:35          1     12,37      0,00      6,19      0,00      0,00      0,00      0,00      0,00      0,00     81,44
00:00:35          2     11,46      0,00      6,25      0,00      0,00      0,00      0,00      0,00      0,00     82,29
00:00:35          3     11,46      0,00      7,29      0,00      0,00      3,12      5,21      0,00      0,00     72,92

00:00:35        CPU      %usr     %nice      %sys   %iowait    %steal      %irq     %soft    %guest    %gnice     %idle
00:00:36        all     13,30      0,00      6,65      0,00      0,00      0,77      1,53      0,00      0,00     77,75
00:00:36          0     14,14      0,00      7,07      0,00      0,00      0,00      0,00      0,00      0,00     78,79
00:00:36          1     14,29      0,00      6,12      0,00      0,00      0,00      0,00      0,00      0,00     79,59
00:00:36          2     13,40      0,00      6,19      0,00      0,00      0,00      0,00      0,00      0,00     80,41
00:00:36          3     11,34      0,00      7,22      0,00      0,00      3,09      6,19      0,00      0,00     72,16

00:00:36        CPU      %usr     %nice      %sys   %iowait    %steal      %irq     %soft    %guest    %gnice     %idle
00:00:37        all      7,22      0,00      3,09      0,26      0,00      0,52      0,77      0,00      0,00     88,14
00:00:37          0      7,29      0,00      2,08      0,00      0,00      0,00      0,00      0,00      0,00     90,62
00:00:37          1      8,16      0,00      3,06      1,02      0,00      0,00      0,00      0,00      0,00     87,76
00:00:37          2      6,25      0,00      3,12      0,00      0,00      0,00      0,00      0,00      0,00     90,62
00:00:37          3      7,14      0,00      4,08      0,00      0,00      2,04      3,06      0,00      0,00     83,67

00:00:37        CPU      %usr     %nice      %sys   %iowait    %steal      %irq     %soft    %guest    %gnice     %idle
00:00:38        all      7,36      0,00      3,30      0,00      0,00      0,51      1,27      0,00      0,00     87,56
00:00:38          0      7,14      0,00      3,06      0,00      0,00      0,00      1,02      0,00      0,00     88,78
00:00:38          1      8,16      0,00      3,06      0,00      0,00      0,00      0,00      0,00      0,00     88,78
00:00:38          2      9,00      0,00      4,00      0,00      0,00      0,00      0,00      0,00      0,00     87,00
00:00:38          3      5,10      0,00      3,06      0,00      0,00      2,04      4,08      0,00      0,00     85,71

00:00:38        CPU      %usr     %nice      %sys   %iowait    %steal      %irq     %soft    %guest    %gnice     %idle
00:00:39        all      9,21      0,00      5,37      0,00      0,00      1,28      1,02      0,00      0,00     83,12
00:00:39          0      9,38      0,00      4,17      0,00      0,00      0,00      0,00      0,00      0,00     86,46
00:00:39          1     10,10      0,00      5,05      0,00      0,00      1,01      0,00      0,00      0,00     83,84
00:00:39          2     10,20      0,00      4,08      0,00      0,00      1,02      0,00      0,00      0,00     84,69
00:00:39          3      7,14      0,00      8,16      0,00      0,00      3,06      4,08      0,00      0,00     77,55

00:00:39        CPU      %usr     %nice      %sys   %iowait    %steal      %irq     %soft    %guest    %gnice     %idle
00:00:40        all      9,79      0,00      6,70      0,26      0,00      0,77      1,29      0,00      0,00     81,19
00:00:40          0     10,20      0,00      6,12      1,02      0,00      1,02      0,00      0,00      0,00     81,63
00:00:40          1      9,38      0,00      6,25      0,00      0,00      0,00      0,00      0,00      0,00     84,38
00:00:40          2     10,31      0,00      5,15      0,00      0,00      0,00      0,00      0,00      0,00     84,54
00:00:40          3      9,28      0,00      9,28      0,00      0,00      2,06      5,15      0,00      0,00     74,23

00:00:40        CPU      %usr     %nice      %sys   %iowait    %steal      %irq     %soft    %guest    %gnice     %idle
00:00:41        all      2,77      0,00      2,77      0,00      0,00      0,25      0,25      0,00      0,00     93,95
00:00:41          0      4,00      0,00      2,00      0,00      0,00      0,00      0,00      0,00      0,00     94,00
00:00:41          1      2,04      0,00      2,04      0,00      0,00      0,00      0,00      0,00      0,00     95,92
00:00:41          2      3,00      0,00      2,00      0,00      0,00      0,00      0,00      0,00      0,00     95,00
00:00:41          3      2,02      0,00      5,05      0,00      0,00      1,01      1,01      0,00      0,00     90,91

00:00:41        CPU      %usr     %nice      %sys   %iowait    %steal      %irq     %soft    %guest    %gnice     %idle
00:00:42        all     11,14      0,00      6,48      0,00      0,00      0,78      1,55      0,00      0,00     80,05
00:00:42          0     10,53      0,00      6,32      0,00      0,00      0,00      0,00      0,00      0,00     83,16
00:00:42          1     12,37      0,00      6,19      0,00      0,00      0,00      0,00      0,00      0,00     81,44
00:00:42          2     10,53      0,00      6,32      0,00      0,00      0,00      0,00      0,00      0,00     83,16
00:00:42          3     11,11      0,00      7,07      0,00      0,00      3,03      6,06      0,00      0,00     72,73

00:00:42        CPU      %usr     %nice      %sys   %iowait    %steal      %irq     %soft    %guest    %gnice     %idle
00:00:43        all     12,08      0,00      5,91      0,00      0,00      0,77      1,29      0,00      0,00     79,95
00:00:43          0     12,50      0,00      5,21      0,00      0,00      0,00      0,00      0,00      0,00     82,29
00:00:43          1     12,24      0,00      7,14      0,00      0,00      0,00      0,00      0,00      0,00     80,61
00:00:43          2     12,37      0,00      5,15      0,00      0,00      0,00      0,00      0,00      0,00     82,47
00:00:43          3     11,22      0,00      6,12      0,00      0,00      3,06      5,10      0,00      0,00     74,49

Média:         CPU      %usr     %nice      %sys   %iowait    %steal      %irq     %soft    %guest    %gnice     %idle
Média:         all     11,28      0,03      6,05      0,08      0,00      0,84      1,38      0,00      0,00     80,35
Média:           0     11,78      0,02      5,62      0,05      0,00      0,14      0,05      0,00      0,00     82,34
Média:           1     11,57      0,03      5,74      0,19      0,00      0,14      0,03      0,00      0,00     82,29
Média:           2     11,65      0,03      5,64      0,02      0,00      0,12      0,03      0,00      0,00     82,50
Média:           3     10,14      0,02      7,17      0,05      0,00      2,95      5,38      0,00      0,00     74,30
